5.736430971951682611e-01 1.606480529839121041e-01 -6.283812173727955042e+02
-5.946370001067416977e-01 2.233048241801648182e+00 2.355528661100818599e+00
-6.115672599696924013e-04 9.924769605709148589e-04 1.000000000000000000e+00
DSC_8306.JPG_max_x: 1307.04
DSC_8306.JPG_min_x: 107.654
DSC_8306.JPG_max_y: 1344.31
DSC_8306.JPG_min_y: 610.371
DSC_8338.JPG_max_x: 318.266
DSC_8338.JPG_min_x: 18.8985
DSC_8338.JPG_max_y: 1430.44
DSC_8338.JPG_min_y: 820.294
