3.270754780265074935e+00 7.885623444455438502e-01 -2.203069785414766102e+03
-2.521759553394732345e-01 3.982365043970428342e+00 -3.336878560501218999e+03
-1.247467883515825159e-04 8.144176749529968189e-04 1.000000000000000000e+00
DSC_8262.JPG_max_x: 1032.25
DSC_8262.JPG_min_x: 569.87
DSC_8262.JPG_max_y: 1818.87
DSC_8262.JPG_min_y: 881.406
DSC_8329.JPG_max_x: 1109.85
DSC_8329.JPG_min_x: 372.391
DSC_8329.JPG_max_y: 1561.91
DSC_8329.JPG_min_y: 15.0689
