3.006578231709630677e-01 -3.493629728346379637e-01 9.741775577999314919e+02
4.420782890350601763e-02 2.071467041507795218e-02 1.114611065556206086e+03
-4.675609009639671715e-05 -2.546984283633331740e-04 1.000000000000000000e+00
DSC_8407.JPG_max_x: 625.562
DSC_8407.JPG_min_x: 46.7076
DSC_8407.JPG_max_y: 1585.52
DSC_8407.JPG_min_y: 15.3563
DSC_8440.JPG_max_x: 1164.67
DSC_8440.JPG_min_x: 733.703
DSC_8440.JPG_max_y: 1935.33
DSC_8440.JPG_min_y: 1151.49
