6.375394474669435763e-01 -2.240397542418727794e-01 -1.516124795614796312e+02
8.306493029809526238e-03 9.887471158216053213e-02 1.057817395568837128e+03
-2.649931300542620260e-05 -3.625397249813402533e-04 1.000000000000000000e+00
DSC_8323.JPG_max_x: 1269.5
DSC_8323.JPG_min_x: 447.552
DSC_8323.JPG_max_y: 773.822
DSC_8323.JPG_min_y: 334.577
DSC_8412.JPG_max_x: 702.058
DSC_8412.JPG_min_x: 49.5065
DSC_8412.JPG_max_y: 1620.95
DSC_8412.JPG_min_y: 1257.62
