5.670561631797400581e-01 -3.382393938353563390e-01 1.230443041598960235e+03
9.084654682996702590e-02 7.701344928989614091e-01 1.087547507061379015e+01
-1.748068224096878290e-04 1.207165608241735612e-06 1.000000000000000000e+00
DSC_8311.JPG_max_x: 397.701
DSC_8311.JPG_min_x: 86.1021
DSC_8311.JPG_max_y: 984.558
DSC_8311.JPG_min_y: 143.461
DSC_8455.JPG_max_x: 1330.43
DSC_8455.JPG_min_x: 1021.25
DSC_8455.JPG_max_y: 801.593
DSC_8455.JPG_min_y: 137.402
