6.197108805849719237e-01 -1.141207836558638389e-01 4.303277850539940346e+02
1.234043509612117728e-02 4.724615852302201935e-01 5.039889480558881587e+02
-1.655875865836458493e-06 -1.002987259963249546e-04 1.000000000000000000e+00
DSC_8238.JPG_max_x: 1317.65
DSC_8238.JPG_min_x: 132.462
DSC_8238.JPG_max_y: 1532.27
DSC_8238.JPG_min_y: 728.463
DSC_8430.JPG_max_x: 1249.23
DSC_8430.JPG_min_x: 278.056
DSC_8430.JPG_max_y: 1544.06
DSC_8430.JPG_min_y: 932.408
