6.543948663819542766e+00 2.279676752872491718e+00 -3.567138519460590032e+03
4.436051861367623639e-01 8.021189561599459950e+00 -1.097270929093413542e+04
-3.356087153761917724e-05 3.261503802113015129e-03 1.000000000000000000e+00
DSC_8400.JPG_max_x: 1021.9
DSC_8400.JPG_min_x: 51.2539
DSC_8400.JPG_max_y: 1938.68
DSC_8400.JPG_min_y: 1410.58
DSC_8401.JPG_max_x: 1078.05
DSC_8401.JPG_min_x: 44.0036
DSC_8401.JPG_max_y: 662.838
DSC_8401.JPG_min_y: 111.877
