-7.159662578138749067e-01 -1.205473756963256066e-01 9.774526991894280172e+02
-4.953779268262807345e-01 -1.102862702185244848e+00 1.725513111433815538e+03
-7.706849115571355428e-04 -3.077510518595401963e-04 1.000000000000000000e+00
DSC_8198.JPG_max_x: 1313.07
DSC_8198.JPG_min_x: 76.8946
DSC_8198.JPG_max_y: 1151.73
DSC_8198.JPG_min_y: 1017.23
DSC_8449.JPG_max_x: 1246.75
DSC_8449.JPG_min_x: 8.44305
DSC_8449.JPG_max_y: 944.719
DSC_8449.JPG_min_y: 105.467
