5.045479359307063305e+01 -1.194783448043013436e+02 -4.246917699442100457e+03
7.251902486658114810e+01 -2.377817340663911807e+02 4.289280480114956845e+03
5.705963814090803110e-02 -1.772349336964989530e-01 1.000000000000000000e+00
DSC_8255.JPG_max_x: 1185.21
DSC_8255.JPG_min_x: 104.961
DSC_8255.JPG_max_y: 1648.85
DSC_8255.JPG_min_y: 85.2324
DSC_8336.JPG_max_x: 1218.59
DSC_8336.JPG_min_x: 456.262
DSC_8336.JPG_max_y: 1474.7
DSC_8336.JPG_min_y: 1187.84
