4.484961202665568969e+00 4.637097997167842489e-02 -5.015442670621836442e+03
4.324846244252505967e-01 4.568121503401334493e+00 -3.267891603400140866e+03
3.813062779558790551e-04 -4.741290849414040354e-05 1.000000000000000000e+00
DSC_8194.JPG_max_x: 1330.81
DSC_8194.JPG_min_x: 1115.17
DSC_8194.JPG_max_y: 1210.04
DSC_8194.JPG_min_y: 669.024
DSC_8386.JPG_max_x: 679.878
DSC_8386.JPG_min_x: 21.3523
DSC_8386.JPG_max_y: 1969.83
DSC_8386.JPG_min_y: 228.923
