2.874894258082889009e-01 -5.770381140134013265e-01 7.051105473697856496e+02
2.447761845982024120e-01 -8.718339384673284842e-01 1.532886884403591694e+03
7.059177838321967105e-05 -6.377160285966084570e-04 1.000000000000000000e+00
DSC_8213.JPG_max_x: 703.103
DSC_8213.JPG_min_x: 137.011
DSC_8213.JPG_max_y: 976.161
DSC_8213.JPG_min_y: 647.568
DSC_8426.JPG_max_x: 805.649
DSC_8426.JPG_min_x: 514.635
DSC_8426.JPG_max_y: 1979.58
DSC_8426.JPG_min_y: 1705.89
