3.687305453147057932e+00 1.139074144115165055e+00 -1.572336391161063830e+03
7.795878078480199258e-02 4.399884152295022943e+00 -4.683430177856600494e+03
-7.878280090099137593e-06 1.719596460892407891e-03 1.000000000000000000e+00
DSC_8446.JPG_max_x: 958.113
DSC_8446.JPG_min_x: 94.5331
DSC_8446.JPG_max_y: 1933.25
DSC_8446.JPG_min_y: 1242.3
DSC_8447.JPG_max_x: 1018.75
DSC_8447.JPG_min_x: 199.791
DSC_8447.JPG_max_y: 891.266
DSC_8447.JPG_min_y: 264.522
