1.175365569901853569e+01 6.830316729449079638e+00 -1.880269523640988336e+04
-4.082038651083926162e+00 1.244277966745788966e+01 -1.094249080549199061e+04
1.395514466440588453e-03 4.565701833551824053e-03 9.999999999999998890e-01
DSC_8222.JPG_max_x: 1276.64
DSC_8222.JPG_min_x: 618.569
DSC_8222.JPG_max_y: 1926.19
DSC_8222.JPG_min_y: 1395.67
DSC_8225.JPG_max_x: 793.511
DSC_8225.JPG_min_x: 125.123
DSC_8225.JPG_max_y: 938.12
DSC_8225.JPG_min_y: 283.817
