8.130061193685322873e-01 -1.343020631691135558e-01 3.499613550022781965e+02
-1.530056456877366966e-01 5.620184189629292421e-02 7.577242916227817204e+02
-8.772032847572866629e-05 -3.441030693034481344e-04 1.000000000000000000e+00
DSC_8202.JPG_max_x: 755.234
DSC_8202.JPG_min_x: 95.1695
DSC_8202.JPG_max_y: 1471.22
DSC_8202.JPG_min_y: 728.431
DSC_8430.JPG_max_x: 1322.95
DSC_8430.JPG_min_x: 470.327
DSC_8430.JPG_max_y: 1662.28
DSC_8430.JPG_min_y: 977.301
