7.206625282466595506e-01 3.388218815977149245e-01 -1.028257145059788229e+02
-5.086326355480930150e-02 7.883301327436961214e-01 7.645529601418202503e+01
1.495410787389485179e-04 -1.705706341873722287e-04 1.000000000000000000e+00
DSC_8413.JPG_max_x: 1250.8
DSC_8413.JPG_min_x: 117.338
DSC_8413.JPG_max_y: 597.832
DSC_8413.JPG_min_y: 131.706
DSC_8455.JPG_max_x: 916.862
DSC_8455.JPG_min_x: 77.3388
DSC_8455.JPG_max_y: 543.719
DSC_8455.JPG_min_y: 149.914
