9.540446193291852728e-01 -7.708600564259079913e-02 4.798033129602624314e+01
8.400313411045312595e-02 9.296430405082323212e-01 6.744505981948456963e+01
1.572549685490636873e-04 5.194620640938247923e-05 1.000000000000000000e+00
DSC_8353.JPG_max_x: 1328.91
DSC_8353.JPG_min_x: 10.4862
DSC_8353.JPG_max_y: 1162.58
DSC_8353.JPG_min_y: 80.7926
DSC_8367.JPG_max_x: 1065.98
DSC_8367.JPG_min_x: 16.6057
DSC_8367.JPG_max_y: 1060.85
DSC_8367.JPG_min_y: 174.106
