-2.637350171416782615e-02 -6.579275811082538339e-02 1.390245035041448602e+02
-6.970260227768144967e-02 -2.669671969976153414e-01 5.372585811447671631e+02
-1.072867014228627471e-04 -5.053801737331874936e-04 1.000000000000000000e+00
DSC_8208.JPG_max_x: 1278.32
DSC_8208.JPG_min_x: 702.046
DSC_8208.JPG_max_y: 1990.06
DSC_8208.JPG_min_y: 1589.65
DSC_8325.JPG_max_x: 426.709
DSC_8325.JPG_min_x: 6.7097
DSC_8325.JPG_max_y: 688.39
DSC_8325.JPG_min_y: 211.357
