-3.854214573944007016e-01 -3.035233694926723347e-01 4.973572043901511393e+02
-2.564867004840596931e-01 -1.013918994340495372e+00 5.745091350191918309e+02
-6.769307869673772899e-04 -1.182480217880441413e-03 1.000000000000000000e+00
DSC_8365.JPG_max_x: 1134.71
DSC_8365.JPG_min_x: 627.988
DSC_8365.JPG_max_y: 537.544
DSC_8365.JPG_min_y: 336.701
DSC_8415.JPG_max_x: 851.471
DSC_8415.JPG_min_x: 17.078
DSC_8415.JPG_max_y: 743.225
DSC_8415.JPG_min_y: 369.723
