1.391704826432923203e-01 8.144191142887168000e-02 5.043309570139472271e+02
-7.720670881191123158e-02 6.715870889731062610e-01 8.267579056674793492e+01
-3.446526074747695225e-04 3.325340480832875666e-04 1.000000000000000000e+00
DSC_8307.JPG_max_x: 1252.72
DSC_8307.JPG_min_x: 260.848
DSC_8307.JPG_max_y: 710.734
DSC_8307.JPG_min_y: 209.762
DSC_8397.JPG_max_x: 987.591
DSC_8397.JPG_min_x: 546.664
DSC_8397.JPG_max_y: 548.398
DSC_8397.JPG_min_y: 199.709
