6.170813258680055702e-01 1.598079362807988124e-01 4.314368010899876822e+02
-1.768383319142421417e-01 8.691844940683206566e-01 3.108502655607850329e+02
-1.337421040778633875e-04 8.646293157633067018e-05 9.999999999999998890e-01
DSC_8226.JPG_max_x: 1056.39
DSC_8226.JPG_min_x: 145.397
DSC_8226.JPG_max_y: 1884.59
DSC_8226.JPG_min_y: 417.016
DSC_8242.JPG_max_x: 1305.46
DSC_8242.JPG_min_x: 667.296
DSC_8242.JPG_max_y: 1686.97
DSC_8242.JPG_min_y: 561.606
