7.852842515596346606e-01 -3.335102584283061167e-01 3.314013079065869078e+02
-1.108237074160637325e-01 6.119604129907797452e-01 3.209812962636397629e+02
-3.002784564608157401e-05 -1.703940967876260996e-04 1.000000000000000000e+00
DSC_8352.JPG_max_x: 1323.65
DSC_8352.JPG_min_x: 487.312
DSC_8352.JPG_max_y: 1418.63
DSC_8352.JPG_min_y: 815.672
DSC_8452.JPG_max_x: 1313.98
DSC_8452.JPG_min_x: 369.866
DSC_8452.JPG_max_y: 1443.55
DSC_8452.JPG_min_y: 827.082
