1.337604581199038245e+00 1.453301922254076062e-01 -6.141153371594791679e+02
-6.183327455408725581e-02 1.602749154555315636e+00 -1.210844330620958090e+03
-1.198929435337378721e-04 5.059104424547508291e-04 9.999999999999998890e-01
DSC_8244.JPG_max_x: 1237.26
DSC_8244.JPG_min_x: 422.724
DSC_8244.JPG_max_y: 1613.08
DSC_8244.JPG_min_y: 1303.92
DSC_8457.JPG_max_x: 802.804
DSC_8457.JPG_min_x: 91.7038
DSC_8457.JPG_max_y: 768.41
DSC_8457.JPG_min_y: 531.408
