9.811174970581577615e-01 -3.156767663018232306e-01 1.618671433442235355e+02
-3.325351942307103875e-02 3.919634623761258374e-01 1.100765068132707711e+03
-4.732898574353471580e-05 -3.866674973603647964e-04 1.000000000000000000e+00
DSC_8365.JPG_max_x: 864.515
DSC_8365.JPG_min_x: 220.079
DSC_8365.JPG_max_y: 633.894
DSC_8365.JPG_min_y: 16.4948
DSC_8416.JPG_max_x: 1122.28
DSC_8416.JPG_min_x: 370.84
DSC_8416.JPG_max_y: 1836.61
DSC_8416.JPG_min_y: 1128.63
