2.096990474458499953e+00 6.443415085574225598e-01 -1.028064549660893363e+03
-2.818143918531546555e-01 3.175061446950274924e+00 -2.398035933541470968e+03
-7.417352156765511483e-04 8.866992027163754942e-04 1.000000000000000000e+00
DSC_8278.JPG_max_x: 963.947
DSC_8278.JPG_min_x: 506.516
DSC_8278.JPG_max_y: 1641.07
DSC_8278.JPG_min_y: 856.233
DSC_8439.JPG_max_x: 1322.1
DSC_8439.JPG_min_x: 498.805
DSC_8439.JPG_max_y: 1422.57
DSC_8439.JPG_min_y: 94.4337
