7.378081189792454753e-01 -1.992128737787034892e-02 6.377532297573774400e+01
1.536676381259196589e-01 6.470648883384443328e-01 5.141137592531467817e+02
1.290516861938737305e-04 -1.982026086028041841e-05 1.000000000000000000e+00
DSC_8334.JPG_max_x: 1328.64
DSC_8334.JPG_min_x: 389.864
DSC_8334.JPG_max_y: 1864.06
DSC_8334.JPG_min_y: 747.072
DSC_8364.JPG_max_x: 894.527
DSC_8364.JPG_min_x: 327.69
DSC_8364.JPG_max_y: 1706.07
DSC_8364.JPG_min_y: 1023.45
