3.560896354185657753e+00 -6.555198940151445164e-02 -3.791925690934975592e+03
1.809015525673042468e+00 3.307969095330527853e+00 -2.404052943913592117e+03
1.645562358389497486e-03 -2.086514523429269959e-04 1.000000000000000000e+00
DSC_8196.JPG_max_x: 1327.91
DSC_8196.JPG_min_x: 1093.39
DSC_8196.JPG_max_y: 1602.87
DSC_8196.JPG_min_y: 794.036
DSC_8376.JPG_max_x: 300.145
DSC_8376.JPG_min_x: 3.95543
DSC_8376.JPG_max_y: 1875.74
DSC_8376.JPG_min_y: 844.637
