2.178130223431756551e+00 1.344960555425463999e-01 -6.340898429679066339e+02
-9.014886318871917492e-02 2.336238983657111579e+00 -2.010194044026486154e+03
-9.388885489683048422e-05 1.608910797092833920e-04 1.000000000000000000e+00
DSC_8360.JPG_max_x: 683.663
DSC_8360.JPG_min_x: 182.314
DSC_8360.JPG_max_y: 1960.94
DSC_8360.JPG_min_y: 932.298
DSC_8386.JPG_max_x: 901.467
DSC_8386.JPG_min_x: 11.0984
DSC_8386.JPG_max_y: 1978.25
DSC_8386.JPG_min_y: 104.902
