5.934293053165450027e-02 -1.706876337465878732e-02 1.118599361165913251e+03
-8.989395907733200852e-01 1.220929065735764985e+00 1.155103062139081649e+00
-9.948258731871896174e-04 2.688624920475564286e-04 1.000000000000000000e+00
DSC_8276.JPG_max_x: 497.071
DSC_8276.JPG_min_x: 51.3885
DSC_8276.JPG_max_y: 1534.56
DSC_8276.JPG_min_y: 482.213
DSC_8294.JPG_max_x: 1317.12
DSC_8294.JPG_min_x: 574.668
DSC_8294.JPG_max_y: 1496.28
DSC_8294.JPG_min_y: 500.89
