-2.589439607102750340e-02 -3.397168264360277412e-01 5.722772785268447251e+02
1.310421878299748988e-01 -3.303521201053873785e-02 2.587903692602192223e+02
-2.339291308397611609e-04 -6.666983382659549253e-04 1.000000000000000000e+00
DSC_8200.JPG_max_x: 657.727
DSC_8200.JPG_min_x: 104.815
DSC_8200.JPG_max_y: 1133.87
DSC_8200.JPG_min_y: 893.022
DSC_8282.JPG_max_x: 1186.71
DSC_8282.JPG_min_x: 629.045
DSC_8282.JPG_max_y: 1549.39
DSC_8282.JPG_min_y: 597.098
