3.607740324135755738e+00 3.549948626482239411e-01 -7.026986565802111500e+02
4.690823564405672275e-01 4.141745729114429508e+00 -1.982427467155362365e+03
2.945097405876356865e-04 6.836297703356006977e-04 1.000000000000000000e+00
DSC_8232.JPG_max_x: 907.21
DSC_8232.JPG_min_x: 124.687
DSC_8232.JPG_max_y: 1656.3
DSC_8232.JPG_min_y: 693.314
DSC_8404.JPG_max_x: 1314.95
DSC_8404.JPG_min_x: 50.7468
DSC_8404.JPG_max_y: 1913.93
DSC_8404.JPG_min_y: 715.299
