1.853224885356783980e-01 -2.408640842754228850e-01 5.287633650606854872e+02
-2.936555081570065354e-02 2.826082262323916794e-01 1.473343015366011457e+02
-3.400283731246954520e-04 -1.923074142466777727e-04 1.000000000000000000e+00
DSC_8287.JPG_max_x: 888.141
DSC_8287.JPG_min_x: 188.702
DSC_8287.JPG_max_y: 847.099
DSC_8287.JPG_min_y: 87.1283
DSC_8337.JPG_max_x: 949.446
DSC_8337.JPG_min_x: 546.441
DSC_8337.JPG_max_y: 517.667
DSC_8337.JPG_min_y: 192.856
