-2.279199236970845810e-01 -8.080301759544096241e-01 8.674157407576494734e+02
-1.276888364880376658e-01 -1.094120766047960602e+00 1.144273654881298626e+03
-2.119607569866295994e-04 -9.448755243621014509e-04 9.999999999999998890e-01
DSC_8235.JPG_max_x: 1304.8
DSC_8235.JPG_min_x: 96.3635
DSC_8235.JPG_max_y: 1065.06
DSC_8235.JPG_min_y: 367.625
DSC_8398.JPG_max_x: 859.127
DSC_8398.JPG_min_x: 559.579
DSC_8398.JPG_max_y: 1772.71
DSC_8398.JPG_min_y: 1153.97
