-8.737173381789428817e+00 3.515918828516411310e+01 -3.070242387220709861e+04
-2.670112286954501002e+01 3.876929022007852410e+01 -2.343320465429905744e+04
-4.395321556879097646e-02 3.186914383576283649e-02 1.000000000000000000e+00
DSC_8218.JPG_max_x: 793.28
DSC_8218.JPG_min_x: 7.56417
DSC_8218.JPG_max_y: 1932.58
DSC_8218.JPG_min_y: 871.813
DSC_8363.JPG_max_x: 1017.39
DSC_8363.JPG_min_x: 132.422
DSC_8363.JPG_max_y: 1034.14
DSC_8363.JPG_min_y: 375.691
