2.141555269375705173e+00 9.848476976007739525e-01 1.267208978432270214e+03
-1.677239766425034639e-01 5.612656003323650111e+00 -5.159222540147762629e+03
-1.621833970999155038e-03 1.910074722401024954e-03 9.999999999999998890e-01
DSC_8246.JPG_max_x: 562.646
DSC_8246.JPG_min_x: 10.4258
DSC_8246.JPG_max_y: 1721.05
DSC_8246.JPG_min_y: 1138.88
DSC_8327.JPG_max_x: 1307.69
DSC_8327.JPG_min_x: 726.883
DSC_8327.JPG_max_y: 1149.57
DSC_8327.JPG_min_y: 461.126
