-8.424321424322028795e-01 4.278234653535035181e-01 5.030708493917254600e+02
-2.134540847298415756e+00 7.240015910515544828e-01 1.333623885690366251e+03
-1.526187098077407770e-03 3.738806658418327789e-04 9.999999999999998890e-01
DSC_8367.JPG_max_x: 1167.07
DSC_8367.JPG_min_x: 369.81
DSC_8367.JPG_max_y: 460.814
DSC_8367.JPG_min_y: 196.024
DSC_8446.JPG_max_x: 890.226
DSC_8446.JPG_min_x: 480.124
DSC_8446.JPG_max_y: 1598.92
DSC_8446.JPG_min_y: 1273.08
