-1.423556547070941036e+00 -2.200555915267899731e+00 2.370310928929358852e+03
1.240945300578903260e-01 -2.681416226133005676e+00 3.121798250723105411e+03
5.802082293733937853e-04 -2.869487640262890875e-03 1.000000000000000000e+00
DSC_8270.JPG_max_x: 1272.11
DSC_8270.JPG_min_x: 472.456
DSC_8270.JPG_max_y: 1705.63
DSC_8270.JPG_min_y: 1208.33
DSC_8321.JPG_max_x: 1069.44
DSC_8321.JPG_min_x: 471.845
DSC_8321.JPG_max_y: 589.761
DSC_8321.JPG_min_y: 16.3527
