-4.977676751573083536e+00 -1.018971342401012059e+00 4.773445033429992691e+03
-3.387464567016258421e+00 8.125737613016766892e-01 -6.858167734688183828e+02
-5.984397206803646931e-03 3.705889851846780585e-03 1.000000000000000000e+00
DSC_8217.JPG_max_x: 1323.46
DSC_8217.JPG_min_x: 869.286
DSC_8217.JPG_max_y: 1029.68
DSC_8217.JPG_min_y: 194.708
DSC_8401.JPG_max_x: 922.474
DSC_8401.JPG_min_x: 35.1375
DSC_8401.JPG_max_y: 1391.59
DSC_8401.JPG_min_y: 862.606
