8.081748425794232915e-01 -2.638105275807095876e-02 -3.303309752226996920e+02
-3.846475549574832759e-02 9.154649724693916246e-01 2.501078162019833329e+01
-1.275996382755183449e-04 2.353064503674834459e-04 1.000000000000000000e+00
DSC_8323.JPG_max_x: 1269.5
DSC_8323.JPG_min_x: 494.255
DSC_8323.JPG_max_y: 935.513
DSC_8323.JPG_min_y: 97.8036
DSC_8413.JPG_max_x: 726.406
DSC_8413.JPG_min_x: 23.5158
DSC_8413.JPG_max_y: 764.708
DSC_8413.JPG_min_y: 102.501
