3.373449150868345292e+00 -1.025827841056881629e-01 -9.948177686140240894e+02
6.724150923753501319e-01 3.138909398142657015e+00 -2.628490652326519921e+03
5.327451061603829434e-04 7.331314340600692577e-05 1.000000000000000000e+00
DSC_8364.JPG_max_x: 1099.77
DSC_8364.JPG_min_x: 330.81
DSC_8364.JPG_max_y: 1562.7
DSC_8364.JPG_min_y: 1027.08
DSC_8448.JPG_max_x: 1297.85
DSC_8448.JPG_min_x: 8.19525
DSC_8448.JPG_max_y: 1882.32
DSC_8448.JPG_min_y: 698.859
