3.949241960888233982e-01 1.128141079111809053e-01 7.964755138657494626e+02
-1.921750199980959972e-01 8.381469485077915893e-01 1.052304876842014494e+02
-2.454396292621193734e-04 1.599227182060361518e-04 1.000000000000000000e+00
DSC_8230.JPG_max_x: 879.108
DSC_8230.JPG_min_x: 348.311
DSC_8230.JPG_max_y: 1896.03
DSC_8230.JPG_min_y: 533.389
DSC_8276.JPG_max_x: 1326.5
DSC_8276.JPG_min_x: 969.768
DSC_8276.JPG_max_y: 1384.8
DSC_8276.JPG_min_y: 513.634
