1.686579447597313708e+00 -1.119000925345279597e-02 -4.300425537519729460e+02
-1.026321687967970686e-01 1.731718851120690683e+00 -7.005566123920787049e+02
-1.042954774883891362e-04 -2.844341522546105182e-05 1.000000000000000000e+00
DSC_8220.JPG_max_x: 810.173
DSC_8220.JPG_min_x: 266.414
DSC_8220.JPG_max_y: 1461.06
DSC_8220.JPG_min_y: 748.489
DSC_8252.JPG_max_x: 1037.76
DSC_8252.JPG_min_x: 20.0929
DSC_8252.JPG_max_y: 1957.35
DSC_8252.JPG_min_y: 578.377
