1.376351301040471542e+00 3.725857614775791027e-01 -1.190550738952134225e+03
1.167179961572125529e-01 1.071964115381792704e+00 1.456500951930800056e+02
5.587496847748558374e-04 -1.155820415851542440e-04 9.999999999999998890e-01
DSC_8443.JPG_max_x: 1318.26
DSC_8443.JPG_min_x: 709.164
DSC_8443.JPG_max_y: 974.449
DSC_8443.JPG_min_y: 513.896
DSC_8457.JPG_max_x: 511.614
DSC_8457.JPG_min_x: 53.0082
DSC_8457.JPG_max_y: 991.05
DSC_8457.JPG_min_y: 561.053
