1.417703369739881092e+00 4.570634254666983837e-02 -1.617090081869552250e+03
3.776114184605970370e-01 1.460774794043464775e+00 -4.045542746123848588e+02
4.061747354030567875e-04 -2.225762865493967306e-05 1.000000000000000000e+00
DSC_8194.JPG_max_x: 1327.44
DSC_8194.JPG_min_x: 1115.17
DSC_8194.JPG_max_y: 1266.26
DSC_8194.JPG_min_y: 662.576
DSC_8216.JPG_max_x: 214.368
DSC_8216.JPG_min_x: 5.00906
DSC_8216.JPG_max_y: 1287.63
DSC_8216.JPG_min_y: 694.381
