8.050664292472969885e-01 -1.338884023095837095e-01 7.576281400655359732e+01
8.201592018365136405e-02 3.152851861174987280e-01 1.110441376932987168e+03
3.215242207626769447e-05 -3.210830634851311624e-04 1.000000000000000000e+00
DSC_8367.JPG_max_x: 1327.12
DSC_8367.JPG_min_x: 16.6057
DSC_8367.JPG_max_y: 804.588
DSC_8367.JPG_min_y: 166.611
DSC_8396.JPG_max_x: 1186.72
DSC_8396.JPG_min_x: 28.3563
DSC_8396.JPG_max_y: 1858.57
DSC_8396.JPG_min_y: 1246.39
