1.042376147223107230e+00 -2.754438164436724956e-01 1.112421646840445646e+03
2.319374460542001637e-01 1.451733487117201848e+00 -1.510211931273415757e+02
-1.988629520370935365e-04 2.340452398069470046e-04 1.000000000000000000e+00
DSC_8311.JPG_max_x: 415.566
DSC_8311.JPG_min_x: 137.72
DSC_8311.JPG_max_y: 914.54
DSC_8311.JPG_min_y: 521.204
DSC_8325.JPG_max_x: 1280.94
DSC_8325.JPG_min_x: 975.587
DSC_8325.JPG_max_y: 1123.62
DSC_8325.JPG_min_y: 606.516
