1.018633536487989266e+00 1.301559168043117665e-01 -4.262450843724463567e+01
3.764441852604948069e-02 9.283963284235535740e-01 -1.556818054514232870e+02
2.271772271466929042e-04 -2.622406832830162894e-06 1.000000000000000000e+00
DSC_8333.JPG_max_x: 1099.35
DSC_8333.JPG_min_x: 44.1831
DSC_8333.JPG_max_y: 1590.17
DSC_8333.JPG_min_y: 507.886
DSC_8349.JPG_max_x: 918.926
DSC_8349.JPG_min_x: 134.464
DSC_8349.JPG_max_y: 1186.48
DSC_8349.JPG_min_y: 283.492
