2.553164601633908237e+00 3.361078095754284345e-02 -2.144759129460491749e+03
6.018288129463846836e-01 2.232347628362572944e+00 -1.055819102160496186e+03
5.965202494780478268e-04 8.491647191517483683e-06 1.000000000000000000e+00
DSC_8218.JPG_max_x: 1327.99
DSC_8218.JPG_min_x: 1077.03
DSC_8218.JPG_max_y: 1181.72
DSC_8218.JPG_min_y: 749.321
DSC_8334.JPG_max_x: 713.388
DSC_8334.JPG_min_x: 384.282
DSC_8334.JPG_max_y: 1322.62
DSC_8334.JPG_min_y: 770.989
