9.301397029894875601e-02 -4.112206239542125497e-01 3.521371856361683967e+02
9.808065213910265034e-02 -6.162070200903907446e-01 5.293166949880137508e+02
1.463024921905107698e-04 -1.162104917139331886e-03 1.000000000000000000e+00
DSC_8348.JPG_max_x: 1318.24
DSC_8348.JPG_min_x: 15.1002
DSC_8348.JPG_max_y: 1255.98
DSC_8348.JPG_min_y: 790.774
DSC_8449.JPG_max_x: 1259.27
DSC_8449.JPG_min_x: 26.2546
DSC_8449.JPG_max_y: 1026.62
DSC_8449.JPG_min_y: 201.222
