8.959567746791627374e-02 -3.483275002508581103e-02 9.468322781100596330e+02
-3.514248652417648611e-01 3.747857720854522734e-01 7.062957047811844404e+02
-3.503952403956493320e-04 -1.740951610009293168e-05 1.000000000000000000e+00
DSC_8226.JPG_max_x: 635.019
DSC_8226.JPG_min_x: 179.661
DSC_8226.JPG_max_y: 1821.59
DSC_8226.JPG_min_y: 1457.84
DSC_8444.JPG_max_x: 1266.65
DSC_8444.JPG_min_x: 998.378
DSC_8444.JPG_max_y: 1490.93
DSC_8444.JPG_min_y: 1310.31
