3.218043803578247708e+00 -1.240412022479371501e+01 1.201905607425202334e+03
1.299423935945525521e+01 -4.526557871525798760e+01 5.336994038012308920e+03
-1.723094497379834208e-02 -1.731601394510458997e-02 1.000000000000000000e+00
DSC_8355.JPG_max_x: 1275.43
DSC_8355.JPG_min_x: 869.31
DSC_8355.JPG_max_y: 1756.63
DSC_8355.JPG_min_y: 461.363
DSC_8393.JPG_max_x: 428.039
DSC_8393.JPG_min_x: 20.0387
DSC_8393.JPG_max_y: 1202.87
DSC_8393.JPG_min_y: 129.913
