2.767203191563664868e-03 -1.921966970191371082e-01 2.667360493576679232e+02
1.496993687276073348e-01 -4.380280350117756738e-01 6.347717496696652688e+02
2.699654556390809301e-04 -8.061578261154054128e-04 1.000000000000000000e+00
DSC_8422.JPG_max_x: 1098.37
DSC_8422.JPG_min_x: 55.2714
DSC_8422.JPG_max_y: 1765.27
DSC_8422.JPG_min_y: 1147.53
DSC_8423.JPG_max_x: 417.849
DSC_8423.JPG_min_x: 14.2996
DSC_8423.JPG_max_y: 1396.49
DSC_8423.JPG_min_y: 14.3361
