3.798348456597626099e-01 -2.976210407431305049e-01 6.116263467679066252e+02
2.370255711262514442e-01 -2.148629992199265204e-01 1.073815112951912624e+03
1.664836874674534186e-04 -3.726582320833741069e-04 9.999999999999998890e-01
DSC_8289.JPG_max_x: 1078.56
DSC_8289.JPG_min_x: 498.211
DSC_8289.JPG_max_y: 1513.12
DSC_8289.JPG_min_y: 355.007
DSC_8334.JPG_max_x: 920.863
DSC_8334.JPG_min_x: 715.027
DSC_8334.JPG_max_y: 1666.16
DSC_8334.JPG_min_y: 1185.32
