1.041218255364586120e+00 -5.730791494901037453e-01 5.783147944311467654e+02
1.487094573787742791e-01 4.636623493213967717e-01 4.393166942869822833e+02
9.543484749503821285e-05 -4.867128922540592500e-04 9.999999999999998890e-01
DSC_8233.JPG_max_x: 752.316
DSC_8233.JPG_min_x: 142.797
DSC_8233.JPG_max_y: 803.501
DSC_8233.JPG_min_y: 12.9591
DSC_8347.JPG_max_x: 1301.7
DSC_8347.JPG_min_x: 532.629
DSC_8347.JPG_max_y: 1355.04
DSC_8347.JPG_min_y: 449.421
