-3.665308131282691306e+01 -2.160698045289252178e+01 3.382244303388999833e+04
4.774960755453546035e+00 -4.318425272385800184e+01 4.425611997922742739e+04
-2.077658929577144177e-04 -2.582121366360608933e-02 1.000000000000000000e+00
DSC_8366.JPG_max_x: 1292.73
DSC_8366.JPG_min_x: 42.6886
DSC_8366.JPG_max_y: 1836.51
DSC_8366.JPG_min_y: 1235.02
DSC_8397.JPG_max_x: 1190.12
DSC_8397.JPG_min_x: 30.335
DSC_8397.JPG_max_y: 658.102
DSC_8397.JPG_min_y: 215.971
