1.140483268565820607e+00 7.115590461936130429e-02 1.417379598035207877e+01
2.058468408962143004e-01 1.064702397380098420e+00 -6.035876637336980366e+01
2.081709367333489094e-04 8.642702876291261549e-05 1.000000000000000000e+00
DSC_8424.JPG_max_x: 1325.32
DSC_8424.JPG_min_x: 452.52
DSC_8424.JPG_max_y: 1876.64
DSC_8424.JPG_min_y: 575.699
DSC_8440.JPG_max_x: 1161.16
DSC_8440.JPG_min_x: 526.563
DSC_8440.JPG_max_y: 1571.54
DSC_8440.JPG_min_y: 589.294
