6.261634688013000272e-01 2.550530679892363262e-01 -1.834483768903651253e+02
2.822167522998029199e-01 7.641661789708238395e-01 1.338255919990412167e+03
2.446297321203705724e-04 1.586173805278643756e-04 1.000000000000000000e+00
DSC_8271.JPG_max_x: 1279.34
DSC_8271.JPG_min_x: 308.358
DSC_8271.JPG_max_y: 828.255
DSC_8271.JPG_min_y: 50.302
DSC_8472.JPG_max_x: 538.986
DSC_8472.JPG_min_x: 136.59
DSC_8472.JPG_max_y: 1682.42
DSC_8472.JPG_min_y: 1332.61
