5.118012472880395514e-01 1.079918602139987027e-01 3.959847718374570604e+02
-6.674772078388156726e-02 7.489046229192888315e-01 1.018374492250977596e+03
-9.698503150239725582e-05 1.948888590710405090e-04 1.000000000000000000e+00
DSC_8227.JPG_max_x: 1299.55
DSC_8227.JPG_min_x: 19.0108
DSC_8227.JPG_max_y: 1534.15
DSC_8227.JPG_min_y: 201.84
DSC_8308.JPG_max_x: 1161.84
DSC_8308.JPG_min_x: 425.454
DSC_8308.JPG_max_y: 1660.71
DSC_8308.JPG_min_y: 1166.14
