5.576308504671525501e-01 -2.014996937859875881e-01 1.011010573804691148e+01
-8.184881064324166233e-02 2.008205123379016854e-01 1.186378877257623117e+03
-8.122905946305498134e-05 -2.295932393726033858e-04 1.000000000000000000e+00
DSC_8321.JPG_max_x: 956.269
DSC_8321.JPG_min_x: 337.82
DSC_8321.JPG_max_y: 830.357
DSC_8321.JPG_min_y: 16.3527
DSC_8430.JPG_max_x: 575.641
DSC_8430.JPG_min_x: 61.3444
DSC_8430.JPG_max_y: 1694.35
DSC_8430.JPG_min_y: 1204.59
