-4.494616276100408259e-01 -1.232560846316545916e-01 6.023791692053204088e+02
-8.445132634981420416e-01 -2.591199433781393724e-01 1.018386473173725108e+03
-1.052847356711002734e-03 4.093236577990825491e-05 1.000000000000000000e+00
DSC_8323.JPG_max_x: 1331.12
DSC_8323.JPG_min_x: 921.665
DSC_8323.JPG_max_y: 919.516
DSC_8323.JPG_min_y: 416.113
DSC_8325.JPG_max_x: 1143.38
DSC_8325.JPG_min_x: 18.8733
DSC_8325.JPG_max_y: 842.534
DSC_8325.JPG_min_y: 63.9191
