-1.325863180534875418e+01 -1.839143313533533552e+00 8.470943503501384839e+03
8.275772940845932402e-02 -7.027075715688995139e+00 6.278825373626084911e+03
-1.091888591167765842e-02 -2.405475151959598785e-03 1.000000000000000000e+00
DSC_8266.JPG_max_x: 1305.41
DSC_8266.JPG_min_x: 772.548
DSC_8266.JPG_max_y: 1409.32
DSC_8266.JPG_min_y: 975.634
DSC_8399.JPG_max_x: 684.889
DSC_8399.JPG_min_x: 378.129
DSC_8399.JPG_max_y: 304.385
DSC_8399.JPG_min_y: 43.4325
