1.031572576494357296e+00 -1.145912954907267467e-01 -1.639645695245743866e+02
1.432631366164308362e-01 1.118561067461045111e+00 3.614671136192285417e+01
8.264710898013325033e-05 1.016360416902208021e-04 1.000000000000000000e+00
DSC_8338.JPG_max_x: 1311.88
DSC_8338.JPG_min_x: 283.294
DSC_8338.JPG_max_y: 1899.03
DSC_8338.JPG_min_y: 495.967
DSC_8394.JPG_max_x: 883.395
DSC_8394.JPG_min_x: 16.3923
DSC_8394.JPG_max_y: 1804.33
DSC_8394.JPG_min_y: 651.777
