-2.592000294051896958e+01 5.334209260508409933e+00 1.947121188796919523e+04
-1.421245697280572173e+01 -6.432673801389870327e+00 1.264585171400216495e+04
-1.003127085169066082e-02 5.027183499055985945e-03 9.999999999999998890e-01
DSC_8250.JPG_max_x: 1256.61
DSC_8250.JPG_min_x: 1055.01
DSC_8250.JPG_max_y: 1044.77
DSC_8250.JPG_min_y: 734.03
DSC_8468.JPG_max_x: 1153.12
DSC_8468.JPG_min_x: 635.719
DSC_8468.JPG_max_y: 1906.1
DSC_8468.JPG_min_y: 1202.92
