-5.544627856316525438e+00 3.743506277725434095e-01 2.640878150714382173e+03
-9.067045014636189393e+00 -3.968981828972522607e-01 3.033199960515716157e+03
-7.245275616785703046e-03 1.003282535765175152e-03 1.000000000000000000e+00
DSC_8266.JPG_max_x: 1268.08
DSC_8266.JPG_min_x: 708.39
DSC_8266.JPG_max_y: 1578.94
DSC_8266.JPG_min_y: 708.127
DSC_8378.JPG_max_x: 623.429
DSC_8378.JPG_min_x: 299.125
DSC_8378.JPG_max_y: 1402.69
DSC_8378.JPG_min_y: 1109.8
