1.634824321634462230e+00 2.615229055032126104e-01 -1.259992277155307875e+03
6.552068535879456146e-01 1.911892576172518510e+00 -6.554726281919337225e+02
7.390689021556793225e-04 1.758746742030885843e-04 1.000000000000000000e+00
DSC_8224.JPG_max_x: 1286.23
DSC_8224.JPG_min_x: 503.538
DSC_8224.JPG_max_y: 1851.75
DSC_8224.JPG_min_y: 773.55
DSC_8242.JPG_max_x: 563.172
DSC_8242.JPG_min_x: 6.38007
DSC_8242.JPG_max_y: 1844.29
DSC_8242.JPG_min_y: 779.895
