2.696832749553266240e+00 3.129619042114742400e-01 -2.391455583667046994e+03
1.031381024880903219e+00 2.064601047227029973e+00 -1.344931863020984110e+03
9.780572223833231861e-04 -3.226905675007076023e-05 1.000000000000000000e+00
DSC_8396.JPG_max_x: 1311.43
DSC_8396.JPG_min_x: 817.339
DSC_8396.JPG_max_y: 1640.93
DSC_8396.JPG_min_y: 1055.3
DSC_8428.JPG_max_x: 752.974
DSC_8428.JPG_min_x: 90.3569
DSC_8428.JPG_max_y: 1564.68
DSC_8428.JPG_min_y: 947.274
