3.884050259017105322e+00 1.651527206159952632e+00 -4.344521696403056922e+03
2.187316622316745729e+00 3.424825979018133459e+00 -2.182398497138471612e+03
2.870554627670087334e-03 -3.418572022523486478e-04 1.000000000000000000e+00
DSC_8329.JPG_max_x: 1307.51
DSC_8329.JPG_min_x: 868.958
DSC_8329.JPG_max_y: 1557.68
DSC_8329.JPG_min_y: 626.563
DSC_8347.JPG_max_x: 724.308
DSC_8347.JPG_min_x: 421.018
DSC_8347.JPG_max_y: 1619.72
DSC_8347.JPG_min_y: 583.323
