7.874812921784959396e-01 -1.818581675010447762e-01 -1.740048477657015553e+02
5.166772783223989862e-02 5.529382198682950555e-01 1.089685767748046828e+03
2.111117901641697029e-05 -1.562572914591038185e-04 1.000000000000000000e+00
DSC_8247.JPG_max_x: 1168.04
DSC_8247.JPG_min_x: 375.424
DSC_8247.JPG_max_y: 672.435
DSC_8247.JPG_min_y: 284.585
DSC_8278.JPG_max_x: 697.984
DSC_8278.JPG_min_x: 68.7298
DSC_8278.JPG_max_y: 1652.18
DSC_8278.JPG_min_y: 1318.51
