3.563160171592215097e-01 -1.388931277347085769e-01 2.248479683919618139e+02
-6.522611869588598177e-01 8.561716683163568264e-01 2.462536500299517570e+02
-5.276452309605850557e-04 -1.432391944104749167e-04 1.000000000000000000e+00
DSC_8196.JPG_max_x: 670.904
DSC_8196.JPG_min_x: 413.088
DSC_8196.JPG_max_y: 1230.13
DSC_8196.JPG_min_y: 834.312
DSC_8406.JPG_max_x: 658.728
DSC_8406.JPG_min_x: 356.75
DSC_8406.JPG_max_y: 1754.08
DSC_8406.JPG_min_y: 1002.66
