1.227766591289912723e-01 1.125002675385098627e-01 1.599338024138866331e+03
2.108357870113223842e-01 1.953642589917205630e+00 -6.333898955230696401e+02
-1.016422968217292697e-03 8.985043812180715976e-04 1.000000000000000000e+00
DSC_8199.JPG_max_x: 559.492
DSC_8199.JPG_min_x: 9.89965
DSC_8199.JPG_max_y: 1015.45
DSC_8199.JPG_min_y: 417.115
DSC_8217.JPG_max_x: 1324.28
DSC_8217.JPG_min_x: 1040.5
DSC_8217.JPG_max_y: 1090.66
DSC_8217.JPG_min_y: 156.907
