4.044310837032685235e+00 1.120867865884930703e+00 1.191002001198847438e+03
-2.088122698740911554e-01 8.338799207768509802e+00 -9.990351648150492110e+03
-2.808412801146842590e-03 2.381874762444361956e-03 1.000000000000000000e+00
DSC_8376.JPG_max_x: 359.319
DSC_8376.JPG_min_x: 4.72716
DSC_8376.JPG_max_y: 1708.83
DSC_8376.JPG_min_y: 1251.93
DSC_8405.JPG_max_x: 1281.29
DSC_8405.JPG_min_x: 637.318
DSC_8405.JPG_max_y: 891.425
DSC_8405.JPG_min_y: 122.592
