1.159994213859268930e+00 -1.428902111360002836e-01 -3.014322719188131146e+02
2.990923037138462290e-02 9.830742192714968519e-01 -5.815112637154211370e+02
6.042921005502637199e-05 1.032571645949740165e-06 9.999999999999998890e-01
DSC_8294.JPG_max_x: 1314.75
DSC_8294.JPG_min_x: 438.552
DSC_8294.JPG_max_y: 1476.36
DSC_8294.JPG_min_y: 1020.0
DSC_8475.JPG_max_x: 962.472
DSC_8475.JPG_min_x: 40.4692
DSC_8475.JPG_max_y: 856.753
DSC_8475.JPG_min_y: 406.236
