-1.179539066666584340e-01 -5.299940386978046342e-02 1.564570619008702863e+02
-1.240655718238246275e+00 -1.179509854936663160e+00 2.292591491703625252e+03
-8.130812779150067664e-04 -4.404811501113617628e-04 1.000000000000000000e+00
DSC_8220.JPG_max_x: 1327.87
DSC_8220.JPG_min_x: 259.594
DSC_8220.JPG_max_y: 1524.7
DSC_8220.JPG_min_y: 1108.91
DSC_8222.JPG_max_x: 705.942
DSC_8222.JPG_min_x: 11.6495
DSC_8222.JPG_max_y: 1553.64
DSC_8222.JPG_min_y: 1152.28
