9.550141436034521591e-01 2.955219233077452032e-02 -1.501004827804728734e+02
5.231152924269950183e-02 9.703307007838422038e-01 2.307799259672301062e+01
2.784619714846333689e-05 1.826729319847490479e-04 1.000000000000000000e+00
DSC_8323.JPG_max_x: 1164.47
DSC_8323.JPG_min_x: 144.936
DSC_8323.JPG_max_y: 961.998
DSC_8323.JPG_min_y: 63.0126
DSC_8429.JPG_max_x: 848.363
DSC_8429.JPG_min_x: 2.4934
DSC_8429.JPG_max_y: 826.822
DSC_8429.JPG_min_y: 126.243
