-3.851298904200745721e+00 3.456508927923142016e-01 1.908077128415623520e+03
-7.355618371288447754e+00 3.902044700165633984e+00 -1.089691282548530580e+03
-4.817868739539833342e-03 1.382130685377341330e-03 1.000000000000000000e+00
DSC_8333.JPG_max_x: 626.542
DSC_8333.JPG_min_x: 12.1893
DSC_8333.JPG_max_y: 1460.08
DSC_8333.JPG_min_y: 767.374
DSC_8421.JPG_max_x: 1059.72
DSC_8421.JPG_min_x: 426.315
DSC_8421.JPG_max_y: 1732.98
DSC_8421.JPG_min_y: 867.283
