1.060339660388682770e+00 4.667254730115384387e-01 4.223196834905813262e+02
3.378384734444305759e-01 1.265056215091367786e+00 1.402129182524394082e+03
1.736747859572559201e-04 3.047816272683394377e-04 1.000000000000000000e+00
DSC_8203.JPG_max_x: 1073.09
DSC_8203.JPG_min_x: 257.822
DSC_8203.JPG_max_y: 553.833
DSC_8203.JPG_min_y: 32.7731
DSC_8366.JPG_max_x: 1326.9
DSC_8366.JPG_min_x: 813.835
DSC_8366.JPG_max_y: 1824.95
DSC_8366.JPG_min_y: 1495.97
