8.426844258863435133e-01 -2.598118521564222322e-02 5.423854860520801680e+01
2.288642876633448578e-02 7.981867474130860396e-01 3.975714036708738064e+01
6.151372112206485859e-05 -3.659316159359940251e-05 1.000000000000000000e+00
DSC_8351.JPG_max_x: 1269.94
DSC_8351.JPG_min_x: 165.063
DSC_8351.JPG_max_y: 1143.4
DSC_8351.JPG_min_y: 6.69092
DSC_8379.JPG_max_x: 1054.45
DSC_8379.JPG_min_x: 196.32
DSC_8379.JPG_max_y: 941.325
DSC_8379.JPG_min_y: 51.9426
