2.898205635545680892e-01 -1.013220618167894327e-01 1.201123242682160935e+03
5.055091310905365093e-03 5.272403321443155377e-01 2.895689340353193302e+02
-1.869874751141499308e-04 9.179130116512083915e-05 1.000000000000000000e+00
DSC_8225.JPG_max_x: 366.394
DSC_8225.JPG_min_x: 17.4943
DSC_8225.JPG_max_y: 867.165
DSC_8225.JPG_min_y: 220.42
DSC_8415.JPG_max_x: 1318.57
DSC_8415.JPG_min_x: 1095.58
DSC_8415.JPG_max_y: 713.428
DSC_8415.JPG_min_y: 419.515
