2.551055991337226603e-01 -4.747953958013651637e-02 3.406809417878122872e+02
-5.458628264683069720e-01 7.887986944372196163e-01 2.070678609096059688e+02
-4.482096936865562534e-04 -5.486899656866645526e-06 9.999999999999998890e-01
DSC_8360.JPG_max_x: 683.663
DSC_8360.JPG_min_x: 181.552
DSC_8360.JPG_max_y: 1965.97
DSC_8360.JPG_min_y: 1020.76
DSC_8406.JPG_max_x: 672.158
DSC_8406.JPG_min_x: 345.084
DSC_8406.JPG_max_y: 1899.01
DSC_8406.JPG_min_y: 952.012
