8.839945413780665451e-01 4.108873542853704736e-02 1.724260090756646093e+02
-1.198063720332324528e-01 9.793310869747589020e-01 9.826826087688583300e+01
-2.415866406498009373e-04 -5.007473750404491716e-05 1.000000000000000000e+00
DSC_8397.JPG_max_x: 927.139
DSC_8397.JPG_min_x: 10.4393
DSC_8397.JPG_max_y: 952.043
DSC_8397.JPG_min_y: 199.709
DSC_8415.JPG_max_x: 1305.97
DSC_8415.JPG_min_x: 222.601
DSC_8415.JPG_max_y: 1129.09
DSC_8415.JPG_min_y: 275.516
