3.411226445579347200e+01 -5.079703116958178555e+01 6.031554790757195406e+03
8.294304795925802054e+00 -1.782879960842740630e+01 3.383907052472994565e+03
4.239683213886202146e-02 -4.295027531768183526e-02 1.000000000000000000e+00
DSC_8307.JPG_max_x: 972.021
DSC_8307.JPG_min_x: 28.3678
DSC_8307.JPG_max_y: 649.413
DSC_8307.JPG_min_y: 357.5
DSC_8321.JPG_max_x: 1267.23
DSC_8321.JPG_min_x: 480.742
DSC_8321.JPG_max_y: 431.261
DSC_8321.JPG_min_y: 67.8431
