-1.402050567220831434e+00 -8.853809347578975308e-02 9.697202237297279908e+02
-2.447515306981134842e+00 1.247281487691895979e-01 1.178733834935886762e+03
-1.654113213561058402e-03 -7.814763450696171100e-05 1.000000000000000000e+00
DSC_8398.JPG_max_x: 719.952
DSC_8398.JPG_min_x: 105.888
DSC_8398.JPG_max_y: 1437.54
DSC_8398.JPG_min_y: 974.083
DSC_8400.JPG_max_x: 1330.75
DSC_8400.JPG_min_x: 70.4352
DSC_8400.JPG_max_y: 1667.14
DSC_8400.JPG_min_y: 1154.19
