-6.358800742382070936e+00 -7.373793295955110016e-01 4.848405879095792443e+03
-2.757789634489134833e+00 -2.571371673702295801e+00 3.265316650390381710e+03
-2.446653755197635786e-03 -3.386602472711309391e-04 9.999999999999998890e-01
DSC_8298.JPG_max_x: 1009.96
DSC_8298.JPG_min_x: 759.458
DSC_8298.JPG_max_y: 1506.1
DSC_8298.JPG_min_y: 713.045
DSC_8346.JPG_max_x: 1300.27
DSC_8346.JPG_min_x: 609.329
DSC_8346.JPG_max_y: 1799.51
DSC_8346.JPG_min_y: 782.151
