4.185078221636771567e-01 2.578571581219177636e-02 -3.938057324471090936e+01
-1.647163820166946124e-01 2.634090348578265184e-01 -1.085769379752636752e+02
-1.874120543811507063e-04 -2.720248408535604415e-04 1.000000000000000000e+00
DSC_8440.JPG_max_x: 1039.64
DSC_8440.JPG_min_x: 61.0601
DSC_8440.JPG_max_y: 1735.19
DSC_8440.JPG_min_y: 1120.0
DSC_8477.JPG_max_x: 855.579
DSC_8477.JPG_min_x: 37.1975
DSC_8477.JPG_max_y: 651.81
DSC_8477.JPG_min_y: 25.546
