-4.327633491445636693e+00 9.036013417038850637e-01 1.313098680334115215e+03
-4.678110455327455952e+00 1.825500734977192341e+00 -1.327394912369113342e+02
-4.066730781919574399e-03 8.370802304231780714e-04 1.000000000000000000e+00
DSC_8226.JPG_max_x: 698.364
DSC_8226.JPG_min_x: 62.8783
DSC_8226.JPG_max_y: 1948.73
DSC_8226.JPG_min_y: 1460.4
DSC_8322.JPG_max_x: 1325.13
DSC_8322.JPG_min_x: 380.781
DSC_8322.JPG_max_y: 1417.31
DSC_8322.JPG_min_y: 597.064
