-3.226722229450266766e-01 -1.888791522802250183e-03 3.415498079267568983e+02
-1.719318162307584608e+00 4.537516354890782644e-01 9.551027596331356335e+02
-2.681728952748876731e-03 9.721238194442553739e-04 1.000000000000000000e+00
DSC_8330.JPG_max_x: 1185.29
DSC_8330.JPG_min_x: 526.236
DSC_8330.JPG_max_y: 1948.73
DSC_8330.JPG_min_y: 839.277
DSC_8349.JPG_max_x: 584.864
DSC_8349.JPG_min_x: 16.7805
DSC_8349.JPG_max_y: 1123.23
DSC_8349.JPG_min_y: 433.029
