8.265025849587926965e-01 -1.286664447181602444e-01 -7.879259650247676916e+01
-6.403963356294657683e-02 8.371811329827237858e-01 2.436175496615922498e+02
-1.268863056501751910e-04 -1.236064241282794080e-04 1.000000000000000000e+00
DSC_8296.JPG_max_x: 1303.66
DSC_8296.JPG_min_x: 701.528
DSC_8296.JPG_max_y: 1117.83
DSC_8296.JPG_min_y: 430.981
DSC_8440.JPG_max_x: 1213.45
DSC_8440.JPG_min_x: 466.051
DSC_8440.JPG_max_y: 1524.75
DSC_8440.JPG_min_y: 663.898
