6.514051223134609270e-01 -7.700658634899641697e-02 1.703844128187519686e+02
3.088512090134094557e-01 5.977596218607822420e-01 5.436908450883945534e+02
2.130265275153834831e-04 -3.331843564472948034e-05 1.000000000000000000e+00
DSC_8238.JPG_max_x: 1256.31
DSC_8238.JPG_min_x: 128.25
DSC_8238.JPG_max_y: 1636.07
DSC_8238.JPG_min_y: 787.28
DSC_8380.JPG_max_x: 728.513
DSC_8380.JPG_min_x: 167.058
DSC_8380.JPG_max_y: 1572.44
DSC_8380.JPG_min_y: 1085.58
