-7.056439251909509380e+01 -2.635723850071283891e+01 3.642483837123123521e+04
-6.413394192331395294e-01 -7.110275152156600598e+01 6.164671904691911186e+04
-4.006369094483737403e-02 -7.830589144414206934e-03 1.000000000000000000e+00
DSC_8278.JPG_max_x: 696.856
DSC_8278.JPG_min_x: 260.265
DSC_8278.JPG_max_y: 1143.63
DSC_8278.JPG_min_y: 876.683
DSC_8361.JPG_max_x: 1187.61
DSC_8361.JPG_min_x: 289.557
DSC_8361.JPG_max_y: 584.668
DSC_8361.JPG_min_y: 53.2475
