2.730336254674396113e+00 2.272027647283265672e+00 -1.404032652134162618e+03
5.559787099218184425e-02 1.573347130860341503e+00 6.595201170516482989e+02
1.441701861134849069e-03 -3.672393046998213080e-04 1.000000000000000000e+00
DSC_8203.JPG_max_x: 1196.15
DSC_8203.JPG_min_x: 286.959
DSC_8203.JPG_max_y: 693.407
DSC_8203.JPG_min_y: 118.647
DSC_8225.JPG_max_x: 1159.04
DSC_8225.JPG_min_x: 211.514
DSC_8225.JPG_max_y: 1121.29
DSC_8225.JPG_min_y: 346.166
