-1.404217197119529859e+00 -1.429287873328966008e+00 1.893853061219597066e+03
-5.098466089106133692e-02 -1.720935661813852935e+00 2.036527756802458271e+03
-1.238068277017187284e-04 -1.347619975874793938e-03 1.000000000000000000e+00
DSC_8346.JPG_max_x: 970.594
DSC_8346.JPG_min_x: 490.81
DSC_8346.JPG_max_y: 1934.2
DSC_8346.JPG_min_y: 1163.44
DSC_8361.JPG_max_x: 1307.75
DSC_8361.JPG_min_x: 569.404
DSC_8361.JPG_max_y: 871.007
DSC_8361.JPG_min_y: 50.6094
