-1.064174749906938722e+00 -4.064783889616475215e-02 1.276029379251882119e+03
-2.323639888345897297e+00 3.239415697139264028e-01 1.830834365668462851e+03
-1.933171231595542244e-03 7.228044360406374758e-04 9.999999999999998890e-01
DSC_8200.JPG_max_x: 1304.22
DSC_8200.JPG_min_x: 275.001
DSC_8200.JPG_max_y: 1442.81
DSC_8200.JPG_min_y: 885.305
DSC_8238.JPG_max_x: 816.169
DSC_8238.JPG_min_x: 21.2495
DSC_8238.JPG_max_y: 1788.96
DSC_8238.JPG_min_y: 1159.71
