8.123567848513790324e+00 4.666454513966771245e+00 -5.438305694706560644e+03
-1.118181669604844108e+00 8.279407380277641337e+00 -7.860807808258945443e+03
6.095889322523292530e-04 5.204237623013665409e-03 1.000000000000000000e+00
DSC_8202.JPG_max_x: 1151.52
DSC_8202.JPG_min_x: 253.783
DSC_8202.JPG_max_y: 1544.94
DSC_8202.JPG_min_y: 1143.37
DSC_8381.JPG_max_x: 1159.85
DSC_8381.JPG_min_x: 295.988
DSC_8381.JPG_max_y: 444.834
DSC_8381.JPG_min_y: 151.636
