2.551637682895188775e+00 2.005902617162174106e+00 -7.641412317724766581e+02
1.099517591148615248e+00 4.631537343877358381e+00 7.795660607229483503e+02
7.757454594645554801e-04 2.465577544097805052e-03 1.000000000000000000e+00
DSC_8313.JPG_max_x: 822.715
DSC_8313.JPG_min_x: 131.477
DSC_8313.JPG_max_y: 957.413
DSC_8313.JPG_min_y: 14.304
DSC_8328.JPG_max_x: 843.171
DSC_8328.JPG_min_x: 212.212
DSC_8328.JPG_max_y: 1516.23
DSC_8328.JPG_min_y: 1018.64
