1.321663650952559665e+00 4.022774447160476496e-01 -5.939102718444636366e+02
-5.702310435337638178e-02 1.526712365082773415e+00 -1.399500492268403377e+03
1.471801316625746521e-04 5.337892008184981236e-04 1.000000000000000000e+00
DSC_8334.JPG_max_x: 1328.64
DSC_8334.JPG_min_x: 411.487
DSC_8334.JPG_max_y: 1755.68
DSC_8334.JPG_min_y: 966.386
DSC_8365.JPG_max_x: 904.443
DSC_8365.JPG_min_x: 220.079
DSC_8365.JPG_max_y: 591.079
DSC_8365.JPG_min_y: 16.4948
