-9.080019493794931895e-01 4.146488309067157263e-01 1.188384741589586611e+03
-1.567848810662246350e+00 1.395361011505152682e+00 4.142210533348068111e+02
-1.431817808422708926e-03 5.083801994304336554e-04 1.000000000000000000e+00
DSC_8274.JPG_max_x: 481.683
DSC_8274.JPG_min_x: 11.504
DSC_8274.JPG_max_y: 1414.89
DSC_8274.JPG_min_y: 601.787
DSC_8430.JPG_max_x: 1309.36
DSC_8430.JPG_min_x: 1055.11
DSC_8430.JPG_max_y: 1597.65
DSC_8430.JPG_min_y: 938.55
