-1.233745316094676081e+00 -4.897795918335978715e-01 5.664299204167090238e+02
-2.898808288091545005e-01 -6.284858332956965166e-01 8.410029660118209449e+02
-7.384348117797298605e-04 -8.071353851051972462e-04 1.000000000000000000e+00
DSC_8220.JPG_max_x: 346.475
DSC_8220.JPG_min_x: 46.4985
DSC_8220.JPG_max_y: 1727.69
DSC_8220.JPG_min_y: 943.94
DSC_8235.JPG_max_x: 1304.8
DSC_8235.JPG_min_x: 135.024
DSC_8235.JPG_max_y: 1023.45
DSC_8235.JPG_min_y: 292.273
