9.102957241722945403e-01 -1.778630263854206472e-01 -2.750045862375408490e+01
1.489137989092094161e-01 7.250747780580891755e-01 3.318110400455150284e+02
6.940969545243790559e-05 -1.785497798353821838e-04 1.000000000000000000e+00
DSC_8296.JPG_max_x: 1259.67
DSC_8296.JPG_min_x: 294.665
DSC_8296.JPG_max_y: 1478.48
DSC_8296.JPG_min_y: 780.576
DSC_8476.JPG_max_x: 1011.99
DSC_8476.JPG_min_x: 23.0618
DSC_8476.JPG_max_y: 1886.81
DSC_8476.JPG_min_y: 1116.93
