1.285001980890272955e-01 -8.942745380335300753e-01 8.586630698655211518e+02
-4.560135029380374405e-01 -3.314589133057115333e-01 1.097717452201100059e+03
-4.395993891891336017e-04 -6.018377092160905094e-04 1.000000000000000000e+00
DSC_8293.JPG_max_x: 640.376
DSC_8293.JPG_min_x: 40.2268
DSC_8293.JPG_max_y: 663.901
DSC_8293.JPG_min_y: 100.309
DSC_8320.JPG_max_x: 1291.15
DSC_8320.JPG_min_x: 558.675
DSC_8320.JPG_max_y: 1526.9
DSC_8320.JPG_min_y: 1152.03
