-4.361814920112430105e-01 -1.980513697556866570e-01 5.137641009925455364e+02
-1.333184369217658705e-01 -7.662559633177133955e-01 7.977794864918005260e+02
-6.019987285057117748e-04 -7.401808061781310925e-04 1.000000000000000000e+00
DSC_8306.JPG_max_x: 1312.08
DSC_8306.JPG_min_x: 741.528
DSC_8306.JPG_max_y: 1425.51
DSC_8306.JPG_min_y: 898.054
DSC_8429.JPG_max_x: 866.718
DSC_8429.JPG_min_x: 2.4934
DSC_8429.JPG_max_y: 642.86
DSC_8429.JPG_min_y: 164.974
