9.338426504738478684e+00 4.634650170197718744e+00 -8.235700475317436940e+03
-9.238462047329173421e-01 1.261938547401573274e+01 -1.334142031151860465e+04
6.433314916448281719e-04 5.204921329235958315e-03 1.000000000000000000e+00
DSC_8446.JPG_max_x: 936.959
DSC_8446.JPG_min_x: 257.355
DSC_8446.JPG_max_y: 1596.21
DSC_8446.JPG_min_y: 1253.57
DSC_8453.JPG_max_x: 792.083
DSC_8453.JPG_min_x: 129.323
DSC_8453.JPG_max_y: 705.556
DSC_8453.JPG_min_y: 218.396
