1.067244610700530894e+00 -3.394631636099901435e-03 -3.464998738772948172e+01
4.547281221758983083e-01 8.989177008780968592e-01 -1.093328940247039505e+01
5.063059745957464164e-04 -7.872242946796613656e-05 1.000000000000000000e+00
DSC_8208.JPG_max_x: 722.054
DSC_8208.JPG_min_x: 37.5241
DSC_8208.JPG_max_y: 1661.15
DSC_8208.JPG_min_y: 817.461
DSC_8242.JPG_max_x: 613.521
DSC_8242.JPG_min_x: 6.38007
DSC_8242.JPG_max_y: 1449.1
DSC_8242.JPG_min_y: 779.895
