1.769783975863315206e-01 -9.159298282617761577e-02 7.111684005827216879e+02
-5.809145347198486908e-02 9.836599362515499045e-01 3.569560517623054352e+02
-5.649211743911170197e-04 1.298421408252594072e-04 1.000000000000000000e+00
DSC_8265.JPG_max_x: 661.242
DSC_8265.JPG_min_x: 129.599
DSC_8265.JPG_max_y: 1047.76
DSC_8265.JPG_min_y: 20.1876
DSC_8459.JPG_max_x: 902.256
DSC_8459.JPG_min_x: 699.835
DSC_8459.JPG_max_y: 1790.68
DSC_8459.JPG_min_y: 407.638
