6.293318145500584881e-01 -2.930698412986548762e-01 1.769063736167951220e+02
3.413992868901683519e-01 -5.004373380726006015e-01 7.053560913566933550e+02
3.214447849565683804e-04 -8.973435398811490001e-04 9.999999999999998890e-01
DSC_8264.JPG_max_x: 694.447
DSC_8264.JPG_min_x: 24.0782
DSC_8264.JPG_max_y: 980.673
DSC_8264.JPG_min_y: 589.198
DSC_8376.JPG_max_x: 929.232
DSC_8376.JPG_min_x: 28.1162
DSC_8376.JPG_max_y: 1286.1
DSC_8376.JPG_min_y: 866.552
