1.481430999346728505e+00 1.164723791184273660e-01 -4.042079202856077700e+02
-4.724046801860208415e-03 1.355119498495781949e+00 4.010947884182892409e+01
4.606730005204101840e-05 3.907474555551780713e-05 1.000000000000000000e+00
DSC_8313.JPG_max_x: 1159.55
DSC_8313.JPG_min_x: 285.547
DSC_8313.JPG_max_y: 1213.31
DSC_8313.JPG_min_y: 19.152
DSC_8329.JPG_max_x: 1297.07
DSC_8329.JPG_min_x: 113.302
DSC_8329.JPG_max_y: 1557.68
DSC_8329.JPG_min_y: 64.8577
