2.234439785000304823e+00 7.628066332462336563e-01 -2.097643365898510638e+03
2.193904044598020409e-02 2.849887187924982079e+00 -2.358113115954978639e+03
1.622058489443189055e-04 7.768527786340457706e-04 1.000000000000000000e+00
DSC_8276.JPG_max_x: 1326.5
DSC_8276.JPG_min_x: 532.808
DSC_8276.JPG_max_y: 1131.9
DSC_8276.JPG_min_y: 822.995
DSC_8477.JPG_max_x: 786.918
DSC_8477.JPG_min_x: 45.5249
DSC_8477.JPG_max_y: 429.852
DSC_8477.JPG_min_y: 25.546
