2.101854370631519142e+00 -8.022292169974827580e-02 7.917450960243023701e+02
5.794036336498256112e-01 1.485252275919653364e+00 -3.005970853431064711e+02
5.729805383900868051e-04 -6.943949781622801572e-05 9.999999999999998890e-01
DSC_8264.JPG_max_x: 363.103
DSC_8264.JPG_min_x: 15.4324
DSC_8264.JPG_max_y: 1433.25
DSC_8264.JPG_min_y: 578.162
DSC_8346.JPG_max_x: 1315.45
DSC_8346.JPG_min_x: 685.824
DSC_8346.JPG_max_y: 1972.13
DSC_8346.JPG_min_y: 611.25
