1.197774755411206288e-01 -6.338826433680964101e-01 7.790632540779207602e+02
4.928349380431285565e-01 -9.262699694035891884e-01 1.101312498047526788e+03
3.956669094825594974e-04 -8.410006987277813140e-04 1.000000000000000000e+00
DSC_8362.JPG_max_x: 1326.56
DSC_8362.JPG_min_x: 35.5436
DSC_8362.JPG_max_y: 1437.28
DSC_8362.JPG_min_y: 1052.47
DSC_8364.JPG_max_x: 1205.38
DSC_8364.JPG_min_x: 32.1513
DSC_8364.JPG_max_y: 1532.52
DSC_8364.JPG_min_y: 1082.45
