3.436408119700776975e+00 2.683434355332847687e-01 -1.526460539467048193e+03
7.521960992903419241e-01 2.757287733741495828e+00 -1.441187043205944974e+03
8.725776960636386168e-04 2.571396822817598226e-04 1.000000000000000000e+00
DSC_8238.JPG_max_x: 1273.76
DSC_8238.JPG_min_x: 321.918
DSC_8238.JPG_max_y: 1547.24
DSC_8238.JPG_min_y: 730.364
DSC_8256.JPG_max_x: 1314.06
DSC_8256.JPG_min_x: 35.398
DSC_8256.JPG_max_y: 1743.39
DSC_8256.JPG_min_y: 661.094
