8.382808228671800865e-01 1.436193657030017216e-02 1.551771124969952780e+02
-1.621137423946825487e-02 9.027122270454975839e-01 3.131150259146576076e+01
-3.972234542848142221e-05 4.835955005942343395e-05 1.000000000000000000e+00
DSC_8244.JPG_max_x: 1262.58
DSC_8244.JPG_min_x: 17.6904
DSC_8244.JPG_max_y: 1932.49
DSC_8244.JPG_min_y: 534.467
DSC_8260.JPG_max_x: 1242.53
DSC_8260.JPG_min_x: 175.931
DSC_8260.JPG_max_y: 1646.6
DSC_8260.JPG_min_y: 499.954
