-1.181897875584673407e+00 -6.298283892694112041e-02 1.258586729586812908e+03
1.775986253451559582e+00 6.463120449213466401e-01 2.106387887205033280e+02
1.036181107977887433e-03 -1.235730411274618462e-04 1.000000000000000000e+00
DSC_8248.JPG_max_x: 626.255
DSC_8248.JPG_min_x: 8.43302
DSC_8248.JPG_max_y: 1707.63
DSC_8248.JPG_min_y: 805.805
DSC_8262.JPG_max_x: 1328.67
DSC_8262.JPG_min_x: 323.427
DSC_8262.JPG_max_y: 1664.79
DSC_8262.JPG_min_y: 869.085
