1.467440185745971526e+01 3.742866881478747576e+00 -6.216172653158655521e+03
-6.311522868529797492e-01 1.792105217377795512e+01 -1.745277875961531390e+04
-1.162106618724745690e-03 5.225634562313271302e-03 1.000000000000000000e+00
DSC_8232.JPG_max_x: 656.439
DSC_8232.JPG_min_x: 149.382
DSC_8232.JPG_max_y: 1786.76
DSC_8232.JPG_min_y: 1033.57
DSC_8405.JPG_max_x: 1176.36
DSC_8405.JPG_min_x: 48.5354
DSC_8405.JPG_max_y: 1463.08
DSC_8405.JPG_min_y: 147.492
