1.916788202338140623e+00 4.891364192644819808e-01 -1.342132543990556542e+03
-4.835646521809749965e-01 3.212078171889252598e+00 -2.256331637481228427e+03
-8.469828543281517639e-04 7.761335032355923345e-04 1.000000000000000000e+00
DSC_8248.JPG_max_x: 1012.1
DSC_8248.JPG_min_x: 428.83
DSC_8248.JPG_max_y: 1580.83
DSC_8248.JPG_min_y: 809.217
DSC_8437.JPG_max_x: 1141.44
DSC_8437.JPG_min_x: 30.6123
DSC_8437.JPG_max_y: 1434.45
DSC_8437.JPG_min_y: 96.7079
