-9.011194969391048692e-01 -8.125523225836925878e-01 1.237286229553925750e+03
-8.612593305692270995e-01 -7.716953791984174638e-01 1.176862400308553333e+03
-7.262301112673450734e-04 -6.572765449485820687e-04 1.000000000000000000e+00
DSC_8232.JPG_max_x: 633.054
DSC_8232.JPG_min_x: 293.098
DSC_8232.JPG_max_y: 1174.1
DSC_8232.JPG_min_y: 721.203
DSC_8360.JPG_max_x: 1313.87
DSC_8360.JPG_min_x: 187.945
DSC_8360.JPG_max_y: 1694.84
DSC_8360.JPG_min_y: 1058.13
