1.504777212026804145e+00 3.018655343417160353e-01 -2.418540646754621832e+02
4.873219138365420533e-01 1.520368844158415778e+00 1.157124664236354761e+02
3.201095301861427178e-04 2.498650626287857775e-04 1.000000000000000000e+00
DSC_8202.JPG_max_x: 1180.14
DSC_8202.JPG_min_x: 223.02
DSC_8202.JPG_max_y: 1793.97
DSC_8202.JPG_min_y: 659.547
DSC_8380.JPG_max_x: 1111.57
DSC_8380.JPG_min_x: 321.689
DSC_8380.JPG_max_y: 1913.08
DSC_8380.JPG_min_y: 1090.46
