-1.728790416616429848e+00 -7.442070573457953975e-01 1.247767560910790053e+03
-5.773532534960572615e-01 -3.122409051143241743e-01 5.138248488865233412e+02
-1.336340864636532391e-03 -5.986882056352844060e-04 9.999999999999998890e-01
DSC_8400.JPG_max_x: 159.401
DSC_8400.JPG_min_x: 51.2539
DSC_8400.JPG_max_y: 1714.37
DSC_8400.JPG_min_y: 1243.05
DSC_8405.JPG_max_x: 1262.88
DSC_8405.JPG_min_x: 772.309
DSC_8405.JPG_max_y: 1441.38
DSC_8405.JPG_min_y: 241.883
