-5.485226639012913630e+00 1.558621755720332569e+00 3.305236342547433196e+03
-1.130537094895978889e+01 1.343743891933846157e+01 1.261718468355269806e+03
-8.122999095419429841e-03 9.360350350905786987e-03 1.000000000000000000e+00
DSC_8381.JPG_max_x: 1176.28
DSC_8381.JPG_min_x: 625.414
DSC_8381.JPG_max_y: 509.146
DSC_8381.JPG_min_y: 191.087
DSC_8412.JPG_max_x: 953.346
DSC_8412.JPG_min_x: 52.151
DSC_8412.JPG_max_y: 1562.34
DSC_8412.JPG_min_y: 1300.44
