4.665657622783122571e-01 9.372333840676014272e-02 2.239512459514949967e+02
4.146494557058261893e-02 2.393320006915457543e-01 -2.134996862831317088e+01
3.118488942416634114e-05 -1.606733940775726419e-04 1.000000000000000000e+00
DSC_8426.JPG_max_x: 962.268
DSC_8426.JPG_min_x: 51.6253
DSC_8426.JPG_max_y: 1883.67
DSC_8426.JPG_min_y: 1454.76
DSC_8475.JPG_max_x: 1141.88
DSC_8475.JPG_min_x: 618.009
DSC_8475.JPG_max_y: 634.382
DSC_8475.JPG_min_y: 417.451
