1.181510445807875676e-01 1.418532254756535160e-01 -4.358833206467140009e+00
-7.097533057194090889e-01 1.695633129217155033e-01 1.518700802870499729e+03
-3.940546937811600903e-04 -9.672253394852799722e-05 1.000000000000000000e+00
DSC_8241.JPG_max_x: 1277.62
DSC_8241.JPG_min_x: 942.858
DSC_8241.JPG_max_y: 859.545
DSC_8241.JPG_min_y: 135.365
DSC_8258.JPG_max_x: 888.56
DSC_8258.JPG_min_x: 250.973
DSC_8258.JPG_max_y: 1872.5
DSC_8258.JPG_min_y: 1335.46
