5.341534321505749361e+00 -1.991839047974711951e-01 -2.377594055220532027e+03
4.412163203975393522e+00 1.942576225566710280e+00 -8.974044499363337763e+02
3.964630249018951530e-03 -3.065025785666570407e-04 1.000000000000000000e+00
DSC_8266.JPG_max_x: 1243.67
DSC_8266.JPG_min_x: 708.39
DSC_8266.JPG_max_y: 1450.53
DSC_8266.JPG_min_y: 663.723
DSC_8416.JPG_max_x: 721.455
DSC_8416.JPG_min_x: 351.162
DSC_8416.JPG_max_y: 1411.33
DSC_8416.JPG_min_y: 1010.96
