1.166493243510151157e+00 9.160610736200550108e-02 -7.099522865507108236e+02
1.771237648611057730e-02 1.044730105754888561e+00 -2.083916343937275428e+01
1.740788265514383324e-04 3.494760539887411437e-05 1.000000000000000000e+00
DSC_8291.JPG_max_x: 1303.24
DSC_8291.JPG_min_x: 559.777
DSC_8291.JPG_max_y: 1535.42
DSC_8291.JPG_min_y: 233.179
DSC_8467.JPG_max_x: 694.871
DSC_8467.JPG_min_x: 54.3976
DSC_8467.JPG_max_y: 1367.91
DSC_8467.JPG_min_y: 201.553
