1.156931334191324101e+00 -5.519552505578408097e-02 8.891049526265815075e+02
-1.967018614298632860e-03 1.159229154193445410e+00 -2.133119439689301089e+02
-4.898117304525287483e-05 3.480139603463407026e-05 1.000000000000000000e+00
DSC_8252.JPG_max_x: 386.145
DSC_8252.JPG_min_x: 8.57492
DSC_8252.JPG_max_y: 1446.04
DSC_8252.JPG_min_y: 603.903
DSC_8318.JPG_max_x: 1298.8
DSC_8318.JPG_min_x: 788.327
DSC_8318.JPG_max_y: 1400.31
DSC_8318.JPG_min_y: 478.721
