6.303149430912721174e-01 2.710812461298554160e-02 9.912398936942422552e+02
5.880084857390543984e-02 9.596810105728857954e-01 -1.246343408269338227e+02
-2.442270875381291617e-04 2.451295785655102969e-04 1.000000000000000000e+00
DSC_8453.JPG_max_x: 575.64
DSC_8453.JPG_min_x: 24.0297
DSC_8453.JPG_max_y: 1601.38
DSC_8453.JPG_min_y: 228.09
DSC_8471.JPG_max_x: 1300.85
DSC_8471.JPG_min_x: 761.244
DSC_8471.JPG_max_y: 1011.74
DSC_8471.JPG_min_y: 112.361
