-4.475814096113525764e+00 1.338061569706317400e+01 -1.645641698407532203e+03
-1.211253997486826428e+01 1.870403663024531227e+01 -1.149005395958204872e+03
-9.264323888073713181e-03 1.069972585328742877e-02 1.000000000000000000e+00
DSC_8457.JPG_max_x: 452.07
DSC_8457.JPG_min_x: 11.9321
DSC_8457.JPG_max_y: 813.881
DSC_8457.JPG_min_y: 292.977
DSC_8474.JPG_max_x: 1274.0
DSC_8474.JPG_min_x: 327.482
DSC_8474.JPG_max_y: 1592.96
DSC_8474.JPG_min_y: 1227.32
