3.530443189790167802e-01 -3.130938204941006164e-01 5.851377784139615414e+02
-2.601714417895923358e-03 4.003004569689752046e-01 -2.411044861666342740e+02
-1.220322484737672639e-04 -3.125849853285709331e-04 1.000000000000000000e+00
DSC_8292.JPG_max_x: 1042.24
DSC_8292.JPG_min_x: 271.531
DSC_8292.JPG_max_y: 1276.6
DSC_8292.JPG_min_y: 979.932
DSC_8415.JPG_max_x: 1144.1
DSC_8415.JPG_min_x: 507.97
DSC_8415.JPG_max_y: 506.51
DSC_8415.JPG_min_y: 240.216
