8.600599129489371331e-01 -4.721213350094354694e-02 2.405178588976862954e+02
-5.199309224661281120e-02 7.454118292861967587e-01 2.194255404754914593e+02
-2.340401773581556773e-05 -1.920021694921391915e-04 1.000000000000000000e+00
DSC_8199.JPG_max_x: 889.263
DSC_8199.JPG_min_x: 14.8343
DSC_8199.JPG_max_y: 1019.44
DSC_8199.JPG_min_y: 157.015
DSC_8377.JPG_max_x: 1065.54
DSC_8377.JPG_min_x: 247.655
DSC_8377.JPG_max_y: 1186.36
DSC_8377.JPG_min_y: 306.915
