4.152784755584847387e-01 -4.954429310286122268e-02 9.982408707812891180e+02
-2.734976078730979587e-01 8.097692449502251755e-01 3.997529720415168413e+02
-2.772442836572246118e-04 1.541035971273664110e-05 1.000000000000000000e+00
DSC_8338.JPG_max_x: 549.365
DSC_8338.JPG_min_x: 20.1875
DSC_8338.JPG_max_y: 1535.67
DSC_8338.JPG_min_y: 820.294
DSC_8396.JPG_max_x: 1324.98
DSC_8396.JPG_min_x: 921.525
DSC_8396.JPG_max_y: 1717.68
DSC_8396.JPG_min_y: 1058.09
