-2.341958248623688399e-01 -2.375116068008489845e-01 1.080819060799611179e+03
-6.621286957470700063e-01 8.243143388075359346e-02 8.580142902495775843e+02
-5.108023428820969349e-04 -1.880989968885308854e-04 1.000000000000000000e+00
DSC_8326.JPG_max_x: 461.839
DSC_8326.JPG_min_x: 29.9531
DSC_8326.JPG_max_y: 1823.03
DSC_8326.JPG_min_y: 1497.84
DSC_8474.JPG_max_x: 1274.0
DSC_8474.JPG_min_x: 995.797
DSC_8474.JPG_max_y: 1592.96
DSC_8474.JPG_min_y: 1372.52
