1.536272286692215605e+00 8.115823174779717153e-01 5.386467071571579481e+02
-1.415973408225910390e-01 2.914844042665111878e+00 -2.096887822047515328e+03
-6.977612032113473563e-04 1.593348798450680429e-03 1.000000000000000000e+00
DSC_8260.JPG_max_x: 792.302
DSC_8260.JPG_min_x: 41.4908
DSC_8260.JPG_max_y: 1397.96
DSC_8260.JPG_min_y: 810.249
DSC_8475.JPG_max_x: 1178.4
DSC_8475.JPG_min_x: 542.357
DSC_8475.JPG_max_y: 706.133
DSC_8475.JPG_min_y: 125.148
