-2.752243642827964520e-01 -3.627500192871538354e-01 7.390961488253497009e+02
6.304027782766720607e-03 -4.035096178804699063e-01 4.850132590572865752e+02
-2.544903734427839776e-04 -6.340830732008764792e-04 1.000000000000000000e+00
DSC_8194.JPG_max_x: 1329.0
DSC_8194.JPG_min_x: 909.951
DSC_8194.JPG_max_y: 1983.24
DSC_8194.JPG_min_y: 1023.55
DSC_8197.JPG_max_x: 1036.21
DSC_8197.JPG_min_x: 186.866
DSC_8197.JPG_max_y: 976.021
DSC_8197.JPG_min_y: 50.3423
