-9.077590447610768554e-02 -9.247368231430205254e-01 1.052449817865603336e+03
-2.770151798179820712e-01 -1.450507381427781572e+00 1.837394591526944396e+03
7.390828451811793927e-05 -8.607484890971415234e-04 1.000000000000000000e+00
DSC_8291.JPG_max_x: 663.117
DSC_8291.JPG_min_x: 148.77
DSC_8291.JPG_max_y: 1750.42
DSC_8291.JPG_min_y: 804.829
DSC_8465.JPG_max_x: 1327.01
DSC_8465.JPG_min_x: 711.124
DSC_8465.JPG_max_y: 1697.81
DSC_8465.JPG_min_y: 1312.74
