1.133805038375670371e+00 2.866370500557222645e-01 -9.788307525719876878e+01
-8.869836111518156208e-02 1.207401796368842595e+00 -1.157704493676982565e+03
1.535839098309661516e-04 3.660958505393072625e-04 1.000000000000000000e+00
DSC_8318.JPG_max_x: 1106.15
DSC_8318.JPG_min_x: 199.851
DSC_8318.JPG_max_y: 1902.31
DSC_8318.JPG_min_y: 1035.79
DSC_8417.JPG_max_x: 979.899
DSC_8417.JPG_min_x: 307.511
DSC_8417.JPG_max_y: 553.827
DSC_8417.JPG_min_y: 11.2275
