2.250750623617311597e+00 2.378049478140275286e-01 -4.799005655898279201e+02
5.905223166322102341e-02 2.410663151838461804e+00 -3.264152692503437834e+02
-3.544963606526062787e-05 6.132009259963185207e-04 9.999999999999998890e-01
DSC_8361.JPG_max_x: 1013.81
DSC_8361.JPG_min_x: 189.144
DSC_8361.JPG_max_y: 1413.28
DSC_8361.JPG_min_y: 127.709
DSC_8387.JPG_max_x: 1190.58
DSC_8387.JPG_min_x: 19.2508
DSC_8387.JPG_max_y: 1704.63
DSC_8387.JPG_min_y: 10.1637
