7.022990805374735857e-01 8.162068985145586042e-02 2.176644488733562355e+02
-1.025363261522657943e-01 8.346103368720501070e-01 3.357288585018355320e+02
-9.342352539262620454e-05 5.494469376583433959e-05 1.000000000000000000e+00
DSC_8308.JPG_max_x: 1318.3
DSC_8308.JPG_min_x: 78.2218
DSC_8308.JPG_max_y: 1731.44
DSC_8308.JPG_min_y: 509.06
DSC_8454.JPG_max_x: 1315.97
DSC_8454.JPG_min_x: 347.26
DSC_8454.JPG_max_y: 1708.66
DSC_8454.JPG_min_y: 709.128
