2.732754468838903605e+00 -1.273002591178942489e-01 -1.605331181580739440e+03
1.439388516363557802e+00 7.874286872519670188e-01 1.428662538143741585e+03
8.918269558748318383e-04 -5.579608460479242417e-04 1.000000000000000000e+00
DSC_8345.JPG_max_x: 1325.54
DSC_8345.JPG_min_x: 979.949
DSC_8345.JPG_max_y: 400.643
DSC_8345.JPG_min_y: 36.2265
DSC_8374.JPG_max_x: 1000.45
DSC_8374.JPG_min_x: 597.589
DSC_8374.JPG_max_y: 1866.16
DSC_8374.JPG_min_y: 1556.92
