5.308449779661444934e-01 -2.654829450976786687e-01 1.091376631302368878e+03
-7.153107512559771231e-02 9.307601748601330716e-01 5.628131541433587870e+01
-3.534120053143575122e-04 2.647285133231060646e-05 1.000000000000000000e+00
DSC_8399.JPG_max_x: 357.362
DSC_8399.JPG_min_x: 64.1511
DSC_8399.JPG_max_y: 1408.57
DSC_8399.JPG_min_y: 407.054
DSC_8401.JPG_max_x: 1078.05
DSC_8401.JPG_min_x: 764.984
DSC_8401.JPG_max_y: 1427.72
DSC_8401.JPG_min_y: 437.438
