-2.090241067234255734e+00 -3.314117124345513643e-01 1.787239967101291313e+03
-3.944066928564091246e+00 1.260485120744778975e-01 1.981121181953949645e+03
-2.578321494242523382e-03 5.999313680406118208e-04 1.000000000000000000e+00
DSC_8253.JPG_max_x: 1307.79
DSC_8253.JPG_min_x: 139.066
DSC_8253.JPG_max_y: 914.968
DSC_8253.JPG_min_y: 602.39
DSC_8320.JPG_max_x: 1173.8
DSC_8320.JPG_min_x: 398.009
DSC_8320.JPG_max_y: 1803.13
DSC_8320.JPG_min_y: 1453.39
