-1.381534603268087524e+00 -5.153703861263787545e-01 1.020851578185986796e+03
-2.239903160672829685e+00 -1.204568619879575753e+00 1.699748567937007465e+03
-1.354606080923274978e-03 -5.889852059258231460e-04 9.999999999999998890e-01
DSC_8329.JPG_max_x: 814.567
DSC_8329.JPG_min_x: 530.068
DSC_8329.JPG_max_y: 388.737
DSC_8329.JPG_min_y: 102.417
DSC_8374.JPG_max_x: 1000.45
DSC_8374.JPG_min_x: 688.143
DSC_8374.JPG_max_y: 1864.55
DSC_8374.JPG_min_y: 1555.6
