4.363383318672722222e-01 -6.088613289705614717e-02 9.709070870623278324e+02
-4.337508902181183568e-01 7.807339313937271541e-01 2.957029925121801170e+02
-3.722968697095629812e-04 -7.803725276596828358e-05 1.000000000000000000e+00
DSC_8444.JPG_max_x: 341.376
DSC_8444.JPG_min_x: 9.60016
DSC_8444.JPG_max_y: 1505.61
DSC_8444.JPG_min_y: 819.852
DSC_8446.JPG_max_x: 1323.23
DSC_8446.JPG_min_x: 999.441
DSC_8446.JPG_max_y: 1679.48
DSC_8446.JPG_min_y: 979.278
