-1.978868169978834857e+01 4.865755682856297781e+00 4.506600221033688285e+03
-2.650223771431623732e+01 1.342999778968377811e+01 -5.494273297032163100e+03
-1.984416413794091658e-02 6.741895694755358631e-03 1.000000000000000000e+00
DSC_8291.JPG_max_x: 884.711
DSC_8291.JPG_min_x: 113.975
DSC_8291.JPG_max_y: 1970.66
DSC_8291.JPG_min_y: 1351.9
DSC_8305.JPG_max_x: 1249.16
DSC_8305.JPG_min_x: 621.032
DSC_8305.JPG_max_y: 1804.08
DSC_8305.JPG_min_y: 1147.13
