9.197102660070165525e-01 2.363986734939149403e-01 3.282449014393666857e+02
1.851847776210060470e-01 6.188550435755468815e-01 1.280754418539505423e+03
9.857313246082921761e-05 -4.415533812576501036e-05 1.000000000000000000e+00
DSC_8223.JPG_max_x: 1087.65
DSC_8223.JPG_min_x: 622.627
DSC_8223.JPG_max_y: 769.101
DSC_8223.JPG_min_y: 58.0527
DSC_8352.JPG_max_x: 1317.9
DSC_8352.JPG_min_x: 870.917
DSC_8352.JPG_max_y: 1825.4
DSC_8352.JPG_min_y: 1355.06
