5.049916489721086865e-01 2.252540315537726601e-01 4.306785499573143170e+02
-2.264015896013478815e-02 8.975252832063115305e-01 9.673784849888614872e+02
-3.540672890626488139e-05 2.983387694347327678e-04 9.999999999999998890e-01
DSC_8257.JPG_max_x: 1250.71
DSC_8257.JPG_min_x: 211.819
DSC_8257.JPG_max_y: 1194.71
DSC_8257.JPG_min_y: 78.5979
DSC_8452.JPG_max_x: 1077.89
DSC_8452.JPG_min_x: 557.876
DSC_8452.JPG_max_y: 1519.56
DSC_8452.JPG_min_y: 1052.25
