1.753557888571086520e+00 -2.278782677753959929e-01 8.864589172261273688e+02
5.792807831948899866e-02 2.304145035722040991e+00 2.092976726384575272e+02
-5.778240769132795673e-04 7.309740329288856499e-04 9.999999999999998890e-01
DSC_8199.JPG_max_x: 340.036
DSC_8199.JPG_min_x: 12.6876
DSC_8199.JPG_max_y: 759.934
DSC_8199.JPG_min_y: 230.352
DSC_8421.JPG_max_x: 1150.77
DSC_8421.JPG_min_x: 517.201
DSC_8421.JPG_max_y: 1399.79
DSC_8421.JPG_min_y: 694.857
