4.014019278200833818e-01 6.572077638531827193e-02 5.165411051399820508e+02
-4.984084656669265229e-02 6.076822934997229142e-01 2.720450239707351443e+02
-1.135696537139592357e-04 8.315778278632456044e-05 9.999999999999998890e-01
DSC_8226.JPG_max_x: 1307.38
DSC_8226.JPG_min_x: 223.739
DSC_8226.JPG_max_y: 1673.5
DSC_8226.JPG_min_y: 383.57
DSC_8294.JPG_max_x: 1202.49
DSC_8294.JPG_min_x: 643.307
DSC_8294.JPG_max_y: 1139.79
DSC_8294.JPG_min_y: 501.388
