5.753492833678157670e-01 6.490846639876957092e-02 -3.540655021094712538e+02
-5.446421883262909935e-02 -4.275627505712380483e-01 1.344691455913553682e+03
8.516493510773207834e-05 -6.787003887458747551e-04 1.000000000000000000e+00
DSC_8255.JPG_max_x: 1225.08
DSC_8255.JPG_min_x: 691.939
DSC_8255.JPG_max_y: 449.825
DSC_8255.JPG_min_y: 167.105
DSC_8306.JPG_max_x: 441.421
DSC_8306.JPG_min_x: 92.5176
DSC_8306.JPG_max_y: 1438.36
DSC_8306.JPG_min_y: 1236.92
