3.340588858974823161e+00 6.798777019647809006e+00 -2.644704501522014198e+03
-8.191444658517411659e-01 1.979161184406031637e+01 4.028460600054850147e+02
-5.900709588038535259e-04 1.189078838605310898e-02 1.000000000000000000e+00
DSC_8337.JPG_max_x: 1320.43
DSC_8337.JPG_min_x: 23.5592
DSC_8337.JPG_max_y: 784.321
DSC_8337.JPG_min_y: 177.945
DSC_8446.JPG_max_x: 1320.92
DSC_8446.JPG_min_x: 253.472
DSC_8446.JPG_max_y: 1596.63
DSC_8446.JPG_min_y: 1256.44
