6.277107009460823894e-01 -7.415852915471168871e-02 1.116522603232727988e+02
-2.125629777890540584e-01 4.373425625687727969e-01 -1.264736191155832756e+02
-5.638001185063206040e-05 -1.923343634404398310e-04 1.000000000000000000e+00
DSC_8316.JPG_max_x: 982.075
DSC_8316.JPG_min_x: 311.992
DSC_8316.JPG_max_y: 1640.75
DSC_8316.JPG_min_y: 902.726
DSC_8317.JPG_max_x: 954.299
DSC_8317.JPG_min_x: 272.478
DSC_8317.JPG_max_y: 716.394
DSC_8317.JPG_min_y: 161.122
