1.518178639452195711e+01 1.034154753861847853e+00 -1.042013135468239307e+04
1.555493202682961673e+01 1.700358479607000817e+00 1.112654803259183154e+03
1.186414026020213112e-02 -3.903134931857793130e-03 9.999999999999998890e-01
DSC_8267.JPG_max_x: 1318.24
DSC_8267.JPG_min_x: 727.661
DSC_8267.JPG_max_y: 1095.55
DSC_8267.JPG_min_y: 21.5871
DSC_8448.JPG_max_x: 830.312
DSC_8448.JPG_min_x: 70.2935
DSC_8448.JPG_max_y: 1959.28
DSC_8448.JPG_min_y: 1307.14
