3.177262010599320341e+00 1.337165388077312222e+00 -1.632159949783103684e+03
2.031085721685977341e-01 3.674446439959832666e+00 -3.727273119785868857e+03
-4.060804183124494190e-04 2.843405775014095672e-03 9.999999999999998890e-01
DSC_8242.JPG_max_x: 1018.22
DSC_8242.JPG_min_x: 50.2416
DSC_8242.JPG_max_y: 1940.3
DSC_8242.JPG_min_y: 1367.75
DSC_8455.JPG_max_x: 744.981
DSC_8455.JPG_min_x: 160.973
DSC_8455.JPG_max_y: 543.349
DSC_8455.JPG_min_y: 300.757
