9.694232831458882149e-01 -1.303528650113067455e-01 -1.095390872296158591e+02
1.590846414580091017e-01 8.376479136117536139e-01 1.486088859006831058e+02
1.015103061322392776e-04 -1.206770764338996251e-04 1.000000000000000000e+00
DSC_8456.JPG_max_x: 1313.78
DSC_8456.JPG_min_x: 284.813
DSC_8456.JPG_max_y: 1667.87
DSC_8456.JPG_min_y: 770.311
DSC_8476.JPG_max_x: 1007.08
DSC_8476.JPG_min_x: 1.87317
DSC_8476.JPG_max_y: 1892.31
DSC_8476.JPG_min_y: 926.004
