7.105617925119439571e-01 3.586609752433608800e-02 -3.767879690110416391e+02
7.545955064530913969e-02 8.299341018672842241e-01 4.398690361213605797e+02
5.655717169195722882e-05 1.239552912606150473e-04 1.000000000000000000e+00
DSC_8286.JPG_max_x: 1320.67
DSC_8286.JPG_min_x: 578.493
DSC_8286.JPG_max_y: 1967.59
DSC_8286.JPG_min_y: 708.755
DSC_8472.JPG_max_x: 499.214
DSC_8472.JPG_min_x: 73.4976
DSC_8472.JPG_max_y: 1627.68
DSC_8472.JPG_min_y: 980.052
