7.046901498017027476e-02 -2.253597141418796634e-01 1.620237469722480910e+02
-1.027818049896521285e-01 5.065996172032609379e-02 1.319194228755628160e+02
-4.596884894689394268e-04 -6.822060636920612622e-04 1.000000000000000000e+00
DSC_8229.JPG_max_x: 1248.15
DSC_8229.JPG_min_x: 136.044
DSC_8229.JPG_max_y: 734.985
DSC_8229.JPG_min_y: 87.4867
DSC_8297.JPG_max_x: 645.91
DSC_8297.JPG_min_x: 60.638
DSC_8297.JPG_max_y: 413.846
DSC_8297.JPG_min_y: 38.4896
