-3.707533950947256018e-01 -6.012673303707583017e-01 9.134136243973493947e+02
-2.246876482995884688e-02 -7.662577532940387792e-01 9.734996203724037969e+02
-1.904062626154744305e-05 -8.148258706004181786e-04 1.000000000000000000e+00
DSC_8378.JPG_max_x: 606.125
DSC_8378.JPG_min_x: 393.508
DSC_8378.JPG_max_y: 1403.12
DSC_8378.JPG_min_y: 1150.7
DSC_8465.JPG_max_x: 1263.55
DSC_8465.JPG_min_x: 131.065
DSC_8465.JPG_max_y: 1371.32
DSC_8465.JPG_min_y: 179.435
