-1.431417079395529146e-01 -3.812365603684381155e-01 1.107956181748927293e+03
-1.100980544859290422e+00 3.748643233045813594e-01 1.255527631445638690e+03
-7.766034958951646174e-04 -2.038504505957953713e-04 9.999999999999998890e-01
DSC_8369.JPG_max_x: 309.181
DSC_8369.JPG_min_x: 1.89522
DSC_8369.JPG_max_y: 687.621
DSC_8369.JPG_min_y: 456.694
DSC_8380.JPG_max_x: 1326.81
DSC_8380.JPG_min_x: 1021.46
DSC_8380.JPG_max_y: 1837.72
DSC_8380.JPG_min_y: 1576.04
