2.630576903583282666e-01 3.807580480595563338e-02 6.919186270458818626e+02
-4.069618047131485783e-01 7.247620180964353676e-01 2.152999304290223108e+02
-4.824139986279134392e-04 6.057594548935514551e-05 1.000000000000000000e+00
DSC_8216.JPG_max_x: 793.033
DSC_8216.JPG_min_x: 22.7641
DSC_8216.JPG_max_y: 1824.74
DSC_8216.JPG_min_y: 520.631
DSC_8246.JPG_max_x: 1327.95
DSC_8246.JPG_min_x: 717.567
DSC_8246.JPG_max_y: 1674.19
DSC_8246.JPG_min_y: 540.128
