6.744294854846180520e+00 -1.706938185657106999e+01 2.767185018504813797e+03
4.601695098254102057e+00 -1.361632132270527684e+01 2.823502322092628219e+03
1.220219034340637790e-02 -2.168542087840176838e-02 1.000000000000000000e+00
DSC_8325.JPG_max_x: 1077.14
DSC_8325.JPG_min_x: 47.1746
DSC_8325.JPG_max_y: 880.449
DSC_8325.JPG_min_y: 407.243
DSC_8395.JPG_max_x: 1214.18
DSC_8395.JPG_min_x: 103.897
DSC_8395.JPG_max_y: 1058.61
DSC_8395.JPG_min_y: 322.711
