1.833204755892101634e-01 -2.202716410090232169e-01 2.341001542912480033e+02
-1.609914766664512775e-01 2.628785898863640336e-01 -2.131149995787825731e+02
-3.352111961045566111e-04 -5.439168163018996390e-04 1.000000000000000000e+00
DSC_8196.JPG_max_x: 1064.3
DSC_8196.JPG_min_x: 443.553
DSC_8196.JPG_max_y: 1892.97
DSC_8196.JPG_min_y: 1205.06
DSC_8387.JPG_max_x: 969.502
DSC_8387.JPG_min_x: 66.8895
DSC_8387.JPG_max_y: 620.871
DSC_8387.JPG_min_y: 27.2333
