-4.113941512750371032e+01 -9.350776057238894268e+00 2.299620035236152398e+04
-3.788006647698185958e+01 -2.052885784693500781e+01 4.641025758268271602e+03
-3.075471089855186940e-02 -2.047406864507641568e-03 1.000000000000000000e+00
DSC_8267.JPG_max_x: 1252.41
DSC_8267.JPG_min_x: 795.593
DSC_8267.JPG_max_y: 1313.9
DSC_8267.JPG_min_y: 132.648
DSC_8334.JPG_max_x: 975.673
DSC_8334.JPG_min_x: 509.282
DSC_8334.JPG_max_y: 1881.07
DSC_8334.JPG_min_y: 1208.25
