7.632623822195673535e-02 -1.485863525297972831e+00 1.344822495562170161e+03
8.483315753757146582e-02 -1.317350947016484586e+00 1.183934228366552588e+03
6.511894184219789656e-05 -1.108800148964801712e-03 1.000000000000000000e+00
DSC_8334.JPG_max_x: 1320.52
DSC_8334.JPG_min_x: 381.377
DSC_8334.JPG_max_y: 1317.18
DSC_8334.JPG_min_y: 747.114
DSC_8348.JPG_max_x: 1324.63
DSC_8348.JPG_min_x: 196.968
DSC_8348.JPG_max_y: 1255.98
DSC_8348.JPG_min_y: 841.301
