6.062161227676188258e-01 -1.573460581744129949e-01 2.248485292035113403e+01
-2.261607901370440987e-01 1.065318855262227027e+00 1.173652131617008536e+03
-1.902252468523025716e-04 3.259629129429641808e-04 1.000000000000000000e+00
DSC_8243.JPG_max_x: 984.634
DSC_8243.JPG_min_x: 108.735
DSC_8243.JPG_max_y: 763.172
DSC_8243.JPG_min_y: 101.152
DSC_8308.JPG_max_x: 566.453
DSC_8308.JPG_min_x: 60.089
DSC_8308.JPG_max_y: 1665.55
DSC_8308.JPG_min_y: 1249.19
