-7.425960107286249112e-01 -2.097897814692115392e-01 1.160953402421064311e+03
-2.102771267673730904e-01 8.782933535823468640e-02 1.446526766786292626e+02
-7.506174876504709747e-04 -7.226749394089814307e-05 9.999999999999998890e-01
DSC_8424.JPG_max_x: 1290.31
DSC_8424.JPG_min_x: 496.049
DSC_8424.JPG_max_y: 1713.7
DSC_8424.JPG_min_y: 1038.7
DSC_8457.JPG_max_x: 1289.63
DSC_8457.JPG_min_x: 367.63
DSC_8457.JPG_max_y: 820.159
DSC_8457.JPG_min_y: 163.308
