8.759095611717168106e-01 8.253847923333719472e-02 5.212714861430155224e+02
1.166337763919405024e-01 8.355176800759352984e-01 2.289721265596674993e+00
1.415720347615185800e-04 1.018742709052308050e-04 1.000000000000000000e+00
DSC_8240.JPG_max_x: 1268.38
DSC_8240.JPG_min_x: 6.3411
DSC_8240.JPG_max_y: 1725.17
DSC_8240.JPG_min_y: 898.812
DSC_8292.JPG_max_x: 1327.63
DSC_8292.JPG_min_x: 551.242
DSC_8292.JPG_max_y: 1220.78
DSC_8292.JPG_min_y: 697.247
