2.019470803395171821e+00 -3.101739150865184258e-01 -6.318310144833397999e+02
2.486722837404200526e-01 1.295455417479566051e+00 9.365493396119904901e+02
1.225204336222498547e-04 -3.019829386566866215e-04 1.000000000000000000e+00
DSC_8399.JPG_max_x: 819.289
DSC_8399.JPG_min_x: 342.493
DSC_8399.JPG_max_y: 311.368
DSC_8399.JPG_min_y: 11.1535
DSC_8448.JPG_max_x: 928.363
DSC_8448.JPG_min_x: 14.4578
DSC_8448.JPG_max_y: 1517.74
DSC_8448.JPG_min_y: 1027.99
