3.968006212315814962e-01 -2.943681041813736576e-03 5.999624219719941038e+02
-1.315088873238809963e-01 4.855088709090392696e-01 1.151248129243696440e+03
-3.600587544259972468e-05 2.600783521271136673e-04 9.999999999999998890e-01
DSC_8271.JPG_max_x: 1001.37
DSC_8271.JPG_min_x: 119.568
DSC_8271.JPG_max_y: 1331.06
DSC_8271.JPG_min_y: 112.826
DSC_8336.JPG_max_x: 995.195
DSC_8336.JPG_min_x: 314.639
DSC_8336.JPG_max_y: 1423.59
DSC_8336.JPG_min_y: 631.733
