1.495089102013326254e+01 2.134376544249707575e+00 -1.008827764479220787e+04
7.912388368386421789e+00 2.271883482406287769e+01 -1.472806512718121303e+04
6.403952405168535089e-03 8.678012357128544324e-03 1.000000000000000000e+00
DSC_8286.JPG_max_x: 1320.34
DSC_8286.JPG_min_x: 575.511
DSC_8286.JPG_max_y: 1967.59
DSC_8286.JPG_min_y: 804.464
DSC_8452.JPG_max_x: 1305.55
DSC_8452.JPG_min_x: 115.944
DSC_8452.JPG_max_y: 1594.29
DSC_8452.JPG_min_y: 885.823
