3.127890019556489598e-01 -6.938115454052878883e-02 8.267996327226343283e+02
8.924847151102105469e-02 1.574784841434970495e-01 8.874304645677746066e+02
8.216844117895654343e-05 -6.328091586529682776e-05 1.000000000000000000e+00
DSC_8284.JPG_max_x: 1279.75
DSC_8284.JPG_min_x: 165.582
DSC_8284.JPG_max_y: 1447.5
DSC_8284.JPG_min_y: 290.284
DSC_8416.JPG_max_x: 1110.21
DSC_8416.JPG_min_x: 375.289
DSC_8416.JPG_max_y: 1213.37
DSC_8416.JPG_min_y: 958.301
