-6.531883548193087030e-01 -1.910568358334544803e-01 8.302208575754835920e+02
-3.230417401251499676e+00 -8.183589283731934616e-01 3.039978640711778553e+03
-2.446544081939956271e-03 9.981998424635523586e-05 1.000000000000000000e+00
DSC_8240.JPG_max_x: 1317.52
DSC_8240.JPG_min_x: 394.035
DSC_8240.JPG_max_y: 1701.97
DSC_8240.JPG_min_y: 928.048
DSC_8338.JPG_max_x: 1186.05
DSC_8338.JPG_min_x: 18.8985
DSC_8338.JPG_max_y: 1839.98
DSC_8338.JPG_min_y: 820.294
