-1.131231145445647623e+00 -3.036152284668336421e-01 1.190623931253722503e+03
-1.479350145165871488e+00 1.426245243877716229e-01 9.535578728490099820e+02
-1.033525756877238817e-03 -2.318168335271189671e-04 1.000000000000000000e+00
DSC_8330.JPG_max_x: 1170.55
DSC_8330.JPG_min_x: 203.135
DSC_8330.JPG_max_y: 1243.14
DSC_8330.JPG_min_y: 622.442
DSC_8360.JPG_max_x: 1300.52
DSC_8360.JPG_min_x: 1037.36
DSC_8360.JPG_max_y: 1711.11
DSC_8360.JPG_min_y: 1062.99
