2.655809877517763873e+00 6.685033960533122155e-01 -2.576166261282781761e+03
5.018952002941573509e-01 3.493290018511010508e+00 -1.780449058554307612e+03
4.996423731690350723e-04 7.059046262843590453e-04 1.000000000000000000e+00
DSC_8222.JPG_max_x: 1329.18
DSC_8222.JPG_min_x: 463.289
DSC_8222.JPG_max_y: 1716.43
DSC_8222.JPG_min_y: 776.871
DSC_8224.JPG_max_x: 690.516
DSC_8224.JPG_min_x: 13.2746
DSC_8224.JPG_max_y: 1794.89
DSC_8224.JPG_min_y: 726.491
