8.821198016787950014e-01 -5.992988362173043981e-01 1.548396768352555455e+03
2.268910277297219169e-01 7.871749979304324407e-01 2.458345260474974623e+02
7.493876818619754784e-05 -1.089528372235372796e-04 1.000000000000000000e+00
DSC_8294.JPG_max_x: 400.052
DSC_8294.JPG_min_x: 10.2972
DSC_8294.JPG_max_y: 1194.34
DSC_8294.JPG_min_y: 686.83
DSC_8352.JPG_max_x: 1323.65
DSC_8352.JPG_min_x: 1016.45
DSC_8352.JPG_max_y: 1352.51
DSC_8352.JPG_min_y: 854.775
