6.749641170009972324e-01 -2.569959486259346670e-01 2.224750785737375338e+02
8.198618575973594391e-02 1.140952971866675963e-01 1.253074803503822977e+03
3.445809268667857122e-05 -3.452303598977197259e-04 1.000000000000000000e+00
DSC_8351.JPG_max_x: 1235.1
DSC_8351.JPG_min_x: 165.063
DSC_8351.JPG_max_y: 760.92
DSC_8351.JPG_min_y: 6.69092
DSC_8378.JPG_max_x: 1054.91
DSC_8378.JPG_min_x: 321.322
DSC_8378.JPG_max_y: 1828.14
DSC_8378.JPG_min_y: 1269.16
