6.633343836523140080e-01 4.188797239324104638e-02 -4.639671790688841497e+02
-1.090718947355732472e-02 7.002691329486536720e-01 2.066324866438519052e+02
3.113401108435619213e-07 1.934641645330345235e-06 1.000000000000000000e+00
DSC_8314.JPG_max_x: 1208.28
DSC_8314.JPG_min_x: 738.441
DSC_8314.JPG_max_y: 1123.72
DSC_8314.JPG_min_y: 239.57
DSC_8280.JPG_max_x: 374.364
DSC_8280.JPG_min_x: 56.4718
DSC_8280.JPG_max_y: 982.682
DSC_8280.JPG_min_y: 365.034
