4.631894128995333482e+00 1.954879820691147518e+00 -2.803460422625512820e+03
-1.211146550524829335e+00 5.517036103783017786e+00 -5.111761078003225521e+03
-1.171841832868318221e-03 2.075041011746544400e-03 1.000000000000000000e+00
DSC_8328.JPG_max_x: 822.726
DSC_8328.JPG_min_x: 295.578
DSC_8328.JPG_max_y: 1467.34
DSC_8328.JPG_min_y: 1108.52
DSC_8345.JPG_max_x: 1318.56
DSC_8345.JPG_min_x: 384.238
DSC_8345.JPG_max_y: 708.163
DSC_8345.JPG_min_y: 41.1692
