-2.874361749119872744e+00 -2.595540676948074665e+00 3.210341140691645251e+03
1.498549235921881606e-01 -4.447488486250100514e+00 4.186020074733566616e+03
-1.989742855758014600e-04 -2.617761156127104433e-03 1.000000000000000000e+00
DSC_8352.JPG_max_x: 919.411
DSC_8352.JPG_min_x: 86.3684
DSC_8352.JPG_max_y: 1484.02
DSC_8352.JPG_min_y: 1059.98
DSC_8447.JPG_max_x: 1167.42
DSC_8447.JPG_min_x: 334.159
DSC_8447.JPG_max_y: 891.266
DSC_8447.JPG_min_y: 244.295
