4.307155995296461981e+00 -3.234662333634466425e+00 1.225080713274698070e+02
4.418723097468602035e+00 -2.601390799134753795e+00 -2.055092957635487494e+02
8.355337694237461796e-03 -6.588317060223759791e-03 1.000000000000000000e+00
DSC_8287.JPG_max_x: 1149.64
DSC_8287.JPG_min_x: 146.067
DSC_8287.JPG_max_y: 1504.3
DSC_8287.JPG_min_y: 87.1283
DSC_8367.JPG_max_x: 1234.38
DSC_8367.JPG_min_x: 192.887
DSC_8367.JPG_max_y: 969.738
DSC_8367.JPG_min_y: 195.903
