2.783780347489313911e+01 1.324855106244364755e+01 -2.337617814504756825e+04
-2.925193705990838833e+00 4.050315976984857258e+01 -3.972809804380369314e+04
7.215563549420917107e-03 1.814596932055507691e-02 1.000000000000000000e+00
DSC_8230.JPG_max_x: 1251.56
DSC_8230.JPG_min_x: 594.697
DSC_8230.JPG_max_y: 1282.86
DSC_8230.JPG_min_y: 1053.08
DSC_8313.JPG_max_x: 851.837
DSC_8313.JPG_min_x: 351.603
DSC_8313.JPG_max_y: 336.179
DSC_8313.JPG_min_y: 15.7931
