2.311980507078089109e-01 -3.281549522168312194e-01 5.678118883877713188e+02
-6.500971592303546320e-02 -2.942701394213217969e-01 1.102501415308232026e+03
-4.850074173953047342e-05 -4.253387151093513318e-04 1.000000000000000000e+00
DSC_8213.JPG_max_x: 788.342
DSC_8213.JPG_min_x: 356.226
DSC_8213.JPG_max_y: 1282.12
DSC_8213.JPG_min_y: 423.296
DSC_8260.JPG_max_x: 785.205
DSC_8260.JPG_min_x: 578.69
DSC_8260.JPG_max_y: 1618.98
DSC_8260.JPG_min_y: 1184.91
