7.197565473446235762e-01 -2.108795274260424554e-02 4.787526656928095292e+01
1.624385106578592475e-01 6.257173773930634342e-01 5.501386552833758969e+02
1.366828173209314512e-04 -2.252403870842199272e-05 1.000000000000000000e+00
DSC_8334.JPG_max_x: 1325.28
DSC_8334.JPG_min_x: 384.282
DSC_8334.JPG_max_y: 1872.67
DSC_8334.JPG_min_y: 743.379
DSC_8378.JPG_max_x: 849.612
DSC_8378.JPG_min_x: 299.125
DSC_8378.JPG_max_y: 1710.85
DSC_8378.JPG_min_y: 1048.33
