-7.467443542348811518e-03 -1.811758233619644276e+00 6.907307426691966157e+02
-6.267661728374027130e-02 -8.744410654493963708e-01 3.785873213807375350e+02
-8.968027438355176319e-05 -2.447959671754643216e-03 1.000000000000000000e+00
DSC_8397.JPG_max_x: 986.189
DSC_8397.JPG_min_x: 339.663
DSC_8397.JPG_max_y: 442.13
DSC_8397.JPG_min_y: 199.709
DSC_8453.JPG_max_x: 1300.59
DSC_8453.JPG_min_x: 191.908
DSC_8453.JPG_max_y: 913.902
DSC_8453.JPG_min_y: 218.396
