8.104716066966103361e-01 2.320603549893736090e-03 1.623537456919004001e+02
-3.490338930615634327e-02 7.221322963868783695e-01 2.396108836598886001e+02
-5.480678347805990528e-05 -1.035179905295266245e-04 1.000000000000000000e+00
DSC_8353.JPG_max_x: 1269.2
DSC_8353.JPG_min_x: 24.4407
DSC_8353.JPG_max_y: 1077.06
DSC_8353.JPG_min_y: 101.25
DSC_8415.JPG_max_x: 1321.57
DSC_8415.JPG_min_x: 222.601
DSC_8415.JPG_max_y: 1172.81
DSC_8415.JPG_min_y: 296.836
