8.922474957029474796e-01 -1.108527212295269404e-01 2.167320469418864661e+02
5.132310882820035475e-02 4.179339642909404851e-01 4.526009841925837804e+02
1.514830153199156102e-04 -4.562040573442954750e-04 1.000000000000000000e+00
DSC_8199.JPG_max_x: 693.249
DSC_8199.JPG_min_x: 9.89965
DSC_8199.JPG_max_y: 978.224
DSC_8199.JPG_min_y: 443.259
DSC_8401.JPG_max_x: 1037.14
DSC_8401.JPG_min_x: 229.712
DSC_8401.JPG_max_y: 1391.59
DSC_8401.JPG_min_y: 766.78
