-1.438124579193589625e+01 -3.986791237703810165e+00 1.818033940529601068e+03
-7.523255270238574433e+00 -1.070000040571648015e+01 7.435655627971093963e+03
-7.647300812505578547e-03 -3.805800281970949002e-03 9.999999999999998890e-01
DSC_8362.JPG_max_x: 1327.89
DSC_8362.JPG_min_x: 69.5741
DSC_8362.JPG_max_y: 1465.92
DSC_8362.JPG_min_y: 780.975
DSC_8404.JPG_max_x: 1291.38
DSC_8404.JPG_min_x: 934.016
DSC_8404.JPG_max_y: 1845.13
DSC_8404.JPG_min_y: 705.99
