1.543821265416202682e+00 3.273621696574935402e-01 2.087969546839132136e+02
-1.915072168297752564e-01 1.729643991212024945e+00 -1.450576130771259614e+03
-1.208261352134772402e-04 3.325425995098023313e-04 9.999999999999998890e-01
DSC_8236.JPG_max_x: 739.154
DSC_8236.JPG_min_x: 9.89303
DSC_8236.JPG_max_y: 1647.18
DSC_8236.JPG_min_y: 910.356
DSC_8335.JPG_max_x: 1320.4
DSC_8335.JPG_min_x: 443.146
DSC_8335.JPG_max_y: 876.107
DSC_8335.JPG_min_y: 18.7436
