5.157330681056070398e-01 -7.731121081918170684e-03 6.048921974343278407e+02
1.270448538914189796e-01 4.225817276510431264e-01 7.704489062525937015e+02
1.002447477101845775e-04 -5.176107984553825331e-06 1.000000000000000000e+00
DSC_8252.JPG_max_x: 1317.99
DSC_8252.JPG_min_x: 42.2745
DSC_8252.JPG_max_y: 1957.35
DSC_8252.JPG_min_y: 578.377
DSC_8364.JPG_max_x: 1140.11
DSC_8364.JPG_min_x: 620.624
DSC_8364.JPG_max_y: 1607.5
DSC_8364.JPG_min_y: 1034.07
