-6.680169053282880576e-01 2.986029753225427630e-02 8.438286635056003888e+02
-1.083802709358339333e+00 1.194789348122813566e+00 4.180176839968127069e+02
-1.400070088783288017e-03 9.857106484125626768e-04 9.999999999999998890e-01
DSC_8306.JPG_max_x: 1325.12
DSC_8306.JPG_min_x: 420.972
DSC_8306.JPG_max_y: 1420.3
DSC_8306.JPG_min_y: 658.522
DSC_8308.JPG_max_x: 722.43
DSC_8308.JPG_min_x: 4.95066
DSC_8308.JPG_max_y: 1451.14
DSC_8308.JPG_min_y: 583.577
