1.205573597998023994e+00 2.951981721749725729e-01 -1.140695323553507706e+03
-1.937173010112747118e-01 2.153883606337248402e+00 -2.090126815046437969e+03
-1.099496320263846928e-04 4.529552370998747839e-04 1.000000000000000000e+00
DSC_8344.JPG_max_x: 1326.94
DSC_8344.JPG_min_x: 622.859
DSC_8344.JPG_max_y: 1717.63
DSC_8344.JPG_min_y: 1131.83
DSC_8407.JPG_max_x: 582.039
DSC_8407.JPG_min_x: 52.3485
DSC_8407.JPG_max_y: 854.38
DSC_8407.JPG_min_y: 72.0533
