-2.242192610589354984e-01 -4.996766303531550296e-03 2.613102811711916047e+02
-1.785532609925458480e+00 -1.076113261164276941e-01 1.872006240799865736e+03
-1.240803788086294749e-03 1.492312267793074044e-04 1.000000000000000000e+00
DSC_8306.JPG_max_x: 1320.91
DSC_8306.JPG_min_x: 620.397
DSC_8306.JPG_max_y: 1335.18
DSC_8306.JPG_min_y: 692.441
DSC_8474.JPG_max_x: 238.475
DSC_8474.JPG_min_x: 19.6454
DSC_8474.JPG_max_y: 1490.82
DSC_8474.JPG_min_y: 959.9
