9.174857562656598686e-01 5.759912195632895665e-02 1.567414924947053123e+02
2.593683078035300404e-01 8.412394293084513031e-01 2.016678192553753490e+02
2.589068598890298715e-04 3.894588574386992629e-05 1.000000000000000000e+00
DSC_8424.JPG_max_x: 1305.3
DSC_8424.JPG_min_x: 415.166
DSC_8424.JPG_max_y: 1855.46
DSC_8424.JPG_min_y: 718.188
DSC_8476.JPG_max_x: 1010.45
DSC_8476.JPG_min_x: 537.345
DSC_8476.JPG_max_y: 1519.76
DSC_8476.JPG_min_y: 819.89
