1.064213687528259289e+00 1.719672903049883073e-01 -7.836458293400962702e+02
6.781620325661099624e-01 4.517921826317884415e-01 1.575916366771402636e+03
5.269517591217231676e-04 -2.292528424392108318e-04 1.000000000000000000e+00
DSC_8203.JPG_max_x: 1287.17
DSC_8203.JPG_min_x: 747.945
DSC_8203.JPG_max_y: 643.011
DSC_8203.JPG_min_y: 20.4665
DSC_8368.JPG_max_x: 457.322
DSC_8368.JPG_min_x: 16.7754
DSC_8368.JPG_max_y: 1832.41
DSC_8368.JPG_min_y: 1501.24
