-3.976418340088513359e-01 -6.521637188883188004e-03 4.861396987241050169e+02
-1.283067842201062625e+00 -3.684326878066139788e-01 1.580674619514377355e+03
-1.150435906773644885e-03 3.877217868634530944e-05 1.000000000000000000e+00
DSC_8256.JPG_max_x: 1324.35
DSC_8256.JPG_min_x: 458.325
DSC_8256.JPG_max_y: 1232.06
DSC_8256.JPG_min_y: 670.178
DSC_8258.JPG_max_x: 564.988
DSC_8258.JPG_min_x: 11.0801
DSC_8258.JPG_max_y: 1168.14
DSC_8258.JPG_min_y: 676.163
