1.746331022308132086e+00 6.702325533224733345e-01 -1.427115893656683738e+03
-2.759689624090410145e-02 1.508558500297827898e+00 2.417999005728015760e+01
3.903123623533628905e-04 4.205513613806839148e-05 1.000000000000000000e+00
DSC_8397.JPG_max_x: 1305.04
DSC_8397.JPG_min_x: 778.803
DSC_8397.JPG_max_y: 1119.57
DSC_8397.JPG_min_y: 78.83
DSC_8429.JPG_max_x: 785.561
DSC_8429.JPG_min_x: 173.062
DSC_8429.JPG_max_y: 1230.76
DSC_8429.JPG_min_y: 81.3892
