6.315796561712133661e-01 5.397136613092949620e-02 2.615048021978029738e+02
3.279159407216863248e-02 5.742443048548842022e-01 1.597163356093120115e+02
1.073132067261046394e-05 1.469566310553891207e-06 1.000000000000000000e+00
DSC_8291.JPG_max_x: 1321.97
DSC_8291.JPG_min_x: 147.709
DSC_8291.JPG_max_y: 1778.49
DSC_8291.JPG_min_y: 36.2405
DSC_8471.JPG_max_x: 1111.22
DSC_8471.JPG_min_x: 432.94
DSC_8471.JPG_max_y: 1225.34
DSC_8471.JPG_min_y: 189.236
