6.095342425480735349e-01 -8.233699068137982913e-01 5.680283648028076868e+02
2.111238204331772617e-01 -3.072129292143970236e-01 2.418234711656439799e+02
7.292861580037791110e-04 -1.221715825407760107e-03 1.000000000000000000e+00
DSC_8305.JPG_max_x: 1178.52
DSC_8305.JPG_min_x: 426.802
DSC_8305.JPG_max_y: 1804.08
DSC_8305.JPG_min_y: 131.007
DSC_8399.JPG_max_x: 1079.74
DSC_8399.JPG_min_x: 482.49
DSC_8399.JPG_max_y: 575.564
DSC_8399.JPG_min_y: 162.31
