5.607224130994062916e-01 -4.294109005169983173e-01 1.533303989046786000e+03
1.435040561223536321e-02 1.236620371722461087e+00 -1.235257697966281683e+02
-3.757144177998731770e-04 3.765274497090267264e-04 1.000000000000000000e+00
DSC_8439.JPG_max_x: 958.346
DSC_8439.JPG_min_x: 247.256
DSC_8439.JPG_max_y: 1654.42
DSC_8439.JPG_min_y: 1116.08
DSC_8477.JPG_max_x: 1139.5
DSC_8477.JPG_min_x: 769.11
DSC_8477.JPG_max_y: 1514.38
DSC_8477.JPG_min_y: 1030.11
