9.292950981196842264e+00 4.198558370023814490e+00 -8.631613791656007379e+03
9.611195271933122009e-02 1.144403579178989183e+01 -9.333041181953849446e+03
1.703669857446504961e-03 4.669378955734205389e-03 1.000000000000000000e+00
DSC_8336.JPG_max_x: 1329.33
DSC_8336.JPG_min_x: 298.136
DSC_8336.JPG_max_y: 1454.31
DSC_8336.JPG_min_y: 939.892
DSC_8447.JPG_max_x: 1003.0
DSC_8447.JPG_min_x: 64.7769
DSC_8447.JPG_max_y: 915.193
DSC_8447.JPG_min_y: 220.186
