-5.606514993606982245e+00 2.354973279576897671e-01 4.569741256474408146e+03
-1.361607717577679288e+01 8.631070520460708551e+00 3.146407443206457629e+03
-8.436676072438194923e-03 7.260047552123624973e-03 1.000000000000000000e+00
DSC_8347.JPG_max_x: 1288.64
DSC_8347.JPG_min_x: 543.704
DSC_8347.JPG_max_y: 1101.32
DSC_8347.JPG_min_y: 14.4781
DSC_8376.JPG_max_x: 397.397
DSC_8376.JPG_min_x: 4.72716
DSC_8376.JPG_max_y: 1842.9
DSC_8376.JPG_min_y: 1302.7
