8.782123176455121083e-01 -2.753308089788428226e-01 6.637273849983657783e+02
-4.787197750999502843e-01 8.632267428884409233e-01 4.703460007287599751e+02
-3.897352911382534740e-04 -2.597790327174522495e-04 1.000000000000000000e+00
DSC_8318.JPG_max_x: 436.25
DSC_8318.JPG_min_x: 121.096
DSC_8318.JPG_max_y: 862.94
DSC_8318.JPG_min_y: 529.475
DSC_8462.JPG_max_x: 1299.01
DSC_8462.JPG_min_x: 745.054
DSC_8462.JPG_max_y: 1660.6
DSC_8462.JPG_min_y: 1051.99
