6.699522494057347233e-01 -1.570604654314049220e-02 -1.999499453364367128e+02
-6.633510831532696272e-02 7.020603715691978719e-01 3.359516013316753060e+02
-5.084871587871397941e-05 4.716966950985507581e-05 1.000000000000000000e+00
DSC_8224.JPG_max_x: 1294.0
DSC_8224.JPG_min_x: 347.593
DSC_8224.JPG_max_y: 1939.83
DSC_8224.JPG_min_y: 754.856
DSC_8338.JPG_max_x: 647.28
DSC_8338.JPG_min_x: 18.8985
DSC_8338.JPG_max_y: 1563.39
DSC_8338.JPG_min_y: 820.294
