9.692677559202662607e-01 -3.683180282926639126e-01 -2.664862820203690603e+02
1.867799111951854718e-01 5.051129436960786201e-01 1.076134739736090069e+03
1.023929759429391661e-04 -2.880571824727458266e-04 1.000000000000000000e+00
DSC_8309.JPG_max_x: 1298.93
DSC_8309.JPG_min_x: 445.304
DSC_8309.JPG_max_y: 728.783
DSC_8309.JPG_min_y: 355.021
DSC_8442.JPG_max_x: 802.233
DSC_8442.JPG_min_x: 12.7953
DSC_8442.JPG_max_y: 1828.84
DSC_8442.JPG_min_y: 1436.83
