8.645922514094830369e-01 6.453733394932649470e-02 4.769485533579253911e+02
-7.368587340990204182e-02 1.003881257451118003e+00 3.597709539644807819e+01
-6.385893922536603061e-05 5.143772897824777022e-05 1.000000000000000000e+00
DSC_8256.JPG_max_x: 899.531
DSC_8256.JPG_min_x: 29.2055
DSC_8256.JPG_max_y: 1966.61
DSC_8256.JPG_min_y: 656.966
DSC_8272.JPG_max_x: 1323.49
DSC_8272.JPG_min_x: 578.639
DSC_8272.JPG_max_y: 1847.11
DSC_8272.JPG_min_y: 664.187
