-5.839034796865130161e+00 3.785018409303479991e-01 4.243119505121241673e+03
-4.497060241272932579e+00 -3.652386691363837201e+00 5.129174507048581290e+03
-2.766806335430886752e-03 2.757477066175425423e-04 1.000000000000000000e+00
DSC_8246.JPG_max_x: 1236.46
DSC_8246.JPG_min_x: 786.828
DSC_8246.JPG_max_y: 898.074
DSC_8246.JPG_min_y: 534.787
DSC_8402.JPG_max_x: 1215.02
DSC_8402.JPG_min_x: 65.9288
DSC_8402.JPG_max_y: 1820.34
DSC_8402.JPG_min_y: 625.236
