1.296954140122204224e+00 -3.351823814205551755e-01 -2.892577392341905806e+02
6.297633324488939310e-01 1.159426472579685674e+00 1.067019943262527477e+03
3.966625452771287250e-04 1.306564780600705787e-04 9.999999999999998890e-01
DSC_8339.JPG_max_x: 1154.11
DSC_8339.JPG_min_x: 395.23
DSC_8339.JPG_max_y: 552.434
DSC_8339.JPG_min_y: 186.308
DSC_8394.JPG_max_x: 715.503
DSC_8394.JPG_min_x: 113.974
DSC_8394.JPG_max_y: 1618.67
DSC_8394.JPG_min_y: 1315.12
