3.817289050243382942e+00 -4.036395970401123745e-01 4.070029425962677578e+02
2.079838067319937700e+00 2.028333505164446660e+00 -7.729633941061410951e+01
2.142576807652610358e-03 1.176233276218827567e-04 1.000000000000000000e+00
DSC_8299.JPG_max_x: 1007.6
DSC_8299.JPG_min_x: 81.807
DSC_8299.JPG_max_y: 961.57
DSC_8299.JPG_min_y: 121.531
DSC_8313.JPG_max_x: 1256.12
DSC_8313.JPG_min_x: 476.742
DSC_8313.JPG_max_y: 1220.13
DSC_8313.JPG_min_y: 472.539
