6.686871123869707612e-01 -3.243600077474264043e-01 4.332176861133624470e+02
-2.159197199905719400e-01 1.541249173786113646e-01 1.419806255137671769e+03
-1.712868181032091322e-04 -3.701116679904496373e-04 9.999999999999998890e-01
DSC_8201.JPG_max_x: 749.843
DSC_8201.JPG_min_x: 156.168
DSC_8201.JPG_max_y: 462.769
DSC_8201.JPG_min_y: 130.91
DSC_8364.JPG_max_x: 1091.48
DSC_8364.JPG_min_x: 516.808
DSC_8364.JPG_max_y: 1825.71
DSC_8364.JPG_min_y: 1540.89
