2.249553265377168429e+02 8.159609192403324585e+01 -2.272490891453880176e+05
1.376449183707500765e+02 1.453071721626776593e+02 -7.294464295068781939e+04
2.851283541441091418e-01 -4.020511937640122713e-02 1.000000000000000000e+00
DSC_8323.JPG_max_x: 1313.02
DSC_8323.JPG_min_x: 913.717
DSC_8323.JPG_max_y: 766.726
DSC_8323.JPG_min_y: 335.075
DSC_8475.JPG_max_x: 357.196
DSC_8475.JPG_min_x: 133.069
DSC_8475.JPG_max_y: 650.738
DSC_8475.JPG_min_y: 406.236
