3.817862707818585610e-01 -3.675953047606091428e-01 9.021904232409883662e+02
7.252875554129707691e-02 5.372389951072980008e-01 7.349379833828447772e+01
-3.066850609521885635e-04 -1.558700948360619467e-04 1.000000000000000000e+00
DSC_8343.JPG_max_x: 750.708
DSC_8343.JPG_min_x: 57.5224
DSC_8343.JPG_max_y: 1323.26
DSC_8343.JPG_min_y: 93.4432
DSC_8411.JPG_max_x: 1251.26
DSC_8411.JPG_min_x: 582.143
DSC_8411.JPG_max_y: 1435.66
DSC_8411.JPG_min_y: 134.13
