5.600967471740651016e-01 -4.440592774527390985e-01 5.235136744758297027e+02
7.716929549606932857e-03 5.487176066846582989e-01 3.165720564241517536e+02
-1.881462422194845794e-04 -6.105019543617220298e-05 1.000000000000000000e+00
DSC_8293.JPG_max_x: 694.454
DSC_8293.JPG_min_x: 18.4878
DSC_8293.JPG_max_y: 719.25
DSC_8293.JPG_min_y: 77.7891
DSC_8447.JPG_max_x: 995.687
DSC_8447.JPG_min_x: 287.492
DSC_8447.JPG_max_y: 816.425
DSC_8447.JPG_min_y: 372.369
