1.218901817386262021e+00 -2.181584980599001744e-01 1.470329015292367387e+02
-8.021059241956648989e-02 8.277631938602437733e-01 4.095372403589503563e+01
2.691448349705893501e-05 -1.595415831401886394e-04 9.999999999999998890e-01
DSC_8202.JPG_max_x: 1033.17
DSC_8202.JPG_min_x: 51.0365
DSC_8202.JPG_max_y: 1235.41
DSC_8202.JPG_min_y: 687.465
DSC_8306.JPG_max_x: 1312.53
DSC_8306.JPG_min_x: 15.432
DSC_8306.JPG_max_y: 1265.32
DSC_8306.JPG_min_y: 604.168
