4.697417203181690204e-01 3.343207238497683531e-01 6.026660697160127711e+02
3.843868495513094730e-02 4.426326172022619354e-01 3.926892738189986289e+02
2.013046204622395591e-05 1.679714875350313838e-04 1.000000000000000000e+00
DSC_8205.JPG_max_x: 1172.0
DSC_8205.JPG_min_x: 671.812
DSC_8205.JPG_max_y: 1053.25
DSC_8205.JPG_min_y: 157.684
DSC_8413.JPG_max_x: 1181.85
DSC_8413.JPG_min_x: 936.345
DSC_8413.JPG_max_y: 739.886
DSC_8413.JPG_min_y: 470.662
