3.213483877125740129e+00 -7.145656603517132333e-02 7.376066091632455368e+01
1.409764983142907172e-02 3.134166889352846486e+00 -1.971341102275986486e+03
-2.907009941127941776e-05 -2.077459338359767782e-05 1.000000000000000000e+00
DSC_8216.JPG_max_x: 267.14
DSC_8216.JPG_min_x: 5.00906
DSC_8216.JPG_max_y: 1219.59
DSC_8216.JPG_min_y: 658.68
DSC_8386.JPG_max_x: 890.898
DSC_8386.JPG_min_x: 21.3523
DSC_8386.JPG_max_y: 1910.96
DSC_8386.JPG_min_y: 104.902
