9.931581400465141485e-01 -8.098089773185122853e-02 -4.543139063388342720e+02
1.892458117852989230e-01 8.923874616631034540e-01 2.187629655479628639e+02
1.408885392446966763e-04 -2.400013387881802572e-05 1.000000000000000000e+00
DSC_8306.JPG_max_x: 1315.52
DSC_8306.JPG_min_x: 532.101
DSC_8306.JPG_max_y: 1460.45
DSC_8306.JPG_min_y: 591.193
DSC_8444.JPG_max_x: 668.297
DSC_8444.JPG_min_x: 9.60016
DSC_8444.JPG_max_y: 1543.02
DSC_8444.JPG_min_y: 819.852
