5.431627078006638909e-01 8.297802366429193888e-02 1.496890607769786357e+02
-1.223413473000516394e-01 8.032125699870619195e-01 1.011112531994953940e+02
-1.644731082340769156e-04 9.418725759851433535e-05 1.000000000000000000e+00
DSC_8216.JPG_max_x: 1201.73
DSC_8216.JPG_min_x: 22.7641
DSC_8216.JPG_max_y: 1632.43
DSC_8216.JPG_min_y: 507.534
DSC_8278.JPG_max_x: 963.37
DSC_8278.JPG_min_x: 239.211
DSC_8278.JPG_max_y: 1310.29
DSC_8278.JPG_min_y: 511.974
