1.021268983581597345e+00 8.574986620633516521e-02 2.189598165804952430e+02
2.360796103811872160e-01 1.029610684483936112e+00 2.574005911411408078e+02
1.746272869938503497e-04 1.311004889892838942e-04 1.000000000000000000e+00
DSC_8222.JPG_max_x: 1307.24
DSC_8222.JPG_min_x: 27.7104
DSC_8222.JPG_max_y: 1857.14
DSC_8222.JPG_min_y: 778.139
DSC_8366.JPG_max_x: 1199.95
DSC_8366.JPG_min_x: 313.93
DSC_8366.JPG_max_y: 1681.54
DSC_8366.JPG_min_y: 1016.3
