2.084871174731857402e-01 -1.874106387516582539e-01 5.379265639083657788e+02
-3.588303302735687539e-01 3.446386347361157232e-01 1.003720852175951904e+03
-3.395391564611006160e-04 -2.464539709479501265e-05 1.000000000000000000e+00
DSC_8287.JPG_max_x: 1261.61
DSC_8287.JPG_min_x: 307.255
DSC_8287.JPG_max_y: 1256.36
DSC_8287.JPG_min_y: 105.72
DSC_8320.JPG_max_x: 1234.0
DSC_8320.JPG_min_x: 479.884
DSC_8320.JPG_max_y: 1596.19
DSC_8320.JPG_min_y: 1029.74
