9.339691836724893781e-01 1.148384819296834475e-01 -5.260099935126615947e+02
-2.792023981682350553e-01 1.754834456681762189e+00 -1.779192390133069921e+02
-2.251194857645274496e-04 3.466705973772249297e-04 1.000000000000000000e+00
DSC_8232.JPG_max_x: 1319.37
DSC_8232.JPG_min_x: 484.655
DSC_8232.JPG_max_y: 1349.34
DSC_8232.JPG_min_y: 696.644
DSC_8362.JPG_max_x: 815.387
DSC_8362.JPG_min_x: 71.8287
DSC_8362.JPG_max_y: 1501.65
DSC_8362.JPG_min_y: 786.852
