-1.042561819184236960e+00 -1.136286275040819804e+00 1.180187710837859640e+03
-1.923095457060426394e+00 -7.868046326077657859e-01 1.518126879633507315e+03
-1.232551664253503029e-03 -7.522378391003741458e-04 1.000000000000000000e+00
DSC_8221.JPG_max_x: 1004.86
DSC_8221.JPG_min_x: 102.769
DSC_8221.JPG_max_y: 1019.21
DSC_8221.JPG_min_y: 231.627
DSC_8234.JPG_max_x: 1312.94
DSC_8234.JPG_min_x: 1011.99
DSC_8234.JPG_max_y: 1888.66
DSC_8234.JPG_min_y: 1148.26
