7.720530793082610588e-01 3.030477142136355218e-01 -9.150501487290295017e+02
-3.136300524893037567e-01 8.358405937469266522e-01 4.126744373973518236e+02
4.939310590064574600e-04 -1.691763855766677022e-04 1.000000000000000000e+00
DSC_8383.JPG_max_x: 1300.01
DSC_8383.JPG_min_x: 859.609
DSC_8383.JPG_max_y: 1645.5
DSC_8383.JPG_min_y: 686.639
DSC_8393.JPG_max_x: 397.934
DSC_8393.JPG_min_x: 157.062
DSC_8393.JPG_max_y: 1137.23
DSC_8393.JPG_min_y: 408.115
