8.564393747391567668e-01 -2.894535771759950693e-01 6.882840637780023485e+01
3.283198913907865446e-01 9.246774957110817650e-02 1.150935649601072100e+03
1.879018903902821230e-04 -4.215346330723941963e-04 1.000000000000000000e+00
DSC_8319.JPG_max_x: 1179.85
DSC_8319.JPG_min_x: 63.3937
DSC_8319.JPG_max_y: 943.374
DSC_8319.JPG_min_y: 63.4736
DSC_8448.JPG_max_x: 967.061
DSC_8448.JPG_min_x: 26.9323
DSC_8448.JPG_max_y: 1987.55
DSC_8448.JPG_min_y: 1207.43
