-3.505554124522686443e+00 1.637408813260364582e+00 1.094364733052005931e+03
-1.076253966578426535e+01 5.788641932585627536e+00 2.149190403033287112e+03
-7.730823063768445767e-03 5.407590472533645339e-03 1.000000000000000000e+00
DSC_8331.JPG_max_x: 1322.54
DSC_8331.JPG_min_x: 399.886
DSC_8331.JPG_max_y: 997.939
DSC_8331.JPG_min_y: 25.8703
DSC_8362.JPG_max_x: 853.421
DSC_8362.JPG_min_x: 9.75228
DSC_8362.JPG_max_y: 1794.11
DSC_8362.JPG_min_y: 1003.22
