6.340829415654166690e-01 -1.903849122333018534e-02 -5.845245649452406269e+02
3.492391059964161659e-02 2.155243773344105163e-01 -2.194281918779556406e+02
6.040914660868380295e-04 -6.821120381184064526e-04 1.000000000000000000e+00
DSC_8380.JPG_max_x: 1326.81
DSC_8380.JPG_min_x: 982.949
DSC_8380.JPG_max_y: 1747.78
DSC_8380.JPG_min_y: 1565.17
DSC_8395.JPG_max_x: 331.079
DSC_8395.JPG_min_x: 26.1156
DSC_8395.JPG_max_y: 431.161
DSC_8395.JPG_min_y: 258.137
