5.429081332113517844e-01 -4.712586930999563412e-02 7.516433185822396581e+02
-1.687579608299811795e-01 9.485125248268762022e-01 2.740575777422695936e+01
-2.202079622729852129e-04 2.034331916276145420e-05 1.000000000000000000e+00
DSC_8264.JPG_max_x: 758.497
DSC_8264.JPG_min_x: 18.542
DSC_8264.JPG_max_y: 1782.96
DSC_8264.JPG_min_y: 464.368
DSC_8278.JPG_max_x: 1322.66
DSC_8278.JPG_min_x: 650.708
DSC_8278.JPG_max_y: 1726.43
DSC_8278.JPG_min_y: 395.01
