-7.186276680507348580e-01 -3.793023372352932743e-02 9.098984367818909504e+02
-5.585422979858521986e-01 -3.766209438482226446e-02 7.144665274063357856e+02
-7.868021331207732680e-04 -4.573962881806852845e-05 1.000000000000000000e+00
DSC_8198.JPG_max_x: 1316.63
DSC_8198.JPG_min_x: 75.2295
DSC_8198.JPG_max_y: 1152.45
DSC_8198.JPG_min_y: 815.973
DSC_8266.JPG_max_x: 1236.7
DSC_8266.JPG_min_x: 704.757
DSC_8266.JPG_max_y: 1409.32
DSC_8266.JPG_min_y: 684.374
