1.724475920097458648e+00 6.008754514917456768e-02 -5.716761464887898683e+02
1.373176016447796022e-01 1.658108142752504843e+00 -3.014970652960043935e+02
1.519520120108083208e-04 1.106632320682923113e-04 1.000000000000000000e+00
DSC_8335.JPG_max_x: 1304.64
DSC_8335.JPG_min_x: 325.099
DSC_8335.JPG_max_y: 1126.73
DSC_8335.JPG_min_y: 118.953
DSC_8449.JPG_max_x: 1319.94
DSC_8449.JPG_min_x: 8.00185
DSC_8449.JPG_max_y: 1355.4
DSC_8449.JPG_min_y: 32.0035
