1.211463285483721108e+01 1.650002279130705407e+00 -4.947566703396838420e+03
1.888485546188460207e+00 2.232714964782372746e+01 -2.463562111506822475e+03
3.747781353357584454e-03 2.179495318527477007e-02 1.000000000000000000e+00
DSC_8275.JPG_max_x: 1231.45
DSC_8275.JPG_min_x: 438.779
DSC_8275.JPG_max_y: 465.024
DSC_8275.JPG_min_y: 147.361
DSC_8309.JPG_max_x: 1026.2
DSC_8309.JPG_min_x: 41.6593
DSC_8309.JPG_max_y: 721.605
DSC_8309.JPG_min_y: 353.07
