6.596689530551261837e-01 -6.820171791290875751e-02 3.873558753394531209e+02
-4.293721475362344275e-02 8.122922537825741918e-01 3.263216307444532731e+02
-1.111291757448595690e-04 2.199337077771627686e-05 1.000000000000000000e+00
DSC_8292.JPG_max_x: 1282.41
DSC_8292.JPG_min_x: 25.2898
DSC_8292.JPG_max_y: 1447.78
DSC_8292.JPG_min_y: 688.366
DSC_8430.JPG_max_x: 1322.95
DSC_8430.JPG_min_x: 294.833
DSC_8430.JPG_max_y: 1597.65
DSC_8430.JPG_min_y: 932.408
