1.098101636950249871e+00 1.948103931364534080e+00 1.072417414906022486e+03
9.718443924701390332e-03 4.077053115328266308e+00 -3.352041716095779066e+03
-1.128674051004808967e-03 2.022515315660635554e-03 1.000000000000000000e+00
DSC_8324.JPG_max_x: 315.579
DSC_8324.JPG_min_x: 15.067
DSC_8324.JPG_max_y: 1551.4
DSC_8324.JPG_min_y: 1254.73
DSC_8445.JPG_max_x: 1205.95
DSC_8445.JPG_min_x: 995.438
DSC_8445.JPG_max_y: 751.41
DSC_8445.JPG_min_y: 498.36
