5.514468072680228650e-01 5.395084602394877027e-02 9.662442876679064057e+02
-4.334981188954490916e-01 9.465550387493029127e-01 4.413088985654797369e+01
-3.862359491711390568e-04 -7.508474813139297311e-06 1.000000000000000000e+00
DSC_8438.JPG_max_x: 272.757
DSC_8438.JPG_min_x: 9.68969
DSC_8438.JPG_max_y: 1453.91
DSC_8438.JPG_min_y: 721.484
DSC_8440.JPG_max_x: 1293.32
DSC_8440.JPG_min_x: 1051.5
DSC_8440.JPG_max_y: 1450.88
DSC_8440.JPG_min_y: 689.741
