6.811482398800027260e-01 3.852630912067851049e-02 3.064165063626568326e+02
1.926715981387269738e-02 7.983499683714128103e-01 2.453469813082459723e+02
-3.382202064814933726e-05 1.229737829746526052e-04 1.000000000000000000e+00
DSC_8228.JPG_max_x: 818.236
DSC_8228.JPG_min_x: 98.0483
DSC_8228.JPG_max_y: 1872.09
DSC_8228.JPG_min_y: 372.352
DSC_8260.JPG_max_x: 792.302
DSC_8260.JPG_min_x: 373.683
DSC_8260.JPG_max_y: 1462.75
DSC_8260.JPG_min_y: 522.043
