8.446739803338894070e-01 1.828939821303397495e-01 7.658529499056902523e+02
-6.036139611267012789e-02 1.310502224703999685e+00 -1.678604102098504711e+02
-4.912642490121201731e-05 1.158384250558916728e-04 9.999999999999998890e-01
DSC_8458.JPG_max_x: 280.296
DSC_8458.JPG_min_x: 18.2256
DSC_8458.JPG_max_y: 1522.0
DSC_8458.JPG_min_y: 809.762
DSC_8476.JPG_max_x: 1057.81
DSC_8476.JPG_min_x: 881.209
DSC_8476.JPG_max_y: 1563.79
DSC_8476.JPG_min_y: 807.208
