7.859235116372603747e-01 -5.118221810996923665e-02 4.031031909166638343e+02
8.855832647390539381e-02 6.314609082564165421e-01 4.816640385038490990e+02
5.975998550693499155e-05 -8.729951733988713513e-05 1.000000000000000000e+00
DSC_8220.JPG_max_x: 1128.47
DSC_8220.JPG_min_x: 19.2265
DSC_8220.JPG_max_y: 1723.32
DSC_8220.JPG_min_y: 748.489
DSC_8364.JPG_max_x: 1281.3
DSC_8364.JPG_min_x: 342.007
DSC_8364.JPG_max_y: 1826.93
DSC_8364.JPG_min_y: 1036.89
