5.234622852248448366e-01 1.621194812839997501e-01 1.177609834898459440e+03
-2.469537060436642617e-01 9.652577922868964544e-01 -1.449478179243515683e+02
-3.098509940367939817e-04 1.535741448067792965e-04 1.000000000000000000e+00
DSC_8240.JPG_max_x: 231.966
DSC_8240.JPG_min_x: 6.3411
DSC_8240.JPG_max_y: 1931.73
DSC_8240.JPG_min_y: 907.149
DSC_8320.JPG_max_x: 1327.42
DSC_8320.JPG_min_x: 1159.22
DSC_8320.JPG_max_y: 1341.87
DSC_8320.JPG_min_y: 641.648
