6.299264255061849394e-01 2.189244751180180748e-01 -1.950481582994866869e+02
-1.377346264467862735e-01 8.214742123257470219e-01 6.457078793167177082e+02
-6.661214646392509984e-05 1.449512263884825472e-04 1.000000000000000000e+00
DSC_8254.JPG_max_x: 1328.35
DSC_8254.JPG_min_x: 334.402
DSC_8254.JPG_max_y: 1698.72
DSC_8254.JPG_min_y: 572.395
DSC_8446.JPG_max_x: 1177.7
DSC_8446.JPG_min_x: 240.555
DSC_8446.JPG_max_y: 1603.3
DSC_8446.JPG_min_y: 965.613
