5.524842056690242309e-01 2.932246616296548675e-02 1.061683287932185920e+02
-1.836101586270300623e-01 1.591737398985558771e+00 -2.040026212637889458e+01
-2.603298409394849927e-04 6.502446913269157615e-05 1.000000000000000000e+00
DSC_8278.JPG_max_x: 1213.82
DSC_8278.JPG_min_x: 3.70256
DSC_8278.JPG_max_y: 995.299
DSC_8278.JPG_min_y: 423.436
DSC_8478.JPG_max_x: 1039.42
DSC_8478.JPG_min_x: 4.50724
DSC_8478.JPG_max_y: 1847.86
DSC_8478.JPG_min_y: 530.394
