-2.828719729792147364e-01 -6.670980528155698308e-02 8.383095187327344320e+02
-4.350587160873073955e-01 6.884544440749944538e-01 2.181165816092930925e+02
-5.037710235380947303e-04 -1.110158559657412358e-05 1.000000000000000000e+00
DSC_8198.JPG_max_x: 1322.2
DSC_8198.JPG_min_x: 38.7801
DSC_8198.JPG_max_y: 1410.72
DSC_8198.JPG_min_y: 795.203
DSC_8250.JPG_max_x: 1298.48
DSC_8250.JPG_min_x: 451.617
DSC_8250.JPG_max_y: 1302.82
DSC_8250.JPG_min_y: 628.49
