7.643632438654553996e-01 5.562838645060086407e-01 1.011970337589931546e+03
-4.432663737063802789e-01 2.146613706897494644e+00 -1.240531171847877516e+02
-5.138482085188942261e-04 8.596104226414782567e-04 9.999999999999998890e-01
DSC_8210.JPG_max_x: 616.233
DSC_8210.JPG_min_x: 50.1061
DSC_8210.JPG_max_y: 1882.8
DSC_8210.JPG_min_y: 1430.34
DSC_8412.JPG_max_x: 1186.81
DSC_8412.JPG_min_x: 811.857
DSC_8412.JPG_max_y: 1510.62
DSC_8412.JPG_min_y: 1392.81
