6.394177675289519636e-01 9.889685532157969916e-02 2.190393164312641545e+02
-2.466137993939180872e-01 1.101538010067305118e+00 2.589483297474941992e+01
-2.353112860012242875e-04 4.192220042508471977e-04 1.000000000000000000e+00
DSC_8208.JPG_max_x: 816.721
DSC_8208.JPG_min_x: 74.9265
DSC_8208.JPG_max_y: 1972.75
DSC_8208.JPG_min_y: 817.461
DSC_8294.JPG_max_x: 729.806
DSC_8294.JPG_min_x: 263.92
DSC_8294.JPG_max_y: 1229.42
DSC_8294.JPG_min_y: 675.346
