-1.787002012763181102e-01 -6.888794629125344349e-02 8.516074994362712687e+02
-5.231566960039459868e-01 2.082942197253273009e-01 7.983083398060985019e+02
-5.203573010633565825e-04 -5.792732204332981831e-05 1.000000000000000000e+00
DSC_8290.JPG_max_x: 791.181
DSC_8290.JPG_min_x: 22.2439
DSC_8290.JPG_max_y: 1088.47
DSC_8290.JPG_min_y: 289.428
DSC_8432.JPG_max_x: 1210.35
DSC_8432.JPG_min_x: 847.153
DSC_8432.JPG_max_y: 1140.86
DSC_8432.JPG_min_y: 836.652
