1.722034112583688437e+00 -3.602407754694000319e-01 -4.693349308710222658e+02
-1.687677794480455962e+00 2.378275300118067648e+00 7.701954569227121965e+02
7.224474040179962536e-05 7.851442218161541926e-05 1.000000000000000000e+00
DSC_8246.JPG_max_x: 1092.53
DSC_8246.JPG_min_x: 579.858
DSC_8246.JPG_max_y: 1346.69
DSC_8246.JPG_min_y: 533.667
DSC_8406.JPG_max_x: 819.213
DSC_8406.JPG_min_x: 65.6637
DSC_8406.JPG_max_y: 1897.35
DSC_8406.JPG_min_y: 526.218
