-7.787680779627525141e+00 -1.810350799820968470e+00 2.910131062745048439e+03
-1.463391254570069466e-01 -8.298461555831606162e+00 8.891641257404837233e+03
-1.326388092378320664e-03 -1.976121301010356351e-03 1.000000000000000000e+00
DSC_8220.JPG_max_x: 322.385
DSC_8220.JPG_min_x: 176.33
DSC_8220.JPG_max_y: 1454.12
DSC_8220.JPG_min_y: 1094.5
DSC_8305.JPG_max_x: 991.763
DSC_8305.JPG_min_x: 377.495
DSC_8305.JPG_max_y: 1401.28
DSC_8305.JPG_min_y: 131.007
