6.185097758735779161e-01 -3.405083102187297407e-03 7.125681149423601255e+02
1.060039346057237986e-01 5.299124182956479467e-01 6.207881910057177492e+02
8.606601834975712397e-05 -1.625442048131757111e-05 1.000000000000000000e+00
DSC_8252.JPG_max_x: 1179.92
DSC_8252.JPG_min_x: 8.29286
DSC_8252.JPG_max_y: 1957.35
DSC_8252.JPG_min_y: 578.377
DSC_8416.JPG_max_x: 1319.09
DSC_8416.JPG_min_x: 572.843
DSC_8416.JPG_max_y: 1703.75
DSC_8416.JPG_min_y: 957.129
