6.385691052117454802e-01 -3.940670105161305226e-01 6.293819235354815191e+02
-2.572361415092397352e-01 2.392679201302320147e-01 1.288543787532140868e+03
-1.864076800006576223e-04 -3.385980088985345374e-04 1.000000000000000000e+00
DSC_8453.JPG_max_x: 741.669
DSC_8453.JPG_min_x: 17.8738
DSC_8453.JPG_max_y: 619.846
DSC_8453.JPG_min_y: 218.396
DSC_8466.JPG_max_x: 1304.3
DSC_8466.JPG_min_x: 574.865
DSC_8466.JPG_max_y: 1843.58
DSC_8466.JPG_min_y: 1459.23
