8.570382594899428330e-01 2.000705498101248633e-02 -8.618779307340741980e+01
-2.168430239179643948e-01 1.099359552874294765e+00 -7.812627286002894778e+01
-2.031143598881102869e-04 1.299501441635532613e-04 1.000000000000000000e+00
DSC_8244.JPG_max_x: 1237.26
DSC_8244.JPG_min_x: 80.7879
DSC_8244.JPG_max_y: 1676.72
DSC_8244.JPG_min_y: 560.151
DSC_8310.JPG_max_x: 1073.93
DSC_8310.JPG_min_x: 17.0567
DSC_8310.JPG_max_y: 1493.51
DSC_8310.JPG_min_y: 468.79
