9.166975316689875974e-01 2.412847045957361214e+00 -1.820951985387819832e+03
-1.245121002111876818e+00 1.442690075313176834e+00 2.350731773315390910e+03
3.341729207730204229e-04 9.908005920806314175e-05 1.000000000000000000e+00
DSC_8253.JPG_max_x: 1235.13
DSC_8253.JPG_min_x: 929.539
DSC_8253.JPG_max_y: 851.279
DSC_8253.JPG_min_y: 574.415
DSC_8287.JPG_max_x: 800.383
DSC_8287.JPG_min_x: 418.82
DSC_8287.JPG_max_y: 1666.23
DSC_8287.JPG_min_y: 1142.17
