1.368794077375528939e+00 -5.236656677161740658e-01 6.799224548668792067e+01
8.248955883260403743e-01 -9.493128047773366496e-02 2.344746684878231235e+01
6.525714659895020956e-04 -7.053631022192756624e-04 9.999999999999998890e-01
DSC_8218.JPG_max_x: 980.023
DSC_8218.JPG_min_x: 350.137
DSC_8218.JPG_max_y: 1605.93
DSC_8218.JPG_min_y: 645.888
DSC_8435.JPG_max_x: 1063.46
DSC_8435.JPG_min_x: 35.0943
DSC_8435.JPG_max_y: 1356.19
DSC_8435.JPG_min_y: 400.386
