-9.877553050778540289e-01 -7.788165269447480110e-01 1.182149528690475790e+03
-6.663886276669001019e-01 -1.665624188446257037e+00 1.128351829256474275e+03
-8.268622855243292630e-04 -1.083834265587408285e-03 1.000000000000000000e+00
DSC_8283.JPG_max_x: 1268.61
DSC_8283.JPG_min_x: 451.266
DSC_8283.JPG_max_y: 1423.48
DSC_8283.JPG_min_y: 68.0613
DSC_8289.JPG_max_x: 1166.72
DSC_8289.JPG_min_x: 15.7269
DSC_8289.JPG_max_y: 1785.41
DSC_8289.JPG_min_y: 693.082
