-9.345254785310606882e-02 -7.626341650429628582e-02 1.637431771183403839e+02
-4.709720652244258066e-01 -3.357972551103061698e-01 7.739429809527620137e+02
-6.244327311967551222e-04 -4.236483324869373354e-04 1.000000000000000000e+00
DSC_8210.JPG_max_x: 1239.51
DSC_8210.JPG_min_x: 456.044
DSC_8210.JPG_max_y: 1707.88
DSC_8210.JPG_min_y: 224.44
DSC_8410.JPG_max_x: 1282.85
DSC_8410.JPG_min_x: 48.8374
DSC_8410.JPG_max_y: 1884.06
DSC_8410.JPG_min_y: 712.716
