1.606094380812469691e+00 9.550572660139075021e-01 -2.364581791972334941e+03
-4.674126934612548023e-01 1.692768830679185488e+00 1.002230010177052691e+03
5.769818324792961748e-04 4.427918623578811722e-05 1.000000000000000000e+00
DSC_8313.JPG_max_x: 1328.92
DSC_8313.JPG_min_x: 893.213
DSC_8313.JPG_max_y: 1213.31
DSC_8313.JPG_min_y: 508.288
DSC_8331.JPG_max_x: 452.977
DSC_8331.JPG_min_x: 37.0861
DSC_8331.JPG_max_y: 1691.17
DSC_8331.JPG_min_y: 726.802
