1.285427775733206879e+00 3.912551187193947788e-01 1.027015547677930499e+03
2.420639094551857162e-01 1.061131008617981486e+00 -7.838297127030456579e+01
3.793722425459774964e-04 2.453970779387039478e-04 1.000000000000000000e+00
DSC_8422.JPG_max_x: 301.719
DSC_8422.JPG_min_x: 70.5268
DSC_8422.JPG_max_y: 1756.32
DSC_8422.JPG_min_y: 720.815
DSC_8456.JPG_max_x: 1330.25
DSC_8456.JPG_min_x: 1173.9
DSC_8456.JPG_max_y: 1216.41
DSC_8456.JPG_min_y: 598.602
