6.528956416911940730e-01 -2.450967660518906577e+00 2.334563771457449548e+03
5.607740287216868014e-01 -2.850315127746187116e+00 2.685159211258743653e+03
1.931435066666452208e-04 -1.249776706685279057e-03 1.000000000000000000e+00
DSC_8222.JPG_max_x: 1073.37
DSC_8222.JPG_min_x: 166.663
DSC_8222.JPG_max_y: 1655.45
DSC_8222.JPG_min_y: 1140.06
DSC_8270.JPG_max_x: 1321.65
DSC_8270.JPG_min_x: 880.038
DSC_8270.JPG_max_y: 1658.97
DSC_8270.JPG_min_y: 1208.78
