7.204598097662288092e-01 -1.526504439098854693e-01 6.924880407790981280e+02
-2.505386642878437153e-01 6.623295580661864301e-01 1.395322894965518344e+03
-2.083424971617256656e-04 -1.158330850591817986e-04 1.000000000000000000e+00
DSC_8237.JPG_max_x: 646.018
DSC_8237.JPG_min_x: 225.442
DSC_8237.JPG_max_y: 490.11
DSC_8237.JPG_min_y: 215.877
DSC_8334.JPG_max_x: 1327.49
DSC_8334.JPG_min_x: 874.091
DSC_8334.JPG_max_y: 1875.16
DSC_8334.JPG_min_y: 1608.05
