-1.296994775607829796e-02 -5.676836341968108934e-01 6.365521828589500046e+02
3.831224915363705408e-02 -9.474965704913282938e-01 9.828302985815894317e+02
-1.090324681956417367e-05 -9.033630056518253794e-04 1.000000000000000000e+00
DSC_8313.JPG_max_x: 1327.34
DSC_8313.JPG_min_x: 403.366
DSC_8313.JPG_max_y: 1213.31
DSC_8313.JPG_min_y: 277.306
DSC_8347.JPG_max_x: 772.49
DSC_8347.JPG_min_x: 427.622
DSC_8347.JPG_max_y: 1602.94
DSC_8347.JPG_min_y: 608.688
