1.091980037267003434e+00 -1.726198025343597675e-01 -7.954379409910129084e+01
4.110319695418369057e-01 1.177075208823787023e+00 4.294158146353269956e+01
2.833660622661329071e-04 2.942606443167562443e-05 1.000000000000000000e+00
DSC_8352.JPG_max_x: 1316.68
DSC_8352.JPG_min_x: 287.002
DSC_8352.JPG_max_y: 1578.38
DSC_8352.JPG_min_y: 969.289
DSC_8380.JPG_max_x: 828.175
DSC_8380.JPG_min_x: 34.6355
DSC_8380.JPG_max_y: 1734.38
DSC_8380.JPG_min_y: 1211.62
