2.215189884601600212e-01 -2.113174805446211835e-01 3.129524922970690568e+02
-1.386844262791502858e-01 -3.132695219011988330e-01 1.108541733481818255e+03
-1.277311131048936292e-04 -4.359813393702201842e-04 1.000000000000000000e+00
DSC_8213.JPG_max_x: 602.326
DSC_8213.JPG_min_x: 137.011
DSC_8213.JPG_max_y: 1296.75
DSC_8213.JPG_min_y: 639.003
DSC_8310.JPG_max_x: 473.175
DSC_8310.JPG_min_x: 250.105
DSC_8310.JPG_max_y: 1670.23
DSC_8310.JPG_min_y: 1275.18
