-2.595312886576211842e+00 -5.180963376712897084e-01 3.243015340797345743e+03
-8.187802259031691510e-02 -2.358899657583239939e+00 2.155432383653034321e+03
-1.664074097952265201e-03 -8.191792687933408413e-04 1.000000000000000000e+00
DSC_8250.JPG_max_x: 1321.22
DSC_8250.JPG_min_x: 1099.94
DSC_8250.JPG_max_y: 1283.27
DSC_8250.JPG_min_y: 925.589
DSC_8433.JPG_max_x: 358.208
DSC_8433.JPG_min_x: 86.2485
DSC_8433.JPG_max_y: 495.78
DSC_8433.JPG_min_y: 70.0326
