1.104851416362163441e+00 5.633035092233429353e-02 -6.518599274023831640e+02
9.016666626299529863e-02 1.114704119824988071e+00 -1.392861869659281808e+02
1.135531251883266531e-04 4.608720856228366896e-05 1.000000000000000000e+00
DSC_8262.JPG_max_x: 1303.49
DSC_8262.JPG_min_x: 538.479
DSC_8262.JPG_max_y: 1530.06
DSC_8262.JPG_min_y: 515.397
DSC_8278.JPG_max_x: 1236.17
DSC_8278.JPG_min_x: 9.19777
DSC_8278.JPG_max_y: 1390.06
DSC_8278.JPG_min_y: 445.571
