8.415007098209547065e-01 2.602102742516584563e-02 5.873984420073001047e+02
-8.201937989120196282e-02 1.745634453940528408e+00 -1.249962119765162925e+03
-4.340494648414298788e-04 3.760696017001156021e-04 1.000000000000000000e+00
DSC_8246.JPG_max_x: 859.783
DSC_8246.JPG_min_x: 142.346
DSC_8246.JPG_max_y: 1854.41
DSC_8246.JPG_min_y: 829.137
DSC_8441.JPG_max_x: 1253.87
DSC_8441.JPG_min_x: 544.486
DSC_8441.JPG_max_y: 1468.45
DSC_8441.JPG_min_y: 151.811
