-1.495863242906805002e-01 -4.113971271911325278e-01 6.075287071374461902e+02
-1.315805863055787839e-01 -8.994213022573553928e-01 1.092152759711824046e+03
-2.286586822150835975e-04 -7.000848160101677629e-04 1.000000000000000000e+00
DSC_8262.JPG_max_x: 1296.55
DSC_8262.JPG_min_x: 1132.57
DSC_8262.JPG_max_y: 1516.02
DSC_8262.JPG_min_y: 1016.03
DSC_8405.JPG_max_x: 1110.56
DSC_8405.JPG_min_x: 42.0483
DSC_8405.JPG_max_y: 1363.14
DSC_8405.JPG_min_y: 449.124
