5.754730662695987098e-01 -4.942064220224594018e-01 4.870098709883289985e+02
1.838987587921617761e-01 -2.538364795021343379e-01 1.019439437298865528e+03
1.455201135941377609e-04 -5.732711109776429627e-04 1.000000000000000000e+00
DSC_8241.JPG_max_x: 1261.45
DSC_8241.JPG_min_x: 21.8385
DSC_8241.JPG_max_y: 847.979
DSC_8241.JPG_min_y: 135.894
DSC_8306.JPG_max_x: 1131.09
DSC_8306.JPG_min_x: 312.861
DSC_8306.JPG_max_y: 1459.33
DSC_8306.JPG_min_y: 950.416
