1.063066041885867063e+00 -1.063423737208285674e-01 6.526253048068685985e+02
-3.426229883186776570e-02 2.332567766275674082e+00 -2.069351487153467133e+03
-6.519130257426722667e-04 4.776945068957571638e-04 1.000000000000000000e+00
DSC_8246.JPG_max_x: 1026.67
DSC_8246.JPG_min_x: 10.4258
DSC_8246.JPG_max_y: 1886.82
DSC_8246.JPG_min_y: 905.49
DSC_8425.JPG_max_x: 1310.57
DSC_8425.JPG_min_x: 290.092
DSC_8425.JPG_max_y: 1886.12
DSC_8425.JPG_min_y: 19.2135
