7.700041476459256629e+00 9.624533658320608698e-01 -2.569050008275436994e+03
-3.115927677610021540e+00 1.708327356622788429e+01 -1.630870434575116269e+04
-7.096657509008066737e-03 1.135645137045723438e-02 1.000000000000000000e+00
DSC_8276.JPG_max_x: 1235.33
DSC_8276.JPG_min_x: 325.854
DSC_8276.JPG_max_y: 1470.62
DSC_8276.JPG_min_y: 1112.81
DSC_8297.JPG_max_x: 995.09
DSC_8297.JPG_min_x: 56.7834
DSC_8297.JPG_max_y: 535.347
DSC_8297.JPG_min_y: 81.0849
