4.309411567943465804e-01 -1.436476139021028720e-01 9.078161256941401689e+02
-5.339296285915797746e-01 1.142396856043918607e+00 1.404370153246373150e+02
-5.499727078225705472e-04 -6.995234345100176648e-05 1.000000000000000000e+00
DSC_8278.JPG_max_x: 343.894
DSC_8278.JPG_min_x: 127.724
DSC_8278.JPG_max_y: 998.406
DSC_8278.JPG_min_y: 445.571
DSC_8440.JPG_max_x: 1261.83
DSC_8440.JPG_min_x: 962.143
DSC_8440.JPG_max_y: 1450.88
DSC_8440.JPG_min_y: 663.898
