5.230805260056943240e-01 -2.474801612496549674e-01 9.912282621049350837e+02
-1.818576021449103963e-01 8.246546205082443404e-01 1.023524592222373485e+03
-2.509344054287625768e-04 2.835470801494343316e-05 9.999999999999998890e-01
DSC_8325.JPG_max_x: 620.89
DSC_8325.JPG_min_x: 6.7097
DSC_8325.JPG_max_y: 809.151
DSC_8325.JPG_min_y: 456.123
DSC_8428.JPG_max_x: 1312.73
DSC_8428.JPG_min_x: 792.449
DSC_8428.JPG_max_y: 1709.81
DSC_8428.JPG_min_y: 1405.64
