2.381736101868618949e+00 5.889616954851646380e-01 -9.176297145082284032e+02
2.011013928801359471e-02 2.860231302087538285e+00 -2.850726576519753053e+03
-2.254079928270851847e-05 8.676491420190363558e-04 1.000000000000000000e+00
DSC_8256.JPG_max_x: 844.423
DSC_8256.JPG_min_x: 13.3194
DSC_8256.JPG_max_y: 1979.25
DSC_8256.JPG_min_y: 1014.95
DSC_8257.JPG_max_x: 853.351
DSC_8257.JPG_min_x: 6.02175
DSC_8257.JPG_max_y: 1030.49
DSC_8257.JPG_min_y: 35.8633
