6.978315973601372235e-01 2.890727544519047232e-01 2.969307143159496718e+02
-2.063311060630841284e-02 1.285995519952942479e+00 1.503682678138691244e+03
-3.037804407910503024e-05 3.988962678932183345e-04 1.000000000000000000e+00
DSC_8203.JPG_max_x: 1236.86
DSC_8203.JPG_min_x: 369.647
DSC_8203.JPG_max_y: 470.887
DSC_8203.JPG_min_y: 31.5657
DSC_8380.JPG_max_x: 1161.86
DSC_8380.JPG_min_x: 575.121
DSC_8380.JPG_max_y: 1814.62
DSC_8380.JPG_min_y: 1547.36
