1.519670684287085072e+00 -2.388790943493301344e-01 -6.861224789166993787e+02
8.059932510478129419e-01 4.122623487355573935e-01 -6.941050220618396907e+02
1.377099769924085759e-03 -1.051076939916611303e-03 1.000000000000000000e+00
DSC_8308.JPG_max_x: 1305.39
DSC_8308.JPG_min_x: 650.564
DSC_8308.JPG_max_y: 1454.93
DSC_8308.JPG_min_y: 1175.89
DSC_8427.JPG_max_x: 771.234
DSC_8427.JPG_min_x: 17.4994
DSC_8427.JPG_max_y: 857.041
DSC_8427.JPG_min_y: 512.192
