9.783974219693063468e-01 1.394623570262145534e-02 -4.030341041521245415e+02
5.938532660117981088e-01 7.515934218739189765e-01 4.299739285541521099e+02
5.493980680136387618e-04 -9.214969594017351955e-05 1.000000000000000000e+00
DSC_8254.JPG_max_x: 1319.18
DSC_8254.JPG_min_x: 685.835
DSC_8254.JPG_max_y: 1498.78
DSC_8254.JPG_min_y: 572.395
DSC_8472.JPG_max_x: 559.614
DSC_8472.JPG_min_x: 223.225
DSC_8472.JPG_max_y: 1537.67
DSC_8472.JPG_min_y: 980.052
