7.309680045424902239e-01 -1.664913898752021781e-01 6.945343319852652542e+01
9.156866800355342381e-03 3.515028707397856444e-01 9.520041323172160901e+02
3.696114583789776090e-07 -2.706117914212724041e-04 1.000000000000000000e+00
DSC_8261.JPG_max_x: 1228.67
DSC_8261.JPG_min_x: 26.3377
DSC_8261.JPG_max_y: 739.689
DSC_8261.JPG_min_y: 129.945
DSC_8276.JPG_max_x: 985.295
DSC_8276.JPG_min_x: 21.8324
DSC_8276.JPG_max_y: 1519.17
DSC_8276.JPG_min_y: 1044.54
