2.902504235736173666e+00 9.004069401823820984e-01 -2.826961950399575016e+03
3.500846624924003336e+00 6.670493074207679562e-01 -2.558348944283660785e+03
7.790155230775513279e-03 -3.697403317402118191e-03 1.000000000000000000e+00
DSC_8432.JPG_max_x: 977.504
DSC_8432.JPG_min_x: 320.827
DSC_8432.JPG_max_y: 1690.68
DSC_8432.JPG_min_y: 1095.34
DSC_8471.JPG_max_x: 898.012
DSC_8471.JPG_min_x: 16.7731
DSC_8471.JPG_max_y: 923.39
DSC_8471.JPG_min_y: 60.5935
