1.113643161458464093e+00 6.291208503190622858e-01 -4.242884049040696937e+02
-2.311615055751350400e-01 1.411552512757738853e+00 -1.022528834693227395e+02
-6.848571698663319710e-05 2.168057401891766700e-04 1.000000000000000000e+00
DSC_8431.JPG_max_x: 1250.8
DSC_8431.JPG_min_x: 196.738
DSC_8431.JPG_max_y: 761.718
DSC_8431.JPG_min_y: 351.209
DSC_8453.JPG_max_x: 1283.55
DSC_8453.JPG_min_x: 13.1829
DSC_8453.JPG_max_y: 768.419
DSC_8453.JPG_min_y: 218.396
