6.192096954217821692e-01 2.669552580890811599e-01 -6.181201825756510289e+02
-3.211423545360652526e-02 4.971509141128429010e-01 3.935774999355949149e+02
4.037295673898195591e-04 -2.770998182118215359e-04 1.000000000000000000e+00
DSC_8289.JPG_max_x: 1142.41
DSC_8289.JPG_min_x: 490.162
DSC_8289.JPG_max_y: 1431.8
DSC_8289.JPG_min_y: 621.729
DSC_8471.JPG_max_x: 397.347
DSC_8471.JPG_min_x: 47.0922
DSC_8471.JPG_max_y: 1297.19
DSC_8471.JPG_min_y: 558.578
