-1.033677291227124706e-01 -2.313358655122945140e-01 1.097453634243038778e+03
-6.248394945043495019e-01 3.458500824482508285e-01 1.029826561582605791e+03
-5.393800559798116092e-04 -1.023502632686786479e-04 9.999999999999998890e-01
DSC_8327.JPG_max_x: 456.623
DSC_8327.JPG_min_x: 63.8542
DSC_8327.JPG_max_y: 1159.61
DSC_8327.JPG_min_y: 535.871
DSC_8474.JPG_max_x: 1274.0
DSC_8474.JPG_min_x: 995.797
DSC_8474.JPG_max_y: 1761.96
DSC_8474.JPG_min_y: 1310.6
