2.179397849091762596e-01 -5.121587536299600923e-02 1.163433380464031870e+03
-3.183318809651965453e-01 8.075188366009896646e-01 1.135238174869638925e+02
-3.982665412307047153e-04 3.085876326313663519e-05 1.000000000000000000e+00
DSC_8232.JPG_max_x: 367.569
DSC_8232.JPG_min_x: 70.5889
DSC_8232.JPG_max_y: 1666.71
DSC_8232.JPG_min_y: 857.415
DSC_8262.JPG_max_x: 1323.3
DSC_8262.JPG_min_x: 1125.94
DSC_8262.JPG_max_y: 1476.99
DSC_8262.JPG_min_y: 783.318
