4.765862512386043193e+00 2.037083128135466659e+00 -1.764738764562317101e+03
7.558612615544415547e-01 4.553121139600081690e+00 -4.549975718549186240e+03
1.495328726347537650e-03 2.020849233461277563e-03 1.000000000000000000e+00
DSC_8338.JPG_max_x: 788.538
DSC_8338.JPG_min_x: 84.1634
DSC_8338.JPG_max_y: 1779.84
DSC_8338.JPG_min_y: 1043.73
DSC_8429.JPG_max_x: 970.38
DSC_8429.JPG_min_x: 308.313
DSC_8429.JPG_max_y: 733.788
DSC_8429.JPG_min_y: 122.596
