5.039462051021474931e-01 -7.539077597686015542e-02 3.932795349892097079e+02
-9.846269181250662250e-02 4.141812817675523117e-01 9.031734797913946977e+02
-2.422043211901008007e-06 -1.492877254662251340e-04 1.000000000000000000e+00
DSC_8254.JPG_max_x: 1307.71
DSC_8254.JPG_min_x: 334.402
DSC_8254.JPG_max_y: 1526.82
DSC_8254.JPG_min_y: 572.395
DSC_8466.JPG_max_x: 1171.04
DSC_8466.JPG_min_x: 627.58
DSC_8466.JPG_max_y: 1982.26
DSC_8466.JPG_min_y: 1120.91
