8.250885257091394864e-01 -3.634379675362785223e-02 6.201485802912764029e+02
-1.430863674979871401e-02 1.067508024704303393e+00 -1.828451803094401740e+01
1.913219244830485658e-05 2.702633525546890600e-05 1.000000000000000000e+00
DSC_8347.JPG_max_x: 896.364
DSC_8347.JPG_min_x: 400.723
DSC_8347.JPG_max_y: 1623.15
DSC_8347.JPG_min_y: 177.787
DSC_8361.JPG_max_x: 1307.94
DSC_8361.JPG_min_x: 842.718
DSC_8361.JPG_max_y: 1627.18
DSC_8361.JPG_min_y: 162.832
