4.046302445980180622e-03 -2.044078046946997546e-02 1.377719538601905747e+01
-7.829134743415787634e-01 -2.339081439587178124e-01 1.150205866101890706e+03
-6.716940271197438658e-04 -2.501103985647579685e-04 1.000000000000000000e+00
DSC_8457.JPG_max_x: 1321.26
DSC_8457.JPG_min_x: 1144.3
DSC_8457.JPG_max_y: 645.772
DSC_8457.JPG_min_y: 25.6475
DSC_8458.JPG_max_x: 917.586
DSC_8458.JPG_min_x: 38.3213
DSC_8458.JPG_max_y: 1522.0
DSC_8458.JPG_min_y: 975.956
