1.353859109792626914e+00 1.854894450493485558e-01 -2.857211263830162125e+02
-4.692541159746244778e-02 1.636063774601928644e+00 -1.042754122762733459e+03
-5.162114004731459862e-05 2.939291487609756626e-04 1.000000000000000000e+00
DSC_8296.JPG_max_x: 1245.81
DSC_8296.JPG_min_x: 79.5646
DSC_8296.JPG_max_y: 1513.44
DSC_8296.JPG_min_y: 690.123
DSC_8457.JPG_max_x: 1321.26
DSC_8457.JPG_min_x: 22.3922
DSC_8457.JPG_max_y: 991.05
DSC_8457.JPG_min_y: 25.6475
