1.838236842361305579e+00 4.400563308765669257e-01 -7.137127204924375974e+02
-1.282936687462029046e-01 2.111330989629147226e+00 -2.018702669814933415e+03
-3.442701170385273839e-05 5.677637664804641594e-04 1.000000000000000000e+00
DSC_8262.JPG_max_x: 1299.99
DSC_8262.JPG_min_x: 181.567
DSC_8262.JPG_max_y: 1818.87
DSC_8262.JPG_min_y: 899.952
DSC_8263.JPG_max_x: 1321.79
DSC_8263.JPG_min_x: 67.9779
DSC_8263.JPG_max_y: 846.763
DSC_8263.JPG_min_y: 14.6879
