3.089793947708998623e+00 1.137348599530609183e+00 -1.515346369697287173e+03
-1.243806055080133310e+00 4.373113687643639835e+00 -4.283489741863317249e+03
-6.810426540154458338e-04 1.288557036070276393e-03 1.000000000000000000e+00
DSC_8218.JPG_max_x: 587.334
DSC_8218.JPG_min_x: 14.3974
DSC_8218.JPG_max_y: 1955.53
DSC_8218.JPG_min_y: 1249.16
DSC_8349.JPG_max_x: 813.088
DSC_8349.JPG_min_x: 16.7805
DSC_8349.JPG_max_y: 1131.82
DSC_8349.JPG_min_y: 433.029
