1.082794343750375532e+00 1.321637005064594528e-01 -3.163465094843238603e+02
-1.373873647600514780e-01 1.578684986450993977e+00 -1.118215846422948971e+03
-2.628135008271351679e-04 1.911991463409738680e-04 1.000000000000000000e+00
DSC_8278.JPG_max_x: 963.37
DSC_8278.JPG_min_x: 377.897
DSC_8278.JPG_max_y: 1652.18
DSC_8278.JPG_min_y: 889.466
DSC_8459.JPG_max_x: 919.87
DSC_8459.JPG_min_x: 224.127
DSC_8459.JPG_max_y: 1184.43
DSC_8459.JPG_min_y: 182.854
