7.584504370124612871e-01 1.247370049890195592e-01 6.906050979148900524e+02
1.585038724619078701e-02 8.298192781832491871e-01 -8.371140918017331956e+01
1.293226515677309043e-05 7.386937592910465240e-05 1.000000000000000000e+00
DSC_8323.JPG_max_x: 802.208
DSC_8323.JPG_min_x: 101.362
DSC_8323.JPG_max_y: 1384.78
DSC_8323.JPG_min_y: 183.539
DSC_8473.JPG_max_x: 1305.95
DSC_8473.JPG_min_x: 777.321
DSC_8473.JPG_max_y: 980.003
DSC_8473.JPG_min_y: 70.925
