-6.083978264809118031e+01 -2.198815901348499580e+01 6.131478274816106568e+04
7.540443963726596976e+00 -8.597100111260472488e+01 8.634551820441654127e+04
-2.625680092510519065e-02 -2.902269793995534974e-02 1.000000000000000000e+00
DSC_8232.JPG_max_x: 981.4
DSC_8232.JPG_min_x: 401.616
DSC_8232.JPG_max_y: 1807.24
DSC_8232.JPG_min_y: 1551.27
DSC_8377.JPG_max_x: 469.319
DSC_8377.JPG_min_x: 49.1397
DSC_8377.JPG_max_y: 1070.91
DSC_8377.JPG_min_y: 587.501
