3.393356195840600442e+00 9.050928357172566274e-01 -1.919036957511422088e+02
-3.788197598638489705e-01 3.914217952185885974e+00 -5.000527001571332221e+03
2.282562984866317918e-04 1.474659034024825618e-03 1.000000000000000000e+00
DSC_8314.JPG_max_x: 585.998
DSC_8314.JPG_min_x: 102.973
DSC_8314.JPG_max_y: 1805.34
DSC_8314.JPG_min_y: 1511.98
DSC_8233.JPG_max_x: 912.015
DSC_8233.JPG_min_x: 486.305
DSC_8233.JPG_max_y: 507.692
DSC_8233.JPG_min_y: 260.934
