5.643930422704338667e+01 6.923132549887290210e+00 -5.242887418958785929e+03
5.458396667309861527e+01 4.686621556393716759e+01 -2.592551782570342402e+04
3.575806035245487208e-02 1.739323799179991886e-02 1.000000000000000000e+00
DSC_8229.JPG_max_x: 708.461
DSC_8229.JPG_min_x: 66.9723
DSC_8229.JPG_max_y: 927.357
DSC_8229.JPG_min_y: 223.585
DSC_8341.JPG_max_x: 1190.08
DSC_8341.JPG_min_x: 239.439
DSC_8341.JPG_max_y: 1283.61
DSC_8341.JPG_min_y: 659.838
