5.418129066383223780e-01 -2.586839008056395217e-01 1.057413808802447420e+03
6.398440069660232821e-02 7.265258696172719466e-01 1.097366922314245983e+02
-1.735506782777243681e-04 1.984584141019520454e-05 1.000000000000000000e+00
DSC_8327.JPG_max_x: 385.387
DSC_8327.JPG_min_x: 12.6906
DSC_8327.JPG_max_y: 981.606
DSC_8327.JPG_min_y: 112.381
DSC_8443.JPG_max_x: 1197.55
DSC_8443.JPG_min_x: 842.197
DSC_8443.JPG_max_y: 881.893
DSC_8443.JPG_min_y: 207.045
