5.241972029374993847e-01 6.100061544621463751e-03 4.311735772961139901e+02
-2.615284469327242359e-02 5.786507971513805693e-01 4.503390625898232997e+02
-3.739028316390331503e-05 1.468482511146596016e-05 1.000000000000000000e+00
DSC_8256.JPG_max_x: 1303.95
DSC_8256.JPG_min_x: 43.0051
DSC_8256.JPG_max_y: 1830.15
DSC_8256.JPG_min_y: 662.433
DSC_8452.JPG_max_x: 1159.58
DSC_8452.JPG_min_x: 470.886
DSC_8452.JPG_max_y: 1449.4
DSC_8452.JPG_min_y: 826.146
