9.615749974174692127e-01 -2.940906510797930418e-01 -1.367615569393055068e+02
1.097885875257857830e-01 1.162773839064720427e+00 -1.104143264970013121e+02
-1.656670205925681082e-04 -2.399344868164092229e-05 1.000000000000000000e+00
DSC_8219.JPG_max_x: 1293.61
DSC_8219.JPG_min_x: 383.544
DSC_8219.JPG_max_y: 926.58
DSC_8219.JPG_min_y: 65.7892
DSC_8251.JPG_max_x: 1201.67
DSC_8251.JPG_min_x: 26.4264
DSC_8251.JPG_max_y: 1252.83
DSC_8251.JPG_min_y: 29.1329
