1.551507630348985867e+00 3.506063208307631518e-01 -1.887809188743276763e+03
9.002447078919199042e-01 1.017677591439211993e+00 1.091110723922671468e+03
8.262031747452825521e-04 -2.959846636557428323e-04 1.000000000000000000e+00
DSC_8353.JPG_max_x: 1328.91
DSC_8353.JPG_min_x: 1103.07
DSC_8353.JPG_max_y: 920.602
DSC_8353.JPG_min_y: 212.836
DSC_8412.JPG_max_x: 261.779
DSC_8412.JPG_min_x: 20.5183
DSC_8412.JPG_max_y: 1789.62
DSC_8412.JPG_min_y: 1234.18
