4.208024805406114233e+00 -9.700801227832041643e-03 1.577579267537174417e+02
2.092513339607328327e+00 1.003934262252243803e+00 -1.127652047638077420e+03
3.335699167869948974e-03 6.458383456190656263e-04 1.000000000000000000e+00
DSC_8204.JPG_max_x: 1192.58
DSC_8204.JPG_min_x: 133.293
DSC_8204.JPG_max_y: 1902.5
DSC_8204.JPG_min_y: 343.371
DSC_8395.JPG_max_x: 993.867
DSC_8395.JPG_min_x: 318.882
DSC_8395.JPG_max_y: 488.359
DSC_8395.JPG_min_y: 258.137
