5.476657707685694126e-02 -6.895649296189387822e-02 6.038054834276742895e+02
-3.896498531682580230e-02 4.961134937290848090e-01 6.002072164223437767e+01
-2.749329361124012755e-04 -8.213608086356009809e-05 9.999999999999998890e-01
DSC_8271.JPG_max_x: 1279.34
DSC_8271.JPG_min_x: 503.606
DSC_8271.JPG_max_y: 965.856
DSC_8271.JPG_min_y: 38.5152
DSC_8467.JPG_max_x: 1128.78
DSC_8467.JPG_min_x: 538.986
DSC_8467.JPG_max_y: 965.076
DSC_8467.JPG_min_y: 72.8216
