6.982332273861683314e-01 -5.376731698189473052e-01 1.524250342990331717e+02
4.226456226835797331e-02 -1.814003364167021959e-01 1.329944724219765703e+03
-9.747979210110117103e-06 -5.780723400534592453e-04 9.999999999999998890e-01
DSC_8339.JPG_max_x: 1188.52
DSC_8339.JPG_min_x: 91.0078
DSC_8339.JPG_max_y: 525.541
DSC_8339.JPG_min_y: 186.308
DSC_8368.JPG_max_x: 1023.89
DSC_8368.JPG_min_x: 83.0957
DSC_8368.JPG_max_y: 1870.63
DSC_8368.JPG_min_y: 1484.67
