-4.558287820412532110e-01 -2.608035669558962377e-01 7.883666107601418389e+02
-1.878803448213367533e-01 -3.449344083524474858e-01 6.356419276407224288e+02
-4.788204857914002432e-04 -4.406514754800286882e-04 9.999999999999998890e-01
DSC_8290.JPG_max_x: 1292.93
DSC_8290.JPG_min_x: 479.825
DSC_8290.JPG_max_y: 1826.57
DSC_8290.JPG_min_y: 470.933
DSC_8467.JPG_max_x: 795.122
DSC_8467.JPG_min_x: 275.187
DSC_8467.JPG_max_y: 709.236
DSC_8467.JPG_min_y: 162.605
