3.801366544862413210e+00 -8.610002530428468859e-01 -2.064464761361648016e+03
3.190288506350717590e+00 1.139688531179851722e-01 -3.172621218899288124e+03
1.102589298212582232e-02 -7.047974909956598172e-03 1.000000000000000000e+00
DSC_8286.JPG_max_x: 1328.23
DSC_8286.JPG_min_x: 582.783
DSC_8286.JPG_max_y: 1685.44
DSC_8286.JPG_min_y: 1304.72
DSC_8293.JPG_max_x: 517.296
DSC_8293.JPG_min_x: 130.92
DSC_8293.JPG_max_y: 704.53
DSC_8293.JPG_min_y: 77.7891
