-8.539651292483243505e-01 -5.407753106495285511e-01 1.179558190483709268e+03
-1.412981412263822012e+00 -4.183054931244599151e-01 1.227018505313772948e+03
-8.851371873315718375e-04 -4.286215052514604222e-04 1.000000000000000000e+00
DSC_8378.JPG_max_x: 523.113
DSC_8378.JPG_min_x: 26.9351
DSC_8378.JPG_max_y: 1487.05
DSC_8378.JPG_min_y: 1110.41
DSC_8400.JPG_max_x: 1326.43
DSC_8400.JPG_min_x: 228.135
DSC_8400.JPG_max_y: 1686.73
DSC_8400.JPG_min_y: 1249.17
