-1.550169851433967905e+00 -8.478254315010387288e-01 1.413406906733603364e+03
-3.084390440952533008e-01 -1.931295989857138684e+00 2.144711825613327619e+03
-5.869608935472679472e-04 -1.659330046792103922e-03 1.000000000000000000e+00
DSC_8340.JPG_max_x: 1190.1
DSC_8340.JPG_min_x: 11.7752
DSC_8340.JPG_max_y: 1869.89
DSC_8340.JPG_min_y: 1101.79
DSC_8427.JPG_max_x: 892.094
DSC_8427.JPG_min_x: 19.9547
DSC_8427.JPG_max_y: 686.159
DSC_8427.JPG_min_y: 195.127
