4.851373141618540719e-01 6.038695691750750605e-02 5.847540552861179464e+01
-1.574138805392441554e-01 5.159682921564275881e-01 -1.705430682829914986e+02
-2.223304853178529564e-04 -2.809187550048229800e-05 1.000000000000000000e+00
DSC_8326.JPG_max_x: 959.169
DSC_8326.JPG_min_x: 18.505
DSC_8326.JPG_max_y: 1748.03
DSC_8326.JPG_min_y: 936.079
DSC_8457.JPG_max_x: 768.201
DSC_8457.JPG_min_x: 147.899
DSC_8457.JPG_max_y: 790.159
DSC_8457.JPG_min_y: 211.477
