6.576150528727940925e-01 7.805911124239129917e-01 -1.059258887690998108e+03
-1.960238265084667919e+00 3.106719509381013378e+00 1.602427806472009252e+03
-9.100261500981762699e-04 1.352979953517914613e-03 1.000000000000000000e+00
DSC_8207.JPG_max_x: 1323.31
DSC_8207.JPG_min_x: 1039.91
DSC_8207.JPG_max_y: 1676.09
DSC_8207.JPG_min_y: 627.203
DSC_8212.JPG_max_x: 534.315
DSC_8212.JPG_min_x: 248.427
DSC_8212.JPG_max_y: 1989.31
DSC_8212.JPG_min_y: 1617.01
