1.335189439974372727e-01 -7.183557761138315012e-01 1.108714960169497999e+03
-5.814761417667917431e-01 -3.574644474184220377e-01 7.133184174002127520e+02
-2.345021201633120116e-04 -6.360726955235917416e-04 9.999999999999998890e-01
DSC_8224.JPG_max_x: 383.361
DSC_8224.JPG_min_x: 6.99865
DSC_8224.JPG_max_y: 1657.74
DSC_8224.JPG_min_y: 731.456
DSC_8256.JPG_max_x: 1314.06
DSC_8256.JPG_min_x: 49.339
DSC_8256.JPG_max_y: 1420.86
DSC_8256.JPG_min_y: 679.122
