1.025565676798697368e+00 -2.643690447833608737e-01 5.198647342418042854e+02
-1.011465339946197167e-01 9.632348721418625415e-01 4.233387147751047337e+02
5.590335026199431148e-05 -2.284469245789613940e-04 1.000000000000000000e+00
DSC_8265.JPG_max_x: 456.196
DSC_8265.JPG_min_x: 6.58745
DSC_8265.JPG_max_y: 825.693
DSC_8265.JPG_min_y: 29.3994
DSC_8331.JPG_max_x: 1124.16
DSC_8331.JPG_min_x: 249.082
DSC_8331.JPG_max_y: 1496.51
DSC_8331.JPG_min_y: 385.198
