1.445250494959670284e+00 3.052677851843608667e-02 -1.036049670249668679e+03
4.687278242597993083e-01 1.144186731444918559e+00 6.747153370071067968e+01
4.521692251603931924e-04 -6.373496154196469916e-05 9.999999999999998890e-01
DSC_8218.JPG_max_x: 1327.04
DSC_8218.JPG_min_x: 791.293
DSC_8218.JPG_max_y: 1705.83
DSC_8218.JPG_min_y: 749.321
DSC_8398.JPG_max_x: 632.546
DSC_8398.JPG_min_x: 113.203
DSC_8398.JPG_max_y: 1769.82
DSC_8398.JPG_min_y: 989.341
