1.226209807496813076e+00 1.495240233319886647e-01 -8.357476592540033380e+02
4.409384412181953650e-01 7.946134799663658876e-01 8.185455187287990384e+02
4.491774223910054587e-04 -1.827679944788916449e-04 1.000000000000000000e+00
DSC_8443.JPG_max_x: 1318.26
DSC_8443.JPG_min_x: 729.894
DSC_8443.JPG_max_y: 858.459
DSC_8443.JPG_min_y: 504.171
DSC_8456.JPG_max_x: 586.884
DSC_8456.JPG_min_x: 108.03
DSC_8456.JPG_max_y: 1501.87
DSC_8456.JPG_min_y: 1240.08
