1.078491520783292135e+00 3.522104337589560541e-01 2.965999359112209959e+02
-3.176248648045391643e-01 1.380775876559541926e+00 1.042994977654727222e+02
-1.309468048344328533e-04 8.382942855450884227e-05 1.000000000000000000e+00
DSC_8222.JPG_max_x: 541.431
DSC_8222.JPG_min_x: 166.663
DSC_8222.JPG_max_y: 1343.54
DSC_8222.JPG_min_y: 1084.17
DSC_8466.JPG_max_x: 1291.14
DSC_8466.JPG_min_x: 812.826
DSC_8466.JPG_max_y: 1743.23
DSC_8466.JPG_min_y: 1416.38
