8.587983626720157027e-01 -2.101410119340547944e-02 1.645549334988138241e+02
-4.194373417473112181e-02 9.103336129765867701e-01 2.124034309440370976e+02
-5.335195184657828647e-05 2.318140769460015995e-05 1.000000000000000000e+00
DSC_8292.JPG_max_x: 1307.91
DSC_8292.JPG_min_x: 21.5034
DSC_8292.JPG_max_y: 1949.72
DSC_8292.JPG_min_y: 687.41
DSC_8452.JPG_max_x: 1325.02
DSC_8452.JPG_min_x: 147.94
DSC_8452.JPG_max_y: 1899.52
DSC_8452.JPG_min_y: 826.146
