-1.476131942647536777e+00 -3.023777814586510182e+00 1.190364180783860775e+03
-7.119403963875371444e-01 -1.861378354252287259e+00 7.013286592596912215e+02
-1.045391338457924780e-03 -2.596490121538781986e-03 1.000000000000000000e+00
DSC_8297.JPG_max_x: 486.095
DSC_8297.JPG_min_x: 49.1157
DSC_8297.JPG_max_y: 604.355
DSC_8297.JPG_min_y: 122.185
DSC_8309.JPG_max_x: 1325.22
DSC_8309.JPG_min_x: 405.93
DSC_8309.JPG_max_y: 926.394
DSC_8309.JPG_min_y: 610.388
