7.513130100886558083e-01 -3.044042227720701876e-01 2.171121269556966809e+02
-2.609867867413664388e-01 2.004594999968043606e-02 1.053115510187923292e+03
-2.408934532170946849e-04 -5.307708543175206593e-04 1.000000000000000000e+00
DSC_8397.JPG_max_x: 821.078
DSC_8397.JPG_min_x: 115.851
DSC_8397.JPG_max_y: 558.808
DSC_8397.JPG_min_y: 216.796
DSC_8430.JPG_max_x: 1244.33
DSC_8430.JPG_min_x: 265.621
DSC_8430.JPG_max_y: 1662.28
DSC_8430.JPG_min_y: 1192.38
