1.651769449003659407e-01 1.929531475830548182e-01 6.129779303399373021e+02
-5.658788700842358743e-01 1.061381432801593361e+00 3.361165710158992397e+02
-5.837933511247372356e-04 1.698172477629665870e-04 1.000000000000000000e+00
DSC_8328.JPG_max_x: 802.457
DSC_8328.JPG_min_x: 194.463
DSC_8328.JPG_max_y: 1914.61
DSC_8328.JPG_min_y: 394.533
DSC_8424.JPG_max_x: 1322.76
DSC_8424.JPG_min_x: 748.965
DSC_8424.JPG_max_y: 1747.19
DSC_8424.JPG_min_y: 649.097
