5.450778798169796380e-01 -1.233107783102164734e-01 7.932051782216476568e+02
-8.649934488956989576e-01 1.222715958688510351e+00 7.317772940236881141e+01
-8.106395231252365311e-04 -7.100938093903489800e-05 1.000000000000000000e+00
DSC_8298.JPG_max_x: 337.509
DSC_8298.JPG_min_x: 11.9359
DSC_8298.JPG_max_y: 1051.87
DSC_8298.JPG_min_y: 508.179
DSC_8424.JPG_max_x: 1309.15
DSC_8424.JPG_min_x: 744.18
DSC_8424.JPG_max_y: 1546.52
DSC_8424.JPG_min_y: 649.097
