1.166440341133945457e+00 2.416349776341001621e-01 1.061636812366809721e+02
-7.555175938295563554e-02 8.946858883080670566e-01 2.157683186891494813e+02
-6.699934156470943190e-05 2.436429773392702246e-06 1.000000000000000000e+00
DSC_8202.JPG_max_x: 811.548
DSC_8202.JPG_min_x: 40.3141
DSC_8202.JPG_max_y: 1793.97
DSC_8202.JPG_min_y: 677.731
DSC_8352.JPG_max_x: 1327.38
DSC_8352.JPG_min_x: 425.851
DSC_8352.JPG_max_y: 1825.4
DSC_8352.JPG_min_y: 810.381
