4.362715026275314933e+00 5.324658759204423664e-01 -2.469153560024224134e+03
1.356826148877135596e+00 3.235092571600206135e+00 -7.464248136440845656e+02
1.219652386784086419e-03 5.245735693762637006e-05 1.000000000000000000e+00
DSC_8313.JPG_max_x: 1038.15
DSC_8313.JPG_min_x: 476.742
DSC_8313.JPG_max_y: 816.348
DSC_8313.JPG_min_y: 15.7931
DSC_8407.JPG_max_x: 1023.9
DSC_8407.JPG_min_x: 21.399
DSC_8407.JPG_max_y: 1585.52
DSC_8407.JPG_min_y: 124.409
