-1.792202347212718649e+00 1.550499658603620989e-01 1.379807587770052351e+03
-6.502376842528777567e-01 1.151253710071764136e+00 -3.330936049112935962e+02
-2.114985221564392483e-03 4.133624278438419695e-04 9.999999999999998890e-01
DSC_8225.JPG_max_x: 1265.2
DSC_8225.JPG_min_x: 146.551
DSC_8225.JPG_max_y: 946.938
DSC_8225.JPG_min_y: 507.801
DSC_8239.JPG_max_x: 1316.66
DSC_8239.JPG_min_x: 553.88
DSC_8239.JPG_max_y: 648.457
DSC_8239.JPG_min_y: 383.553
