6.006290220266792268e-01 -8.039400475933429491e-02 3.680747183161270186e+02
-8.859928565221267260e-02 2.225061261831376425e-01 1.132597213135932861e+03
-7.430361416387719516e-05 -3.490539703073373468e-04 1.000000000000000000e+00
DSC_8395.JPG_max_x: 962.842
DSC_8395.JPG_min_x: 25.4577
DSC_8395.JPG_max_y: 838.972
DSC_8395.JPG_min_y: 239.633
DSC_8412.JPG_max_x: 1273.26
DSC_8412.JPG_min_x: 313.713
DSC_8412.JPG_max_y: 1907.54
DSC_8412.JPG_min_y: 1300.84
