4.502825414004521853e+00 3.262275527947794962e-01 -5.089430385240629221e+03
2.126269859013861563e+00 4.514560345679434761e+00 -3.401599741133483803e+03
2.327627481206012185e-03 3.450443912463132048e-04 1.000000000000000000e+00
DSC_8244.JPG_max_x: 1260.29
DSC_8244.JPG_min_x: 1041.45
DSC_8244.JPG_max_y: 1814.14
DSC_8244.JPG_min_y: 617.285
DSC_8246.JPG_max_x: 214.199
DSC_8246.JPG_min_x: 10.4258
DSC_8246.JPG_max_y: 1721.05
DSC_8246.JPG_min_y: 499.669
