8.120296530829974602e-01 -3.571618666922272284e-02 1.945915804773846958e+02
3.504729269447718482e-02 7.109035572548892956e-01 3.847831548106418040e+02
3.387691074891844591e-05 -6.346524127213611641e-05 1.000000000000000000e+00
DSC_8350.JPG_max_x: 1326.86
DSC_8350.JPG_min_x: 262.04
DSC_8350.JPG_max_y: 1711.86
DSC_8350.JPG_min_y: 766.241
DSC_8398.JPG_max_x: 1277.66
DSC_8398.JPG_min_x: 394.737
DSC_8398.JPG_max_y: 1772.71
DSC_8398.JPG_min_y: 977.083
