2.344858245108236150e-01 5.041776330289076541e-02 6.795584169262715477e+02
-4.374240746241941924e-01 7.377326412494775720e-01 3.721419944332545242e+02
-3.450788864479871357e-04 4.149766566422794835e-05 1.000000000000000000e+00
DSC_8466.JPG_max_x: 933.36
DSC_8466.JPG_min_x: 39.1375
DSC_8466.JPG_max_y: 1852.28
DSC_8466.JPG_min_y: 973.342
DSC_8470.JPG_max_x: 1320.69
DSC_8470.JPG_min_x: 741.283
DSC_8470.JPG_max_y: 1702.81
DSC_8470.JPG_min_y: 1036.64
