4.368701890290253687e+00 1.399910045001063086e+00 -4.137195836884892742e+03
-4.377615182005316630e-01 5.781733566410942160e+00 -6.101937661080707585e+03
-2.612767211008629512e-04 1.780661632479935835e-03 1.000000000000000000e+00
DSC_8196.JPG_max_x: 1322.02
DSC_8196.JPG_min_x: 933.915
DSC_8196.JPG_max_y: 1914.74
DSC_8196.JPG_min_y: 1162.44
DSC_8347.JPG_max_x: 1133.0
DSC_8347.JPG_min_x: 565.077
DSC_8347.JPG_max_y: 1081.43
DSC_8347.JPG_min_y: 61.7903
