4.619854073649667936e-01 -2.542506129734354303e-01 3.496261707672937291e+02
2.570448993919131619e-01 -1.922790574065136870e-01 1.238502405554101870e+03
1.593560064333337210e-04 -3.900533666480814846e-04 1.000000000000000000e+00
DSC_8305.JPG_max_x: 1134.19
DSC_8305.JPG_min_x: 377.495
DSC_8305.JPG_max_y: 1398.65
DSC_8305.JPG_min_y: 131.007
DSC_8448.JPG_max_x: 822.618
DSC_8448.JPG_min_x: 464.328
DSC_8448.JPG_max_y: 1981.48
DSC_8448.JPG_min_y: 1315.63
