8.499891571863855688e-01 -4.393370555576179282e-01 -2.692329468535073147e+02
1.064118415353026093e+00 -7.794210055799327685e-01 1.351648692846275480e+03
5.451911082866679270e-04 -8.508594741915176830e-04 1.000000000000000000e+00
DSC_8209.JPG_max_x: 1307.09
DSC_8209.JPG_min_x: 695.472
DSC_8209.JPG_max_y: 701.533
DSC_8209.JPG_min_y: 236.579
DSC_8382.JPG_max_x: 483.817
DSC_8382.JPG_min_x: 116.02
DSC_8382.JPG_max_y: 1972.23
DSC_8382.JPG_min_y: 1619.49
