2.013603967323457367e-01 -4.181510466951351424e-01 8.013024099572485284e+02
-3.727601847953752046e-01 4.180405604844349976e-01 1.183397048138219589e+03
-3.404367702197376574e-04 -5.262768314895733822e-06 1.000000000000000000e+00
DSC_8211.JPG_max_x: 947.216
DSC_8211.JPG_min_x: 34.3458
DSC_8211.JPG_max_y: 921.034
DSC_8211.JPG_min_y: 376.969
DSC_8394.JPG_max_x: 1175.96
DSC_8394.JPG_min_x: 487.166
DSC_8394.JPG_max_y: 1703.54
DSC_8394.JPG_min_y: 1395.4
