-1.469305217815913278e-01 -4.908282924799116653e-01 1.313324490939872931e+03
-8.876005487918667836e-01 1.162648248236304527e+00 -1.025388404767008694e+02
-1.060829003105611150e-03 -1.139136243234886576e-05 1.000000000000000000e+00
DSC_8399.JPG_max_x: 319.939
DSC_8399.JPG_min_x: 72.8091
DSC_8399.JPG_max_y: 1334.41
DSC_8399.JPG_min_y: 407.054
DSC_8419.JPG_max_x: 1207.01
DSC_8419.JPG_min_x: 816.573
DSC_8419.JPG_max_y: 1650.99
DSC_8419.JPG_min_y: 333.105
