-1.002235229862927346e+00 -8.698739645032501633e-01 1.146269950003731765e+03
-1.457093258761566590e+00 -1.866296547356348423e+00 1.698245393219528751e+03
-9.633825205597378255e-04 -7.672214700314764196e-04 1.000000000000000000e+00
DSC_8235.JPG_max_x: 1318.26
DSC_8235.JPG_min_x: 146.084
DSC_8235.JPG_max_y: 564.531
DSC_8235.JPG_min_y: 361.568
DSC_8334.JPG_max_x: 1156.8
DSC_8334.JPG_min_x: 698.18
DSC_8334.JPG_max_y: 1880.38
DSC_8334.JPG_min_y: 1036.85
