4.165136250090256120e-01 -4.110594629397893579e-02 6.531260015004352226e+02
-8.301968202787803758e-03 5.579358143486530253e-01 5.180929300232896821e+02
-2.836982369994206108e-05 7.759147381787607440e-07 1.000000000000000000e+00
DSC_8344.JPG_max_x: 1240.03
DSC_8344.JPG_min_x: 394.066
DSC_8344.JPG_max_y: 1835.42
DSC_8344.JPG_min_y: 327.681
DSC_8440.JPG_max_x: 1133.2
DSC_8440.JPG_min_x: 781.84
DSC_8440.JPG_max_y: 1571.54
DSC_8440.JPG_min_y: 716.489
