1.089646928396336145e+00 -8.039343900007639432e-02 -8.793706823965721924e+02
4.896598703497566651e-01 8.083384512790690035e-01 1.882139607513226167e+02
4.123318399224746634e-04 -1.781039324302865047e-04 1.000000000000000000e+00
DSC_8348.JPG_max_x: 1324.63
DSC_8348.JPG_min_x: 920.229
DSC_8348.JPG_max_y: 1321.6
DSC_8348.JPG_min_y: 789.907
DSC_8378.JPG_max_x: 354.549
DSC_8378.JPG_min_x: 16.4878
DSC_8378.JPG_max_y: 1487.05
DSC_8378.JPG_min_y: 1045.61
