7.050231442523603453e-01 -2.070380758688589451e-01 8.112936178057731373e-01
6.620204546596319961e-02 7.106041231990414264e-01 3.619942583483521048e+02
-4.270713159482232227e-05 -2.397797978410902279e-04 1.000000000000000000e+00
DSC_8299.JPG_max_x: 1020.48
DSC_8299.JPG_min_x: 447.657
DSC_8299.JPG_max_y: 1179.03
DSC_8299.JPG_min_y: 147.742
DSC_8479.JPG_max_x: 729.075
DSC_8479.JPG_min_x: 186.649
DSC_8479.JPG_max_y: 1809.4
DSC_8479.JPG_min_y: 560.98
