1.297744962407580138e-01 -9.101259764297575661e-02 5.742404924552992043e+02
-1.851684929251124212e-01 2.508034298344740676e-01 7.931568985760693522e+02
-1.832341578424620835e-04 -8.324374729712755606e-05 1.000000000000000000e+00
DSC_8256.JPG_max_x: 1297.6
DSC_8256.JPG_min_x: 43.0051
DSC_8256.JPG_max_y: 1695.26
DSC_8256.JPG_min_y: 676.283
DSC_8366.JPG_max_x: 960.207
DSC_8366.JPG_min_x: 484.263
DSC_8366.JPG_max_y: 1463.08
DSC_8366.JPG_min_y: 1020.87
