1.242031114662994984e+00 -2.681521409700775571e-01 -5.060468491266859381e+00
8.697252573372195039e-01 8.029074684601862355e-01 -7.316108065545253680e+01
9.788071818457155099e-05 -3.941883114685932276e-04 1.000000000000000000e+00
DSC_8298.JPG_max_x: 969.544
DSC_8298.JPG_min_x: 194.272
DSC_8298.JPG_max_y: 1082.22
DSC_8298.JPG_min_y: 506.918
DSC_8422.JPG_max_x: 1167.75
DSC_8422.JPG_min_x: 70.5268
DSC_8422.JPG_max_y: 1729.75
DSC_8422.JPG_min_y: 720.815
