-5.151047698041866241e-02 1.070017968068279479e-01 5.375385246329786071e+01
-8.677816867819261315e-01 2.585646596949897069e-01 1.063873708324198333e+03
-7.854075433885586606e-04 1.929637743331008559e-04 1.000000000000000000e+00
DSC_8311.JPG_max_x: 1309.28
DSC_8311.JPG_min_x: 1172.59
DSC_8311.JPG_max_y: 879.221
DSC_8311.JPG_min_y: 179.045
DSC_8329.JPG_max_x: 527.914
DSC_8329.JPG_min_x: 145.474
DSC_8329.JPG_max_y: 1125.83
DSC_8329.JPG_min_y: 303.144
