1.629259042154390880e+00 -1.228667269974954290e-01 -1.345941365855999493e+03
5.331077307340758020e-01 1.550435874611753473e+00 -7.209268690140090712e+02
4.396720847807706212e-04 -1.029362484349188688e-05 1.000000000000000000e+00
DSC_8462.JPG_max_x: 1319.89
DSC_8462.JPG_min_x: 932.335
DSC_8462.JPG_max_y: 1717.99
DSC_8462.JPG_min_y: 967.423
DSC_8464.JPG_max_x: 421.78
DSC_8464.JPG_min_x: 10.3718
DSC_8464.JPG_max_y: 1742.48
DSC_8464.JPG_min_y: 947.715
