8.382953305875965322e-01 -2.184978061090125656e-01 -2.037712294348814623e+02
1.530138271065137057e-01 4.442156363010995590e-01 8.441938084663910047e+01
4.538026131184295649e-04 -1.084475925018000241e-03 1.000000000000000000e+00
DSC_8245.JPG_max_x: 758.433
DSC_8245.JPG_min_x: 359.432
DSC_8245.JPG_max_y: 328.391
DSC_8245.JPG_min_y: 30.9481
DSC_8297.JPG_max_x: 341.562
DSC_8297.JPG_min_x: 46.7241
DSC_8297.JPG_max_y: 346.236
DSC_8297.JPG_min_y: 134.833
