6.318715784939825664e-01 -3.886516209150581158e-02 -3.102818841458208112e+02
-1.941599405028144043e-01 4.341508107808271788e-01 5.233166147769715053e+02
-7.944325002090250518e-05 -2.591239093675492991e-04 1.000000000000000000e+00
DSC_8313.JPG_max_x: 1323.68
DSC_8313.JPG_min_x: 822.602
DSC_8313.JPG_max_y: 1224.9
DSC_8313.JPG_min_y: 533.574
DSC_8439.JPG_max_x: 679.308
DSC_8439.JPG_min_x: 255.196
DSC_8439.JPG_max_y: 1423.55
DSC_8439.JPG_min_y: 653.012
