-9.888584686899999365e-01 2.024959779070350241e-01 9.529036017324563090e+02
-1.376608082963774349e+00 4.307806922188429088e-01 1.128274663888965733e+03
-1.121158938580849246e-03 1.639187448314149813e-04 1.000000000000000000e+00
DSC_8427.JPG_max_x: 1190.06
DSC_8427.JPG_min_x: 207.808
DSC_8427.JPG_max_y: 931.757
DSC_8427.JPG_min_y: 158.173
DSC_8454.JPG_max_x: 1305.51
DSC_8454.JPG_min_x: 585.043
DSC_8454.JPG_max_y: 1578.93
DSC_8454.JPG_min_y: 1034.02
