-8.511509015234743902e-01 -1.457848983902546136e+00 1.954876415719798388e+03
-2.877536907720779635e-01 -1.262585801523496754e+00 1.350191579891931724e+03
-1.064426003620078890e-03 -8.885447170922671943e-04 1.000000000000000000e+00
DSC_8320.JPG_max_x: 1305.29
DSC_8320.JPG_min_x: 544.497
DSC_8320.JPG_max_y: 1488.55
DSC_8320.JPG_min_y: 1018.82
DSC_8397.JPG_max_x: 911.364
DSC_8397.JPG_min_x: 115.851
DSC_8397.JPG_max_y: 722.986
DSC_8397.JPG_min_y: 230.156
