1.225033141804779291e+00 -2.346778431716438698e-02 -1.268926019609446030e+03
1.472666421406749193e-01 1.100958019236368379e+00 -1.473463239153997506e+01
2.786469001143735140e-04 -7.661580209595093480e-05 9.999999999999998890e-01
DSC_8366.JPG_max_x: 1330.53
DSC_8366.JPG_min_x: 1068.85
DSC_8366.JPG_max_y: 1803.62
DSC_8366.JPG_min_y: 1026.43
DSC_8368.JPG_max_x: 259.154
DSC_8368.JPG_min_x: 8.09622
DSC_8368.JPG_max_y: 1802.25
DSC_8368.JPG_min_y: 1031.41
