-6.643247366811858567e-01 -5.485170202047823240e-01 1.149705652943471250e+03
-8.077789251911249302e-01 -2.153411779665776460e-01 1.103589855142891565e+03
-6.972766629334480829e-04 -3.432070222765066440e-04 1.000000000000000000e+00
DSC_8329.JPG_max_x: 780.749
DSC_8329.JPG_min_x: 206.24
DSC_8329.JPG_max_y: 1091.67
DSC_8329.JPG_min_y: 37.2677
DSC_8456.JPG_max_x: 1317.9
DSC_8456.JPG_min_x: 423.992
DSC_8456.JPG_max_y: 1608.53
DSC_8456.JPG_min_y: 1032.39
