9.003123700069655122e-01 1.022412632443797931e-01 -2.655482017516980022e+02
5.398087480715732522e-02 8.066981379550074438e-01 -3.988452703025105848e+02
1.456322397440129764e-04 -2.461333088596942794e-05 1.000000000000000000e+00
DSC_8310.JPG_max_x: 1283.92
DSC_8310.JPG_min_x: 222.866
DSC_8310.JPG_max_y: 1685.52
DSC_8310.JPG_min_y: 1185.49
DSC_8457.JPG_max_x: 923.829
DSC_8457.JPG_min_x: 54.9196
DSC_8457.JPG_max_y: 958.714
DSC_8457.JPG_min_y: 570.519
