-5.772061274272654252e+00 -3.012318642236706978e+00 9.469411073819375815e+03
1.030973371671547678e+00 -6.550391699343223628e+00 6.777550996526400013e+03
-9.728068894757437067e-04 -3.280758707836652077e-03 1.000000000000000000e+00
DSC_8396.JPG_max_x: 1324.98
DSC_8396.JPG_min_x: 784.321
DSC_8396.JPG_max_y: 1750.93
DSC_8396.JPG_min_y: 1226.4
DSC_8413.JPG_max_x: 538.638
DSC_8413.JPG_min_x: 39.9288
DSC_8413.JPG_max_y: 690.317
DSC_8413.JPG_min_y: 18.8706
