1.276409546565339337e+00 -4.243819069497161145e-01 1.757312437644828606e+03
9.220637457768221523e-02 1.862179420018986065e+00 -1.963191978891314420e+03
-5.184451208751942675e-04 5.581622845389919369e-04 1.000000000000000000e+00
DSC_8340.JPG_max_x: 800.712
DSC_8340.JPG_min_x: 11.8831
DSC_8340.JPG_max_y: 1942.04
DSC_8340.JPG_min_y: 1563.18
DSC_8355.JPG_max_x: 1274.62
DSC_8355.JPG_min_x: 545.708
DSC_8355.JPG_max_y: 1038.39
DSC_8355.JPG_min_y: 529.222
