3.468518656303537284e+00 1.268139486247125136e+00 -4.290242461918699519e+03
-6.215236132995114460e-01 3.695423338162523663e+00 -2.346346093165295315e+03
-1.279795496753798815e-04 8.448975909153198750e-04 1.000000000000000000e+00
DSC_8296.JPG_max_x: 1280.78
DSC_8296.JPG_min_x: 682.441
DSC_8296.JPG_max_y: 1846.9
DSC_8296.JPG_min_y: 844.497
DSC_8329.JPG_max_x: 971.439
DSC_8329.JPG_min_x: 39.5125
DSC_8329.JPG_max_y: 1548.65
DSC_8329.JPG_min_y: 13.7676
