7.516440724726901612e-01 -1.713438189516350296e-01 7.734473618694945571e+02
4.741421333576836816e-01 5.466365406128872451e-01 6.127259130886445746e+02
9.893980774811193693e-05 -1.640037452035327333e-05 1.000000000000000000e+00
DSC_8228.JPG_max_x: 818.236
DSC_8228.JPG_min_x: 79.8189
DSC_8228.JPG_max_y: 1862.42
DSC_8228.JPG_min_y: 937.043
DSC_8442.JPG_max_x: 1046.78
DSC_8442.JPG_min_x: 539.24
DSC_8442.JPG_max_y: 1846.59
DSC_8442.JPG_min_y: 1205.16
