5.222099860032691776e-01 -1.900760279982663115e-01 9.829377574399102286e+02
-5.185409398971428940e-01 2.012143660342019302e+00 7.947359101195019093e+02
-5.736116093582986500e-04 6.687481817753709477e-04 9.999999999999998890e-01
DSC_8325.JPG_max_x: 712.885
DSC_8325.JPG_min_x: 21.5334
DSC_8325.JPG_max_y: 675.525
DSC_8325.JPG_min_y: 456.123
DSC_8412.JPG_max_x: 1195.87
DSC_8412.JPG_min_x: 626.658
DSC_8412.JPG_max_y: 1691.02
DSC_8412.JPG_min_y: 1357.66
