7.018479883427138910e-01 -7.518756038548227716e-01 3.702401897294969331e+02
-4.475919736208713168e-02 -6.186303912087089962e-01 1.156843033175350001e+03
-8.562799315909956892e-05 -8.452279464342105607e-04 9.999999999999998890e-01
DSC_8397.JPG_max_x: 988.137
DSC_8397.JPG_min_x: 115.851
DSC_8397.JPG_max_y: 558.808
DSC_8397.JPG_min_y: 207.447
DSC_8414.JPG_max_x: 1309.46
DSC_8414.JPG_min_x: 310.306
DSC_8414.JPG_max_y: 1680.51
DSC_8414.JPG_min_y: 1243.5
