-8.011942746263200021e+00 -2.812765131686588038e+00 7.074323754057882070e+03
4.926299246701149048e-01 -1.179622765078550017e+01 1.418464825569130517e+04
5.852589664473572140e-04 -4.571799726952005191e-03 1.000000000000000000e+00
DSC_8236.JPG_max_x: 1219.01
DSC_8236.JPG_min_x: 322.963
DSC_8236.JPG_max_y: 1756.28
DSC_8236.JPG_min_y: 1403.47
DSC_8253.JPG_max_x: 1313.89
DSC_8253.JPG_min_x: 9.23827
DSC_8253.JPG_max_y: 946.32
DSC_8253.JPG_min_y: 403.739
