2.616099795914660131e+00 -1.712835071280358057e-01 -7.102751683436851238e+01
4.744134859737786369e-01 2.414817018944112270e+00 -1.412216563329534210e+03
3.244186143979627189e-04 4.076664331246796355e-06 1.000000000000000000e+00
DSC_8200.JPG_max_x: 693.029
DSC_8200.JPG_min_x: 92.0876
DSC_8200.JPG_max_y: 1221.46
DSC_8200.JPG_min_y: 848.391
DSC_8448.JPG_max_x: 1297.85
DSC_8448.JPG_min_x: 16.4871
DSC_8448.JPG_max_y: 1517.74
DSC_8448.JPG_min_y: 698.859
