1.647250975907534443e+00 3.958589589356351635e-01 8.881949956205129411e+02
6.598188359046709417e-01 2.051966178263547214e+00 9.998811572199027609e+00
4.413164832311844248e-04 5.472504915491417697e-04 1.000000000000000000e+00
DSC_8322.JPG_max_x: 929.173
DSC_8322.JPG_min_x: 13.4997
DSC_8322.JPG_max_y: 1398.98
DSC_8322.JPG_min_y: 600.921
DSC_8414.JPG_max_x: 1323.96
DSC_8414.JPG_min_x: 583.594
DSC_8414.JPG_max_y: 1625.79
DSC_8414.JPG_min_y: 1014.67
