1.666309336170858302e+00 -1.439415170620385875e-01 -5.934492822560080185e+02
-1.368211954974115629e-01 1.609674604271552845e+00 -1.738516471903647926e+03
2.978966090690417516e-04 7.212205430616538699e-04 1.000000000000000000e+00
DSC_8240.JPG_max_x: 1163.08
DSC_8240.JPG_min_x: 632.151
DSC_8240.JPG_max_y: 1714.92
DSC_8240.JPG_min_y: 1399.16
DSC_8323.JPG_max_x: 493.637
DSC_8323.JPG_min_x: 101.362
DSC_8323.JPG_max_y: 346.728
DSC_8323.JPG_min_y: 183.539
