-6.901545885186014528e-01 -2.602351482519664305e+00 1.172884942103800995e+03
-9.855461931833401357e-01 -3.591598572023669167e+00 1.630760688009649357e+03
-6.082527546108768132e-04 -2.199069416591919492e-03 1.000000000000000000e+00
DSC_8331.JPG_max_x: 565.274
DSC_8331.JPG_min_x: 172.644
DSC_8331.JPG_max_y: 391.456
DSC_8331.JPG_min_y: 15.928
DSC_8360.JPG_max_x: 1326.19
DSC_8360.JPG_min_x: 190.84
DSC_8360.JPG_max_y: 1711.67
DSC_8360.JPG_min_y: 1317.87
