5.695358080477562979e+00 1.397170830257498331e+00 -2.382519577027518153e+03
-9.314170489424768995e-01 6.357444941195606880e+00 -5.364643885831836087e+03
-1.365448805161304608e-03 1.111660151005780571e-03 1.000000000000000000e+00
DSC_8298.JPG_max_x: 359.601
DSC_8298.JPG_min_x: 69.1824
DSC_8298.JPG_max_y: 1488.8
DSC_8298.JPG_min_y: 900.178
DSC_8407.JPG_max_x: 692.465
DSC_8407.JPG_min_x: 21.399
DSC_8407.JPG_max_y: 1585.52
DSC_8407.JPG_min_y: 24.7513
