2.297959100751162165e+00 5.857706648593472565e-01 -9.538092523822733710e+02
-4.907653897138590515e-02 2.689975329269092885e+00 -2.737299351067340467e+03
4.469245877798052208e-05 7.985553911096867925e-04 1.000000000000000000e+00
DSC_8296.JPG_max_x: 1221.28
DSC_8296.JPG_min_x: 95.7367
DSC_8296.JPG_max_y: 1788.7
DSC_8296.JPG_min_y: 1061.91
DSC_8297.JPG_max_x: 1215.25
DSC_8297.JPG_min_x: 49.1157
DSC_8297.JPG_max_y: 809.539
DSC_8297.JPG_min_y: 52.7333
