1.011692124931552250e+00 2.822757576516461697e-02 -2.115298243446115123e+02
1.466540904192356332e-01 1.024642877290834919e+00 -1.028182887628389466e+02
1.789737620520568968e-04 5.641433235445892822e-05 1.000000000000000000e+00
DSC_8230.JPG_max_x: 1315.45
DSC_8230.JPG_min_x: 343.676
DSC_8230.JPG_max_y: 1806.54
DSC_8230.JPG_min_y: 375.988
DSC_8246.JPG_max_x: 886.698
DSC_8246.JPG_min_x: 143.305
DSC_8246.JPG_max_y: 1482.44
DSC_8246.JPG_min_y: 337.51
