8.983172669176853198e-01 6.788208459115133153e-02 1.191391789671637582e+02
-2.674101093042223140e-03 8.955792790719839802e-01 -7.959453505081445712e+01
-1.562365628596357170e-05 7.576878012863089498e-05 1.000000000000000000e+00
DSC_8355.JPG_max_x: 1325.94
DSC_8355.JPG_min_x: 8.57664
DSC_8355.JPG_max_y: 1756.63
DSC_8355.JPG_min_y: 381.7
DSC_8395.JPG_max_x: 1322.21
DSC_8395.JPG_min_x: 143.639
DSC_8395.JPG_max_y: 1350.32
DSC_8395.JPG_min_y: 240.72
