-6.571317177167868007e-01 -5.406768359073093055e-01 7.710764133557396462e+02
-8.402763173775059657e-01 -5.079526070561294349e-01 7.927361898068662640e+02
-1.575229940324576489e-03 -3.985135036832498641e-04 1.000000000000000000e+00
DSC_8381.JPG_max_x: 1199.42
DSC_8381.JPG_min_x: 149.413
DSC_8381.JPG_max_y: 850.184
DSC_8381.JPG_min_y: 207.515
DSC_8395.JPG_max_x: 473.399
DSC_8395.JPG_min_x: 9.05669
DSC_8395.JPG_max_y: 598.516
DSC_8395.JPG_min_y: 239.633
