-1.561927614056277003e+00 -9.170253648457183937e-01 1.064149772993154556e+03
-2.305320319960586950e+00 -8.652376780833208603e-01 1.312226322111911259e+03
-1.705189631652572878e-03 -7.938390530817334128e-04 1.000000000000000000e+00
DSC_8423.JPG_max_x: 471.753
DSC_8423.JPG_min_x: 77.1913
DSC_8423.JPG_max_y: 1330.6
DSC_8423.JPG_min_y: 14.3361
DSC_8440.JPG_max_x: 1197.61
DSC_8440.JPG_min_x: 955.753
DSC_8440.JPG_max_y: 1624.22
DSC_8440.JPG_min_y: 1142.35
