-1.525674216345714171e+02 2.589666364032670458e+02 1.469885195936808122e+04
-2.417312476055826096e+02 5.654866635781833111e+02 -1.126514891648918856e+05
-1.985832202191630813e-01 2.595735542227162185e-01 1.000000000000000000e+00
DSC_8337.JPG_max_x: 1198.52
DSC_8337.JPG_min_x: 13.6209
DSC_8337.JPG_max_y: 846.044
DSC_8337.JPG_min_y: 425.561
DSC_8416.JPG_max_x: 1319.91
DSC_8416.JPG_min_x: 386.937
DSC_8416.JPG_max_y: 1714.56
DSC_8416.JPG_min_y: 996.671
