1.399275918252357753e+00 -7.203427528556058390e-02 -1.422190203038480604e+03
1.271042033010848060e+00 1.732026019129106142e+00 -4.229940967183781027e+02
1.050797724591839453e-03 1.479031456810199648e-04 9.999999999999998890e-01
DSC_8222.JPG_max_x: 1285.48
DSC_8222.JPG_min_x: 1077.52
DSC_8222.JPG_max_y: 1757.84
DSC_8222.JPG_min_y: 778.139
DSC_8368.JPG_max_x: 107.944
DSC_8368.JPG_min_x: 3.90275
DSC_8368.JPG_max_y: 1642.42
DSC_8368.JPG_min_y: 1031.41
