1.062886270033834624e+00 -6.767662705175590820e-02 5.282872133780415425e+02
-1.257714864461373094e-01 1.064938604123196519e+00 -8.345253663169418701e+01
-1.464739887119509258e-04 -6.939776027403501166e-05 1.000000000000000000e+00
DSC_8220.JPG_max_x: 633.407
DSC_8220.JPG_min_x: 4.13323
DSC_8220.JPG_max_y: 1582.11
DSC_8220.JPG_min_y: 744.876
DSC_8334.JPG_max_x: 1327.31
DSC_8334.JPG_min_x: 502.808
DSC_8334.JPG_max_y: 1864.06
DSC_8334.JPG_min_y: 736.685
