6.641813827058764552e-01 3.534110667154433116e-02 3.057120280866996040e+02
1.785833159962417482e-02 7.147086399962218062e-01 2.341066380734652626e+02
1.423163962863051735e-05 5.053136439663634746e-05 1.000000000000000000e+00
DSC_8256.JPG_max_x: 1319.6
DSC_8256.JPG_min_x: 122.765
DSC_8256.JPG_max_y: 1830.15
DSC_8256.JPG_min_y: 656.966
DSC_8292.JPG_max_x: 1141.33
DSC_8292.JPG_min_x: 428.826
DSC_8292.JPG_max_y: 1378.89
DSC_8292.JPG_min_y: 684.183
