8.681487317900098422e-01 1.573676220324583212e-03 9.473839884075430007e+01
8.896771747190314328e-02 8.467818701382037183e-01 2.426459456158156911e+02
5.764278006747979629e-05 -1.736734122893922040e-05 1.000000000000000000e+00
DSC_8214.JPG_max_x: 1326.47
DSC_8214.JPG_min_x: 461.058
DSC_8214.JPG_max_y: 1778.86
DSC_8214.JPG_min_y: 458.826
DSC_8230.JPG_max_x: 1175.13
DSC_8230.JPG_min_x: 459.278
DSC_8230.JPG_max_y: 1761.43
DSC_8230.JPG_min_y: 701.232
