1.543254260523464927e+00 -1.061422724857027516e-01 4.558379734366396292e+02
4.344592687286933930e-01 1.330753050383129077e+00 -4.470314966104240852e+02
3.663513937110427746e-04 1.096390844284816807e-05 1.000000000000000000e+00
DSC_8262.JPG_max_x: 872.672
DSC_8262.JPG_min_x: 42.2987
DSC_8262.JPG_max_y: 1696.96
DSC_8262.JPG_min_y: 515.397
DSC_8296.JPG_max_x: 1289.23
DSC_8296.JPG_min_x: 111.918
DSC_8296.JPG_max_y: 1728.31
DSC_8296.JPG_min_y: 430.981
