2.263077834520227094e-01 -4.469391388814994426e-02 5.207461790956925825e+02
2.958092792829025795e-03 1.506912661667126896e-01 9.017023950626903570e+02
3.430034291690135093e-06 -6.603957822780956899e-05 1.000000000000000000e+00
DSC_8304.JPG_max_x: 1188.07
DSC_8304.JPG_min_x: 27.7159
DSC_8304.JPG_max_y: 1784.88
DSC_8304.JPG_min_y: 287.115
DSC_8416.JPG_max_x: 789.309
DSC_8416.JPG_min_x: 514.569
DSC_8416.JPG_max_y: 1326.12
DSC_8416.JPG_min_y: 958.502
