8.571763769281859346e-01 -2.769442682883830331e-01 -8.880327954422322989e+01
5.704124121443827217e-02 1.090990673227300256e+00 1.026765775263126670e+03
4.883427152558688466e-06 1.802095238592008866e-04 1.000000000000000000e+00
DSC_8261.JPG_max_x: 1247.28
DSC_8261.JPG_min_x: 373.674
DSC_8261.JPG_max_y: 469.643
DSC_8261.JPG_min_y: 204.802
DSC_8456.JPG_max_x: 864.278
DSC_8456.JPG_min_x: 167.918
DSC_8456.JPG_max_y: 1454.17
DSC_8456.JPG_min_y: 1251.63
