-2.916630886340103035e-01 -1.365569121560735733e-01 5.261609106484387439e+02
-4.539930910313262902e-01 -3.850982074366502972e-01 1.035973463065356782e+03
-5.681120659488762001e-04 -2.802518381583721588e-04 1.000000000000000000e+00
DSC_8196.JPG_max_x: 1330.81
DSC_8196.JPG_min_x: 656.08
DSC_8196.JPG_max_y: 1892.97
DSC_8196.JPG_min_y: 954.516
DSC_8421.JPG_max_x: 536.258
DSC_8421.JPG_min_x: 26.3857
DSC_8421.JPG_max_y: 1314.7
DSC_8421.JPG_min_y: 392.787
