-2.956603132277035861e-01 -9.451824531430544352e-02 4.028703023814441622e+02
-1.392129816598439707e-01 -3.453559431021290815e-01 5.009273105070381575e+02
-7.201122840617901148e-04 -3.472110238649405074e-04 1.000000000000000000e+00
DSC_8348.JPG_max_x: 1317.62
DSC_8348.JPG_min_x: 695.372
DSC_8348.JPG_max_y: 1777.33
DSC_8348.JPG_min_y: 968.042
DSC_8365.JPG_max_x: 781.842
DSC_8365.JPG_min_x: 11.5587
DSC_8365.JPG_max_y: 867.663
DSC_8365.JPG_min_y: 33.1651
