-6.947050297430703569e-01 3.979198453272175806e-01 3.753482953772346491e+02
-6.478764491372701606e-02 1.222806689761512522e-01 3.284488542071350281e+01
-1.478090111339535511e-03 6.449183341576131137e-04 1.000000000000000000e+00
DSC_8304.JPG_max_x: 1085.21
DSC_8304.JPG_min_x: 71.4595
DSC_8304.JPG_max_y: 1784.88
DSC_8304.JPG_min_y: 499.433
DSC_8433.JPG_max_x: 661.56
DSC_8433.JPG_min_x: 122.72
DSC_8433.JPG_max_y: 907.743
DSC_8433.JPG_min_y: 84.6984
