7.387448399135663202e+00 3.463194945862643426e+00 -5.138797162247573397e+03
-6.121807215761405629e-01 9.748172808650306109e+00 -8.629335866496858216e+03
8.334319467715291599e-04 5.458909123186995831e-03 1.000000000000000000e+00
DSC_8352.JPG_max_x: 1316.68
DSC_8352.JPG_min_x: 287.002
DSC_8352.JPG_max_y: 1744.1
DSC_8352.JPG_min_y: 1063.45
DSC_8397.JPG_max_x: 988.137
DSC_8397.JPG_min_x: 115.851
DSC_8397.JPG_max_y: 640.552
DSC_8397.JPG_min_y: 206.314
