1.901953272688075569e-01 -8.900142257812756474e-01 1.293677885323459805e+03
-4.318102318076428442e-02 -1.115954836989890286e-01 2.066741299016279640e+02
1.016328503556269833e-04 -6.685063636015955817e-04 1.000000000000000000e+00
DSC_8272.JPG_max_x: 1039.05
DSC_8272.JPG_min_x: 321.468
DSC_8272.JPG_max_y: 1820.63
DSC_8272.JPG_min_y: 1281.27
DSC_8471.JPG_max_x: 1300.85
DSC_8471.JPG_min_x: 759.515
DSC_8471.JPG_max_y: 696.049
DSC_8471.JPG_min_y: 157.173
