6.014693210173198690e-01 -3.920983492847184282e-01 6.747843030355205656e+02
3.413506337404463853e-01 9.301502380687811655e-01 -3.151441221484373614e+02
-5.524199464517250141e-06 1.068785672510301401e-04 9.999999999999998890e-01
DSC_8233.JPG_max_x: 1122.63
DSC_8233.JPG_min_x: 47.2468
DSC_8233.JPG_max_y: 1096.11
DSC_8233.JPG_min_y: 291.698
DSC_8279.JPG_max_x: 902.445
DSC_8279.JPG_min_x: 270.456
DSC_8279.JPG_max_y: 971.415
DSC_8279.JPG_min_y: 138.866
