-4.447598338606021939e-01 -1.894796080028192109e-01 7.201413061096750425e+02
-1.353609803114956822e-01 -4.404391357582225219e-01 6.493160318336601904e+02
-5.570413518322074467e-04 -4.236719195084210948e-04 1.000000000000000000e+00
DSC_8348.JPG_max_x: 1318.24
DSC_8348.JPG_min_x: 226.25
DSC_8348.JPG_max_y: 1777.33
DSC_8348.JPG_min_y: 710.967
DSC_8417.JPG_max_x: 1069.88
DSC_8417.JPG_min_x: 127.113
DSC_8417.JPG_max_y: 987.906
DSC_8417.JPG_min_y: 64.7768
