5.402282188251631423e-01 -1.286609808554758649e-01 3.214484811904508206e+02
-6.663007264916083298e-03 5.059393933518170350e-01 9.797022734461309312e+01
-4.855030263071432619e-05 -1.735291192411282679e-04 9.999999999999998890e-01
DSC_8229.JPG_max_x: 1248.15
DSC_8229.JPG_min_x: 151.211
DSC_8229.JPG_max_y: 971.467
DSC_8229.JPG_min_y: 105.344
DSC_8261.JPG_max_x: 1074.29
DSC_8261.JPG_min_x: 368.369
DSC_8261.JPG_max_y: 739.026
DSC_8261.JPG_min_y: 158.556
