-1.231441656784902472e+00 1.639504195908281503e-01 1.147888625422252289e+03
-1.773970980711171652e+00 1.087183506918565801e+00 3.061239545360448915e+02
-1.669671691157150568e-03 1.809667805426441517e-04 1.000000000000000000e+00
DSC_8296.JPG_max_x: 1101.04
DSC_8296.JPG_min_x: 9.06488
DSC_8296.JPG_max_y: 1401.61
DSC_8296.JPG_min_y: 833.312
DSC_8454.JPG_max_x: 1330.15
DSC_8454.JPG_min_x: 129.538
DSC_8454.JPG_max_y: 1620.39
DSC_8454.JPG_min_y: 1006.58
