9.373520127819225944e-01 8.892098636681150525e-02 -1.634064299203581072e+02
1.242345042306340890e-03 9.652078651392378417e-01 -2.045085882297212265e+02
1.013256964351879713e-04 6.136795791304185382e-05 1.000000000000000000e+00
DSC_8335.JPG_max_x: 1321.49
DSC_8335.JPG_min_x: 323.009
DSC_8335.JPG_max_y: 968.478
DSC_8335.JPG_min_y: 217.875
DSC_8351.JPG_max_x: 972.644
DSC_8351.JPG_min_x: 165.063
DSC_8351.JPG_max_y: 629.125
DSC_8351.JPG_min_y: 6.69092
