1.191190651233013043e+00 -2.409310130974309239e-01 6.785491901817556482e+02
1.543231416828727554e+00 1.019169253743582804e+00 8.863067256691880402e+02
9.221563220900609332e-04 2.381910514755742949e-05 1.000000000000000000e+00
DSC_8405.JPG_max_x: 831.525
DSC_8405.JPG_min_x: 262.119
DSC_8405.JPG_max_y: 933.707
DSC_8405.JPG_min_y: 297.29
DSC_8438.JPG_max_x: 867.302
DSC_8438.JPG_min_x: 692.532
DSC_8438.JPG_max_y: 1760.81
DSC_8438.JPG_min_y: 1373.25
