-5.622963689592050916e-03 -8.079061050368360197e-01 4.955403969096519745e+02
1.131647857803004531e-02 -2.308867690792850702e+00 1.401266242915284465e+03
1.078300930041453898e-05 -1.648933044922223706e-03 1.000000000000000000e+00
DSC_8257.JPG_max_x: 638.696
DSC_8257.JPG_min_x: 27.7745
DSC_8257.JPG_max_y: 628.001
DSC_8257.JPG_min_y: 269.325
DSC_8380.JPG_max_x: 1031.05
DSC_8380.JPG_min_x: 270.51
DSC_8380.JPG_max_y: 1865.07
DSC_8380.JPG_min_y: 1303.84
