5.156639123302879657e-01 -2.244096784482258952e-02 1.520766785674910579e+02
1.625708839185446494e-02 5.061329653963972941e-01 -2.512288541459495050e+01
1.603778565803675219e-05 -8.650856926704962938e-05 1.000000000000000000e+00
DSC_8319.JPG_max_x: 1068.6
DSC_8319.JPG_min_x: 177.337
DSC_8319.JPG_max_y: 1371.29
DSC_8319.JPG_min_y: 102.797
DSC_8351.JPG_max_x: 734.39
DSC_8351.JPG_min_x: 242.524
DSC_8351.JPG_max_y: 759.805
DSC_8351.JPG_min_y: 41.6965
