7.423671235382683919e-01 4.603822083854468561e-01 3.003895312658350463e+02
-3.028521769692038013e-01 8.718626907003501625e-01 9.369590094798572011e+01
-4.237469565145364318e-04 -4.527333296827480377e-05 1.000000000000000000e+00
DSC_8209.JPG_max_x: 523.853
DSC_8209.JPG_min_x: 29.6439
DSC_8209.JPG_max_y: 1092.35
DSC_8209.JPG_min_y: 497.605
DSC_8225.JPG_max_x: 1265.42
DSC_8225.JPG_min_x: 747.838
DSC_8225.JPG_max_y: 1146.13
DSC_8225.JPG_min_y: 511.557
