-2.423207644983234321e-01 -7.780198841305761004e-01 8.642812904345694278e+02
-1.174290089297927095e-02 -3.575518530547114326e-01 4.094104657397375036e+02
-1.756318222009489120e-04 -1.005583816848835098e-03 1.000000000000000000e+00
DSC_8304.JPG_max_x: 1095.16
DSC_8304.JPG_min_x: 71.4595
DSC_8304.JPG_max_y: 1784.88
DSC_8304.JPG_min_y: 476.849
DSC_8335.JPG_max_x: 1171.27
DSC_8335.JPG_min_x: 482.434
DSC_8335.JPG_max_y: 759.306
DSC_8335.JPG_min_y: 64.2728
