6.436504222817072129e-01 -9.756350387667223067e-01 -3.760093673110689565e+02
5.556823329066697126e-02 -3.511591820607100622e+00 1.191409719122810429e+03
-6.315011897878205745e-05 -2.517245991513443817e-03 1.000000000000000000e+00
DSC_8415.JPG_max_x: 1151.04
DSC_8415.JPG_min_x: 276.407
DSC_8415.JPG_max_y: 702.124
DSC_8415.JPG_min_y: 240.216
DSC_8444.JPG_max_x: 1135.64
DSC_8444.JPG_min_x: 59.4076
DSC_8444.JPG_max_y: 1585.73
DSC_8444.JPG_min_y: 1067.18
