-3.315752521965360078e+00 -1.297964253250178945e+00 5.229842608924760498e+03
4.438259241345841599e-01 -4.200107666007544260e+00 3.697095477098761421e+03
-1.937171168936736572e-04 -1.516063730157377921e-03 1.000000000000000000e+00
DSC_8214.JPG_max_x: 1327.11
DSC_8214.JPG_min_x: 1167.88
DSC_8214.JPG_max_y: 1167.49
DSC_8214.JPG_min_y: 1009.5
DSC_8387.JPG_max_x: 667.112
DSC_8387.JPG_min_x: 83.3816
DSC_8387.JPG_max_y: 620.871
DSC_8387.JPG_min_y: 13.5671
