-8.105733524172952897e+00 -4.755407685082931324e-01 1.015642923024398806e+04
-8.553822137383754409e+00 -4.831592699170867533e+00 8.701445620525519189e+03
-7.488529374633287779e-03 2.008707809725768408e-03 1.000000000000000000e+00
DSC_8220.JPG_max_x: 1327.25
DSC_8220.JPG_min_x: 1199.62
DSC_8220.JPG_max_y: 1404.73
DSC_8220.JPG_min_y: 1102.95
DSC_8238.JPG_max_x: 179.422
DSC_8238.JPG_min_x: 21.2495
DSC_8238.JPG_max_y: 1565.33
DSC_8238.JPG_min_y: 1186.48
