1.504535465449021503e+00 4.052531464449498078e-01 9.006061172935271770e+02
6.648208360287788388e-01 1.364948369498200531e+00 1.082724694174696936e+02
6.752087436732867468e-04 5.056848364969580237e-04 1.000000000000000000e+00
DSC_8268.JPG_max_x: 880.736
DSC_8268.JPG_min_x: 16.8477
DSC_8268.JPG_max_y: 1654.14
DSC_8268.JPG_min_y: 539.948
DSC_8334.JPG_max_x: 1327.31
DSC_8334.JPG_min_x: 562.038
DSC_8334.JPG_max_y: 1305.61
DSC_8334.JPG_min_y: 749.027
