1.165803155835843263e+00 6.862365309954347736e-02 -6.670435248266260260e+02
9.932881151686643456e-03 1.216552336109973487e+00 -1.970590595212498499e+02
3.822778002242293953e-05 2.937988321844918710e-05 1.000000000000000000e+00
DSC_8264.JPG_max_x: 863.753
DSC_8264.JPG_min_x: 577.966
DSC_8264.JPG_max_y: 1010.14
DSC_8264.JPG_min_y: 468.14
DSC_8280.JPG_max_x: 363.05
DSC_8280.JPG_min_x: 56.4718
DSC_8280.JPG_max_y: 982.682
DSC_8280.JPG_min_y: 364.458
