2.030069655354079128e+00 1.193371461185905452e-01 -2.037762840069317008e+03
6.125571209661555550e-01 1.997930555225678084e+00 -9.429035242058243966e+02
7.272703090537278349e-04 8.288143831746880882e-05 1.000000000000000000e+00
DSC_8234.JPG_max_x: 1306.58
DSC_8234.JPG_min_x: 937.451
DSC_8234.JPG_max_y: 1976.19
DSC_8234.JPG_min_y: 735.63
DSC_8236.JPG_max_x: 390.231
DSC_8236.JPG_min_x: 4.26007
DSC_8236.JPG_max_y: 1908.58
DSC_8236.JPG_min_y: 650.282
