-7.313368534926209641e+00 2.067373069936365049e+00 1.085701125226888053e+03
-1.116723109179863904e+01 2.947664971951708068e+00 1.779258260363463251e+03
-6.115836946013441557e-03 1.570158934025868902e-03 1.000000000000000000e+00
DSC_8293.JPG_max_x: 334.76
DSC_8293.JPG_min_x: 40.2268
DSC_8293.JPG_max_y: 722.995
DSC_8293.JPG_min_y: 199.868
DSC_8470.JPG_max_x: 1327.01
DSC_8470.JPG_min_x: 270.76
DSC_8470.JPG_max_y: 1926.19
DSC_8470.JPG_min_y: 1567.02
