3.964179710049495209e-01 -4.854451093172502951e-02 1.556123380849930413e+02
2.244040227719434899e-02 2.730076482195519239e-01 8.059474023998789107e+02
2.712424243931663421e-06 -7.367412742189707582e-05 9.999999999999998890e-01
DSC_8270.JPG_max_x: 1117.18
DSC_8270.JPG_min_x: 44.6019
DSC_8270.JPG_max_y: 1649.49
DSC_8270.JPG_min_y: 553.969
DSC_8414.JPG_max_x: 594.291
DSC_8414.JPG_min_x: 150.433
DSC_8414.JPG_max_y: 1439.29
DSC_8414.JPG_min_y: 1002.54
