4.348250982901266326e+00 -3.611285624977685904e-01 -3.752121239419224821e+03
2.789967767840928481e+00 2.843854372868718894e+00 -2.241853284977329622e+03
1.931634974403757116e-03 -4.347519438000267233e-04 9.999999999999998890e-01
DSC_8344.JPG_max_x: 1329.12
DSC_8344.JPG_min_x: 1046.42
DSC_8344.JPG_max_y: 1483.02
DSC_8344.JPG_min_y: 516.238
DSC_8360.JPG_max_x: 541.454
DSC_8360.JPG_min_x: 169.596
DSC_8360.JPG_max_y: 1978.71
DSC_8360.JPG_min_y: 839.145
