3.673966972593303848e-02 -4.948826368902289885e-01 4.851594756463400699e+02
4.720543129589550579e-01 -1.268458565622689882e+00 7.900015425251535817e+02
1.696551725586694487e-04 -1.326242140981320414e-03 9.999999999999998890e-01
DSC_8290.JPG_max_x: 1278.97
DSC_8290.JPG_min_x: 96.6025
DSC_8290.JPG_max_y: 1746.7
DSC_8290.JPG_min_y: 438.803
DSC_8453.JPG_max_x: 653.769
DSC_8453.JPG_min_x: 17.8738
DSC_8453.JPG_max_y: 1378.23
DSC_8453.JPG_min_y: 317.302
