-2.651038659092023408e+00 -1.799646699002120043e+00 8.034059743783142267e+02
3.237115605585966782e-01 -4.391855902623423624e+00 4.334225758001748545e+03
6.279993964347693053e-04 -2.480262615152148842e-03 1.000000000000000000e+00
DSC_8248.JPG_max_x: 376.985
DSC_8248.JPG_min_x: 35.2845
DSC_8248.JPG_max_y: 1547.02
DSC_8248.JPG_min_y: 1035.23
DSC_8347.JPG_max_x: 1194.42
DSC_8347.JPG_min_x: 732.277
DSC_8347.JPG_max_y: 915.416
DSC_8347.JPG_min_y: 151.188
