-7.259666542092854113e-01 4.256194294831454339e-02 5.992942812927211662e+02
-4.083834013172967792e-01 -5.199404514956725842e-01 1.195078340869901467e+03
-9.552556095833469223e-04 -1.351858643351644905e-04 1.000000000000000000e+00
DSC_8360.JPG_max_x: 1326.19
DSC_8360.JPG_min_x: 190.84
DSC_8360.JPG_max_y: 1711.67
DSC_8360.JPG_min_y: 1453.91
DSC_8405.JPG_max_x: 743.904
DSC_8405.JPG_min_x: 48.5354
DSC_8405.JPG_max_y: 514.828
DSC_8405.JPG_min_y: 227.075
