-1.322713640207058949e+00 2.569157487199617229e+00 -4.681904565473591333e+02
-5.584185472640600389e-01 3.090025097238708884e+00 -3.655414725353771701e+03
-2.799613959361200131e-03 2.271822314095605158e-03 1.000000000000000000e+00
DSC_8272.JPG_max_x: 924.719
DSC_8272.JPG_min_x: 290.27
DSC_8272.JPG_max_y: 1678.13
DSC_8272.JPG_min_y: 1279.36
DSC_8321.JPG_max_x: 1185.82
DSC_8321.JPG_min_x: 714.883
DSC_8321.JPG_max_y: 411.044
DSC_8321.JPG_min_y: 17.0077
