8.856126797366186132e-01 -1.712267761258034204e-01 -7.762908996483602664e+01
3.329503815178123105e-01 2.828129922982583477e-01 1.667251041665954574e+02
1.079741302413126606e-03 -8.716017730734170821e-04 1.000000000000000000e+00
DSC_8207.JPG_max_x: 1241.99
DSC_8207.JPG_min_x: 254.341
DSC_8207.JPG_max_y: 1090.93
DSC_8207.JPG_min_y: 223.778
DSC_8411.JPG_max_x: 595.971
DSC_8411.JPG_min_x: 101.916
DSC_8411.JPG_max_y: 989.591
DSC_8411.JPG_min_y: 290.866
