1.267778024714567131e+00 -1.141566481154380336e-02 -3.589111618914634505e+02
-7.400648846322992191e-02 1.285518794715843960e+00 -2.422203601245933555e+02
-7.063344921730366774e-05 -5.062710050332821593e-05 1.000000000000000000e+00
DSC_8236.JPG_max_x: 1211.51
DSC_8236.JPG_min_x: 300.185
DSC_8236.JPG_max_y: 1572.2
DSC_8236.JPG_min_y: 650.339
DSC_8252.JPG_max_x: 1317.99
DSC_8252.JPG_min_x: 4.93094
DSC_8252.JPG_max_y: 1981.92
DSC_8252.JPG_min_y: 587.244
