-7.230239128966119422e-01 -5.940343036211434002e-01 9.287288546399161078e+02
-1.872083795840961962e+00 -7.644223394146761053e-02 7.838117048918697947e+02
-1.714605177203109079e-03 -4.146693576997790274e-04 1.000000000000000000e+00
DSC_8278.JPG_max_x: 282.735
DSC_8278.JPG_min_x: 9.19777
DSC_8278.JPG_max_y: 1090.17
DSC_8278.JPG_min_y: 684.936
DSC_8344.JPG_max_x: 1310.79
DSC_8344.JPG_min_x: 456.145
DSC_8344.JPG_max_y: 1524.82
DSC_8344.JPG_min_y: 768.588
