1.422423868854859608e+00 2.162041253540667729e-01 -2.308842845509884398e+02
-1.851716187286728613e-02 2.717461971208724680e+00 2.414340006711571505e+02
-1.800258884917293523e-05 6.943050365652704385e-04 1.000000000000000000e+00
DSC_8193.JPG_max_x: 937.004
DSC_8193.JPG_min_x: 347.77
DSC_8193.JPG_max_y: 1299.03
DSC_8193.JPG_min_y: 841.356
DSC_8212.JPG_max_x: 772.607
DSC_8212.JPG_min_x: 288.068
DSC_8212.JPG_max_y: 1989.88
DSC_8212.JPG_min_y: 1606.56
