1.009147429900788401e-01 -4.330215919997404961e-01 9.098542493522688801e+02
-6.455043624331316954e-01 2.040491264186171660e-01 1.138961289973583462e+03
-4.963524488146467233e-04 -2.420941624682054370e-04 1.000000000000000000e+00
DSC_8197.JPG_max_x: 570.994
DSC_8197.JPG_min_x: 89.7093
DSC_8197.JPG_max_y: 994.879
DSC_8197.JPG_min_y: 79.1661
DSC_8214.JPG_max_x: 1324.16
DSC_8214.JPG_min_x: 872.377
DSC_8214.JPG_max_y: 1934.4
DSC_8214.JPG_min_y: 1131.36
