5.486088293103832392e+00 -2.031363844393923035e-01 -1.107118880680709708e+03
1.417129015034672035e+00 2.953774193155279448e+00 6.233356277929494809e+02
2.387908184760705651e-03 -1.567647782935864987e-04 1.000000000000000000e+00
DSC_8217.JPG_max_x: 870.927
DSC_8217.JPG_min_x: 614.273
DSC_8217.JPG_max_y: 887.464
DSC_8217.JPG_min_y: 63.4377
DSC_8403.JPG_max_x: 1228.63
DSC_8403.JPG_min_x: 917.277
DSC_8403.JPG_max_y: 1758.65
DSC_8403.JPG_min_y: 662.396
