4.121038241745834108e-01 -5.561990298435935953e-01 1.739613541923358980e+03
8.886976967391117810e-02 9.199941340399284684e-01 1.007554694541660183e+02
-4.192272239220499455e-04 5.473080983930942892e-05 9.999999999999998890e-01
DSC_8421.JPG_max_x: 264.277
DSC_8421.JPG_min_x: 7.05287
DSC_8421.JPG_max_y: 1384.55
DSC_8421.JPG_min_y: 796.309
DSC_8423.JPG_max_x: 1314.08
DSC_8423.JPG_min_x: 1030.98
DSC_8423.JPG_max_y: 1388.27
DSC_8423.JPG_min_y: 822.661
