-3.167785601340656343e-01 -5.789531853002167772e-01 8.863156172386679827e+02
-1.183974110324293718e-03 -2.103136395415557969e-01 2.210941651770855856e+02
-2.617597521642139142e-04 -8.052405257655050616e-04 1.000000000000000000e+00
DSC_8266.JPG_max_x: 1180.26
DSC_8266.JPG_min_x: 772.548
DSC_8266.JPG_max_y: 1409.32
DSC_8266.JPG_min_y: 546.446
DSC_8417.JPG_max_x: 1290.07
DSC_8417.JPG_min_x: 381.121
DSC_8417.JPG_max_y: 574.522
DSC_8417.JPG_min_y: 66.497
