-1.336861875713679204e+00 -1.887887423957242683e-01 7.204139733265191126e+02
-3.948010079584467036e+00 -5.691318094071416311e+00 1.251354280568127933e+03
-3.306753993279599145e-03 -3.521737460058153510e-03 1.000000000000000000e+00
DSC_8313.JPG_max_x: 803.658
DSC_8313.JPG_min_x: 42.8827
DSC_8313.JPG_max_y: 304.75
DSC_8313.JPG_min_y: 12.6249
DSC_8458.JPG_max_x: 827.905
DSC_8458.JPG_min_x: 15.7034
DSC_8458.JPG_max_y: 1354.81
DSC_8458.JPG_min_y: 1157.17
