2.447738885202292158e-01 -1.271338134196506320e-01 9.902727482037238360e+02
-3.895555968728340313e-01 8.178538991822754678e-01 3.453211413550474163e+02
-4.382741414470000532e-04 3.345950053830615544e-05 1.000000000000000000e+00
DSC_8322.JPG_max_x: 640.059
DSC_8322.JPG_min_x: 35.1709
DSC_8322.JPG_max_y: 1462.76
DSC_8322.JPG_min_y: 605.325
DSC_8352.JPG_max_x: 1324.82
DSC_8352.JPG_min_x: 813.252
DSC_8352.JPG_max_y: 1626.33
DSC_8352.JPG_min_y: 814.869
