-7.670438421820248154e-01 -4.269866717959031055e-01 1.089802070537901272e+03
-3.793097067060546834e-01 1.119685268523989627e-02 2.209941436422706431e+02
-7.100808536972949081e-04 -3.881204684640829458e-04 1.000000000000000000e+00
DSC_8262.JPG_max_x: 666.426
DSC_8262.JPG_min_x: 51.2669
DSC_8262.JPG_max_y: 1582.42
DSC_8262.JPG_min_y: 1102.92
DSC_8311.JPG_max_x: 1320.64
DSC_8311.JPG_min_x: 161.482
DSC_8311.JPG_max_y: 986.455
DSC_8311.JPG_min_y: 321.516
