1.073804051260812908e+00 1.319299396508821776e-01 -8.064063169021949307e+02
1.284939624812571513e+00 2.871800560872147523e-01 2.261307333348854911e+02
1.045801242953134022e-03 -5.143253349940686645e-04 9.999999999999998890e-01
DSC_8322.JPG_max_x: 1322.84
DSC_8322.JPG_min_x: 626.863
DSC_8322.JPG_max_y: 1401.82
DSC_8322.JPG_min_y: 610.462
DSC_8474.JPG_max_x: 756.921
DSC_8474.JPG_min_x: 19.6454
DSC_8474.JPG_max_y: 1437.95
DSC_8474.JPG_min_y: 911.54
