1.085110244485799208e-01 -1.110205199794802727e-01 3.524230821026528702e+02
-3.015195665233372790e-01 5.632030388836875012e-01 2.866008195378768733e+02
-6.036646476514618241e-04 1.083114463971859262e-04 1.000000000000000000e+00
DSC_8361.JPG_max_x: 1256.68
DSC_8361.JPG_min_x: 842.718
DSC_8361.JPG_max_y: 1611.17
DSC_8361.JPG_min_y: 174.622
DSC_8423.JPG_max_x: 1232.96
DSC_8423.JPG_min_x: 416.024
DSC_8423.JPG_max_y: 1613.16
DSC_8423.JPG_min_y: 192.728
