1.686454775126272065e-01 2.683350603759955197e-02 5.026922753609165966e+02
-4.044417561396898564e-01 4.635976932454276001e-01 9.333324059016862293e+02
-2.828467611394858659e-04 -4.287468489418158535e-06 1.000000000000000000e+00
DSC_8290.JPG_max_x: 1322.88
DSC_8290.JPG_min_x: 30.5405
DSC_8290.JPG_max_y: 1826.11
DSC_8290.JPG_min_y: 260.948
DSC_8470.JPG_max_x: 1235.14
DSC_8470.JPG_min_x: 536.845
DSC_8470.JPG_max_y: 1954.32
DSC_8470.JPG_min_y: 1026.77
