3.420683506054236656e+00 -5.251032616796413172e-02 -2.496286876755497360e+03
1.668555333651495776e+00 2.277572946929779629e+00 -1.459559607763828353e+03
1.584349454628632570e-03 -2.212620771101349651e-04 1.000000000000000000e+00
DSC_8234.JPG_max_x: 1306.58
DSC_8234.JPG_min_x: 829.667
DSC_8234.JPG_max_y: 1766.21
DSC_8234.JPG_min_y: 744.442
DSC_8432.JPG_max_x: 722.975
DSC_8432.JPG_min_x: 143.093
DSC_8432.JPG_max_y: 1756.39
DSC_8432.JPG_min_y: 795.887
