7.650697142327552491e+00 2.289543137233875925e+00 -5.018349054258281285e+03
-3.323350353303130000e-01 9.400886836510245814e+00 -9.776419849362182504e+03
6.857451260651039140e-05 3.108096085287594557e-03 1.000000000000000000e+00
DSC_8216.JPG_max_x: 1214.74
DSC_8216.JPG_min_x: 521.762
DSC_8216.JPG_max_y: 1939.48
DSC_8216.JPG_min_y: 1079.48
DSC_8347.JPG_max_x: 1316.33
DSC_8347.JPG_min_x: 351.119
DSC_8347.JPG_max_y: 1165.34
DSC_8347.JPG_min_y: 43.2998
