6.064338292913579176e-01 5.469352198808927895e-02 -6.769348640477602430e+02
-3.231662137885918940e-01 7.553029409093916513e-01 2.082607818904393469e+02
-2.916519599916019760e-04 5.414118187075588436e-05 9.999999999999998890e-01
DSC_8196.JPG_max_x: 1330.69
DSC_8196.JPG_min_x: 1010.93
DSC_8196.JPG_max_y: 1778.81
DSC_8196.JPG_min_y: 796.776
DSC_8248.JPG_max_x: 340.105
DSC_8248.JPG_min_x: 17.4126
DSC_8248.JPG_max_y: 1563.6
DSC_8248.JPG_min_y: 605.401
