-4.664563594699803417e+00 -9.407277857818796551e-01 8.431955866557480022e+02
-1.079662428602836677e+00 -2.924651712339998877e+00 2.698785602138214017e+03
-3.172293226521633990e-03 -1.413245958901712630e-03 1.000000000000000000e+00
DSC_8264.JPG_max_x: 449.277
DSC_8264.JPG_min_x: 19.7363
DSC_8264.JPG_max_y: 1433.25
DSC_8264.JPG_min_y: 855.063
DSC_8405.JPG_max_x: 1169.17
DSC_8405.JPG_min_x: 508.233
DSC_8405.JPG_max_y: 1313.52
DSC_8405.JPG_min_y: 7.88801
