-1.283266283628311744e+00 -3.229297076347823481e-01 1.084145673112544500e+03
-7.883090574940622153e-01 1.984506989679079847e-01 3.920210631770262353e+02
-1.376860789533083810e-03 -1.963813006539068837e-04 1.000000000000000000e+00
DSC_8323.JPG_max_x: 787.509
DSC_8323.JPG_min_x: 60.0548
DSC_8323.JPG_max_y: 773.986
DSC_8323.JPG_min_y: 183.539
DSC_8415.JPG_max_x: 1279.85
DSC_8415.JPG_min_x: 720.577
DSC_8415.JPG_max_y: 713.428
DSC_8415.JPG_min_y: 275.305
