1.087293907162008910e+00 -4.424178497945452371e-01 -1.129991705057135363e+02
3.124612817332221404e+00 -2.069500330462347382e+00 6.677480535963819648e+02
2.579533155080010638e-03 -2.103155989850663456e-03 1.000000000000000000e+00
DSC_8248.JPG_max_x: 615.788
DSC_8248.JPG_min_x: 13.5798
DSC_8248.JPG_max_y: 1673.0
DSC_8248.JPG_min_y: 937.167
DSC_8419.JPG_max_x: 1075.65
DSC_8419.JPG_min_x: 93.0754
DSC_8419.JPG_max_y: 1340.6
DSC_8419.JPG_min_y: 529.464
