6.470650207669614851e-01 -1.173272630523319870e+00 8.768719138261935768e+02
3.019382681966117365e-01 -6.357041655042424688e-01 5.093328143587622776e+02
1.052412458247540140e-03 -1.384836439892786009e-03 1.000000000000000000e+00
DSC_8336.JPG_max_x: 546.024
DSC_8336.JPG_min_x: 119.319
DSC_8336.JPG_max_y: 1688.86
DSC_8336.JPG_min_y: 735.064
DSC_8365.JPG_max_x: 1081.55
DSC_8365.JPG_min_x: 788.849
DSC_8365.JPG_max_y: 632.36
DSC_8365.JPG_min_y: 34.6605
