1.273899429814915685e+01 -1.644941713503374814e+01 -2.026065630689648515e+03
-2.457680918226159861e+00 -1.880741748270088820e+01 6.219101484850918496e+03
6.386237491408515779e-03 -1.939455312336991338e-02 1.000000000000000000e+00
DSC_8367.JPG_max_x: 1009.76
DSC_8367.JPG_min_x: 16.6057
DSC_8367.JPG_max_y: 1061.14
DSC_8367.JPG_min_y: 311.877
DSC_8379.JPG_max_x: 1300.31
DSC_8379.JPG_min_x: 51.458
DSC_8379.JPG_max_y: 1256.17
DSC_8379.JPG_min_y: 231.745
