2.418286466229033760e+00 6.340241385237765925e-01 -7.619902947828197739e+02
-1.093855241531265649e-01 2.864039387210929988e+00 -2.855274761747531556e+03
-2.794395251693936689e-05 7.935793472223748616e-04 1.000000000000000000e+00
DSC_8350.JPG_max_x: 1009.64
DSC_8350.JPG_min_x: 272.02
DSC_8350.JPG_max_y: 1875.53
DSC_8350.JPG_min_y: 1039.26
DSC_8417.JPG_max_x: 1236.91
DSC_8417.JPG_min_x: 307.511
DSC_8417.JPG_max_y: 981.77
DSC_8417.JPG_min_y: 28.447
