1.456158332067541528e+00 2.856964742425260328e-01 -2.021353361318648467e+02
-3.666225785564652950e-02 1.631035756716080698e+00 -1.494073652397159321e+03
7.842452728867570113e-05 3.829487047146135754e-04 1.000000000000000000e+00
DSC_8350.JPG_max_x: 1217.27
DSC_8350.JPG_min_x: 264.351
DSC_8350.JPG_max_y: 1574.56
DSC_8350.JPG_min_y: 939.049
DSC_8399.JPG_max_x: 1206.6
DSC_8399.JPG_min_x: 337.299
DSC_8399.JPG_max_y: 616.585
DSC_8399.JPG_min_y: 10.147
