8.054966738947093585e-01 -3.805966958324177862e-01 1.299036689516153729e+02
9.738871885819292418e-01 -2.063507766869744131e+00 1.302081556227289184e+03
8.157612401671200490e-04 -1.538299941190576781e-03 1.000000000000000000e+00
DSC_8231.JPG_max_x: 835.481
DSC_8231.JPG_min_x: 16.1877
DSC_8231.JPG_max_y: 876.03
DSC_8231.JPG_min_y: 60.4513
DSC_8312.JPG_max_x: 881.148
DSC_8312.JPG_min_x: 64.1377
DSC_8312.JPG_max_y: 1766.14
DSC_8312.JPG_min_y: 660.359
