1.623342596723583497e+00 7.255045755574435207e-02 -4.115166286144003607e+02
-2.663494881954190929e-01 1.498842443155440796e+00 -9.473246071763011855e+01
-9.450685559581033918e-05 3.483511570753802084e-05 1.000000000000000000e+00
DSC_8296.JPG_max_x: 978.221
DSC_8296.JPG_min_x: 233.154
DSC_8296.JPG_max_y: 1326.15
DSC_8296.JPG_min_y: 696.919
DSC_8326.JPG_max_x: 1321.52
DSC_8326.JPG_min_x: 69.0855
DSC_8326.JPG_max_y: 1816.29
DSC_8326.JPG_min_y: 709.752
