1.418135875850707439e+00 -3.110471679556923719e-01 -9.596776157108014615e+01
-8.262288720967209121e-03 7.793636258239282633e-01 1.466849750117926305e+03
-6.056749892878709714e-05 -2.755310970622201067e-04 1.000000000000000000e+00
DSC_8361.JPG_max_x: 675.804
DSC_8361.JPG_min_x: 149.155
DSC_8361.JPG_max_y: 317.964
DSC_8361.JPG_min_y: 47.1496
DSC_8386.JPG_max_x: 880.584
DSC_8386.JPG_min_x: 28.3993
DSC_8386.JPG_max_y: 1910.96
DSC_8386.JPG_min_y: 1559.57
