-4.925241602081905090e-01 -7.804790295683667889e-01 1.122690068234512410e+03
-8.952207148488411370e-01 -4.703038805062655925e-01 9.569021508671013407e+02
-6.766463803392529707e-04 -6.390711245490456180e-04 1.000000000000000000e+00
DSC_8322.JPG_max_x: 993.331
DSC_8322.JPG_min_x: 23.9067
DSC_8322.JPG_max_y: 1335.57
DSC_8322.JPG_min_y: 600.921
DSC_8446.JPG_max_x: 1323.23
DSC_8446.JPG_min_x: 751.194
DSC_8446.JPG_max_y: 1588.23
DSC_8446.JPG_min_y: 979.278
