6.685022866976010336e-01 7.637219528119203182e-02 -5.607440494148115704e+02
-4.367711996110498068e-02 7.119556564991172953e-01 1.670068593938899824e+02
-3.652256839210172998e-05 4.886512829310850489e-05 1.000000000000000000e+00
DSC_8256.JPG_max_x: 1319.6
DSC_8256.JPG_min_x: 754.753
DSC_8256.JPG_max_y: 1238.39
DSC_8256.JPG_min_y: 670.178
DSC_8322.JPG_max_x: 394.931
DSC_8322.JPG_min_x: 15.9226
DSC_8322.JPG_max_y: 980.945
DSC_8322.JPG_min_y: 597.064
