-5.497477330934906981e+00 5.181980313727270193e-01 5.551157362712656322e+03
-7.194292258772864379e+00 -5.885069166570933596e+00 7.298569657847980125e+03
-7.115070584898865701e-03 -1.292484112101145906e-04 1.000000000000000000e+00
DSC_8424.JPG_max_x: 1322.76
DSC_8424.JPG_min_x: 1092.74
DSC_8424.JPG_max_y: 1661.31
DSC_8424.JPG_min_y: 649.097
DSC_8438.JPG_max_x: 142.909
DSC_8438.JPG_min_x: 14.0218
DSC_8438.JPG_max_y: 1406.8
DSC_8438.JPG_min_y: 646.963
