7.065899766998573472e-01 9.020370941446900770e-02 1.660575557361561039e+02
-1.283274165976581831e-02 7.113782856537209653e-01 -5.830654767306428994e+02
1.834677096047317288e-04 1.053121979871682155e-04 1.000000000000000000e+00
DSC_8318.JPG_max_x: 1251.2
DSC_8318.JPG_min_x: 188.791
DSC_8318.JPG_max_y: 1386.57
DSC_8318.JPG_min_y: 859.753
DSC_8399.JPG_max_x: 855.271
DSC_8399.JPG_min_x: 342.493
DSC_8399.JPG_max_y: 311.368
DSC_8399.JPG_min_y: 10.4241
