1.087187135604763544e-01 -4.408121270914782119e-01 7.764772206697098227e+02
-4.046409903029109523e-01 -4.118602103768859678e-03 1.211228103212784845e+03
-3.532484401882076785e-04 -3.017001126411618752e-04 1.000000000000000000e+00
DSC_8323.JPG_max_x: 815.304
DSC_8323.JPG_min_x: 196.434
DSC_8323.JPG_max_y: 698.552
DSC_8323.JPG_min_y: 99.466
DSC_8396.JPG_max_x: 1198.48
DSC_8396.JPG_min_x: 796.077
DSC_8396.JPG_max_y: 1640.93
DSC_8396.JPG_min_y: 1284.36
