5.116037264867424383e+00 1.035838429228048474e+00 -3.009705808481800887e+03
2.008322441325914864e-01 5.841068751108044133e+00 -6.656663384982752177e+03
3.502889809998357582e-04 1.688564580984244909e-03 9.999999999999998890e-01
DSC_8416.JPG_max_x: 1313.06
DSC_8416.JPG_min_x: 367.118
DSC_8416.JPG_max_y: 1855.37
DSC_8416.JPG_min_y: 1112.2
DSC_8433.JPG_max_x: 1299.22
DSC_8433.JPG_min_x: 50.4362
DSC_8433.JPG_max_y: 985.884
DSC_8433.JPG_min_y: 8.35546
