4.490686815238854379e+00 -1.091868994908323121e+00 1.498196402872621036e+02
4.135921757953775924e+00 -1.940727026752939954e+00 9.599562022935621144e+02
3.216409665467385558e-03 -1.861274293242507318e-03 9.999999999999998890e-01
DSC_8209.JPG_max_x: 936.605
DSC_8209.JPG_min_x: 77.09
DSC_8209.JPG_max_y: 966.521
DSC_8209.JPG_min_y: 334.264
DSC_8322.JPG_max_x: 1325.13
DSC_8322.JPG_min_x: 382.906
DSC_8322.JPG_max_y: 1604.38
DSC_8322.JPG_min_y: 618.935
