-3.641111761639468508e-02 -1.817106578754928314e+00 1.038643665046001388e+03
1.962243785612163061e+00 -4.237370350822686760e+00 1.185424111613435798e+03
1.249172747931190505e-03 -3.136477768758502965e-03 1.000000000000000000e+00
DSC_8365.JPG_max_x: 1209.32
DSC_8365.JPG_min_x: 555.261
DSC_8365.JPG_max_y: 559.191
DSC_8365.JPG_min_y: 316.493
DSC_8366.JPG_max_x: 843.379
DSC_8366.JPG_min_x: 21.6405
DSC_8366.JPG_max_y: 1822.41
DSC_8366.JPG_min_y: 1360.07
