-1.537456291830463506e-01 -1.380361298874430154e-01 3.656998023783032750e+02
-2.209064008789886069e-01 -2.670628764552709367e-01 6.415050470527334028e+02
-3.908976875974023231e-04 -3.925073911714586157e-04 1.000000000000000000e+00
DSC_8262.JPG_max_x: 1259.61
DSC_8262.JPG_min_x: 857.653
DSC_8262.JPG_max_y: 1818.87
DSC_8262.JPG_min_y: 1476.99
DSC_8279.JPG_max_x: 830.957
DSC_8279.JPG_min_x: 259.174
DSC_8279.JPG_max_y: 599.347
DSC_8279.JPG_min_y: 230.268
