-7.816016730905719356e-01 -7.336026867057510170e-02 8.436564210207990300e+02
-1.206985609390852199e+00 -5.861691703296674216e-01 1.525282519562040989e+03
-1.135761574687356402e-03 -9.730737250527595568e-05 1.000000000000000000e+00
DSC_8200.JPG_max_x: 1314.27
DSC_8200.JPG_min_x: 139.224
DSC_8200.JPG_max_y: 1513.76
DSC_8200.JPG_min_y: 851.688
DSC_8366.JPG_max_x: 993.915
DSC_8366.JPG_min_x: 254.21
DSC_8366.JPG_max_y: 1535.22
DSC_8366.JPG_min_y: 1019.69
