-1.312613792548117830e+00 -5.991514659138535981e-01 1.312412712203030424e+03
-1.028042627275671750e+00 -2.727570566257664919e-01 9.290047284502813909e+02
-7.464676287156973497e-04 -4.653312501999161042e-04 1.000000000000000000e+00
DSC_8308.JPG_max_x: 449.03
DSC_8308.JPG_min_x: 32.8358
DSC_8308.JPG_max_y: 1307.75
DSC_8308.JPG_min_y: 721.999
DSC_8472.JPG_max_x: 1318.82
DSC_8472.JPG_min_x: 75.9939
DSC_8472.JPG_max_y: 1678.57
DSC_8472.JPG_min_y: 1027.24
