4.475454681346400787e-01 9.387557386500887391e-02 8.702049484444364680e+02
-6.187296264917298005e-01 8.971867484921652869e-01 4.093560750073771715e+01
-5.033697775051147998e-04 -1.809167577288535328e-05 1.000000000000000000e+00
DSC_8422.JPG_max_x: 301.719
DSC_8422.JPG_min_x: 130.246
DSC_8422.JPG_max_y: 1725.34
DSC_8422.JPG_min_y: 720.815
DSC_8424.JPG_max_x: 1324.92
DSC_8424.JPG_min_x: 1092.74
DSC_8424.JPG_max_y: 1689.99
DSC_8424.JPG_min_y: 649.097
