9.111069979284430076e+01 1.456349485790338747e+02 -6.891063281109090894e+04
2.791390633220074413e+00 2.496439342649434252e+02 -4.625488656681651628e+04
-5.109459360004072782e-03 3.580261147041470249e-01 1.000000000000000000e+00
DSC_8259.JPG_max_x: 1275.33
DSC_8259.JPG_min_x: 222.383
DSC_8259.JPG_max_y: 726.408
DSC_8259.JPG_min_y: 254.833
DSC_8455.JPG_max_x: 910.205
DSC_8455.JPG_min_x: 100.452
DSC_8455.JPG_max_y: 577.363
DSC_8455.JPG_min_y: 263.624
