-5.601557032520005208e+01 -6.165954682149540567e+00 3.384711840897248294e+03
-3.196633723163447627e+01 -2.166020607557414479e+01 8.553288363452613339e+03
-4.346091474980253583e-02 -7.882330496617814472e-03 1.000000000000000000e+00
DSC_8433.JPG_max_x: 322.68
DSC_8433.JPG_min_x: 100.276
DSC_8433.JPG_max_y: 504.644
DSC_8433.JPG_min_y: 137.603
DSC_8463.JPG_max_x: 1182.24
DSC_8463.JPG_min_x: 730.703
DSC_8463.JPG_max_y: 797.083
DSC_8463.JPG_min_y: 136.811
