-4.676859276563758439e-01 -2.564692117493942436e-01 7.548352988836988970e+02
-9.651344421473818658e-01 -6.696559217439457257e-02 1.077895365917198205e+03
-7.242559379025754118e-04 -2.655790298948857201e-04 1.000000000000000000e+00
DSC_8234.JPG_max_x: 1213.45
DSC_8234.JPG_min_x: 829.667
DSC_8234.JPG_max_y: 1092.92
DSC_8234.JPG_min_y: 764.642
DSC_8462.JPG_max_x: 1262.31
DSC_8462.JPG_min_x: 761.511
DSC_8462.JPG_max_y: 1960.09
DSC_8462.JPG_min_y: 1003.33
