1.891700783336683345e-01 -4.309588588059540815e-01 9.508940257634733371e+02
1.842739284263649469e-01 9.415405073230026511e-01 -4.566765736170365386e+01
-3.675793316500779368e-04 2.419460798763979669e-04 1.000000000000000000e+00
DSC_8233.JPG_max_x: 1271.81
DSC_8233.JPG_min_x: 29.9914
DSC_8233.JPG_max_y: 1113.5
DSC_8233.JPG_min_y: 200.955
DSC_8299.JPG_max_x: 1073.34
DSC_8299.JPG_min_x: 489.91
DSC_8299.JPG_max_y: 1410.63
DSC_8299.JPG_min_y: 211.575
