9.519620443173016922e-01 -9.020699198494762372e-02 5.921394141249252243e+02
-1.248252201387365923e-01 1.063807417696062574e+00 4.990537991304796606e+02
-2.349701319529116862e-04 2.422085424581954714e-05 1.000000000000000000e+00
DSC_8221.JPG_max_x: 574.241
DSC_8221.JPG_min_x: 87.7238
DSC_8221.JPG_max_y: 579.541
DSC_8221.JPG_min_y: 212.815
DSC_8335.JPG_max_x: 1270.41
DSC_8335.JPG_min_x: 669.655
DSC_8335.JPG_max_y: 1126.73
DSC_8335.JPG_min_y: 737.792
