1.311514186884387811e+00 -6.559252670191655088e-02 -7.426931256303535065e+02
-3.995238718976449471e-02 1.291873038652434191e+00 1.590176621203811358e+01
-9.679758886878128069e-05 -1.165833880996230683e-04 1.000000000000000000e+00
DSC_8246.JPG_max_x: 1327.04
DSC_8246.JPG_min_x: 704.431
DSC_8246.JPG_max_y: 1057.42
DSC_8246.JPG_min_y: 668.067
DSC_8422.JPG_max_x: 1212.93
DSC_8422.JPG_min_x: 164.448
DSC_8422.JPG_max_y: 1751.44
DSC_8422.JPG_min_y: 1001.07
