6.210433882155191876e-01 -4.109640885044418268e-01 6.861609464105171128e+02
-2.647428580496765105e-01 9.475886560999146058e-01 9.968753812488617996e+02
-3.019214256487417016e-04 7.190163514854804256e-05 1.000000000000000000e+00
DSC_8309.JPG_max_x: 781.046
DSC_8309.JPG_min_x: 41.6593
DSC_8309.JPG_max_y: 691.97
DSC_8309.JPG_min_y: 409.511
DSC_8428.JPG_max_x: 1234.52
DSC_8428.JPG_min_x: 460.982
DSC_8428.JPG_max_y: 1638.71
DSC_8428.JPG_min_y: 1419.15
