-3.579446429735958723e+00 -1.055776373817977482e-01 1.176642070661335310e+03
-5.150306341102195873e+00 3.779708747915080935e-01 1.276571044556358629e+03
-3.400608624468195312e-03 -2.087233461743629115e-05 1.000000000000000000e+00
DSC_8427.JPG_max_x: 613.251
DSC_8427.JPG_min_x: 13.5549
DSC_8427.JPG_max_y: 762.15
DSC_8427.JPG_min_y: 518.885
DSC_8428.JPG_max_x: 1294.25
DSC_8428.JPG_min_x: 1043.82
DSC_8428.JPG_max_y: 1751.12
DSC_8428.JPG_min_y: 1449.06
