-1.252979897234906659e+00 -8.444945032971451493e-01 1.297202559934817145e+03
-1.914312313009882915e+00 -1.399154044154269916e-01 1.689553102829082491e+03
-6.869547882225174578e-04 -2.840372017036082476e-04 1.000000000000000000e+00
DSC_8315.JPG_max_x: 506.566
DSC_8315.JPG_min_x: 20.8312
DSC_8315.JPG_max_y: 783.64
DSC_8315.JPG_min_y: 8.37437
DSC_8438.JPG_max_x: 1309.39
DSC_8438.JPG_min_x: 9.68969
DSC_8438.JPG_max_y: 1838.39
DSC_8438.JPG_min_y: 1164.82
