3.520391422726687480e-01 -3.246345117068942243e-01 1.163632502284242037e+03
-7.734143445120887639e-02 7.677799567385359403e-01 1.348427314797015129e+02
-4.002884231962044797e-04 -4.492983617041198011e-05 1.000000000000000000e+00
DSC_8337.JPG_max_x: 341.593
DSC_8337.JPG_min_x: 13.6209
DSC_8337.JPG_max_y: 961.489
DSC_8337.JPG_min_y: 609.089
DSC_8433.JPG_max_x: 1299.22
DSC_8433.JPG_min_x: 947.509
DSC_8433.JPG_max_y: 962.712
DSC_8433.JPG_min_y: 654.458
