2.285637660932509529e+00 4.493302401916816624e-01 -1.043564319769612439e+03
1.824155841402873568e-01 2.547794263648132773e+00 -2.047421245518380147e+03
2.958952169170801219e-04 9.859740818162767654e-04 1.000000000000000000e+00
DSC_8322.JPG_max_x: 1107.16
DSC_8322.JPG_min_x: 251.513
DSC_8322.JPG_max_y: 1730.97
DSC_8322.JPG_min_y: 743.059
DSC_8429.JPG_max_x: 787.945
DSC_8429.JPG_min_x: 2.4934
DSC_8429.JPG_max_y: 826.822
DSC_8429.JPG_min_y: 7.01687
