3.613026950837885387e-01 -3.116177850015051098e-01 9.798619130750616932e+02
8.104759736054737568e-03 4.776465380997664822e-01 2.162571829671876742e+02
-8.632182482705195818e-05 -1.193231286286292823e-04 1.000000000000000000e+00
DSC_8329.JPG_max_x: 1080.39
DSC_8329.JPG_min_x: 145.474
DSC_8329.JPG_max_y: 1516.58
DSC_8329.JPG_min_y: 86.6957
DSC_8457.JPG_max_x: 1308.49
DSC_8457.JPG_min_x: 902.889
DSC_8457.JPG_max_y: 1304.2
DSC_8457.JPG_min_y: 263.721
