5.541577212502946104e-01 1.121671423872687839e-01 3.538478826627596732e+02
-3.892908439210796684e-02 6.730646627345833188e-01 1.043649329133689434e+03
-4.114091049497100596e-05 1.085154429096336654e-04 1.000000000000000000e+00
DSC_8271.JPG_max_x: 1260.5
DSC_8271.JPG_min_x: 108.708
DSC_8271.JPG_max_y: 1076.65
DSC_8271.JPG_min_y: 50.302
DSC_8320.JPG_max_x: 1099.1
DSC_8320.JPG_min_x: 478.085
DSC_8320.JPG_max_y: 1581.12
DSC_8320.JPG_min_y: 1089.43
