4.477921397164864037e-01 -1.111449163126496387e-01 5.242878440365832375e+02
-2.379549789236366786e-01 6.491520321041328589e-01 4.874251239696021685e+02
-2.191869271846133050e-04 -6.336913426008645631e-05 1.000000000000000000e+00
DSC_8312.JPG_max_x: 708.113
DSC_8312.JPG_min_x: 47.3475
DSC_8312.JPG_max_y: 1725.88
DSC_8312.JPG_min_y: 435.805
DSC_8476.JPG_max_x: 946.23
DSC_8476.JPG_min_x: 435.688
DSC_8476.JPG_max_y: 1894.43
DSC_8476.JPG_min_y: 737.589
