2.483442401999078619e+00 6.630220977519164505e-01 -1.164385566734588792e+03
1.837442667067694380e-01 1.335020107003185075e+00 4.734138915484778636e+02
1.404963417124429140e-03 4.610658159936761977e-05 1.000000000000000000e+00
DSC_8267.JPG_max_x: 1318.24
DSC_8267.JPG_min_x: 727.419
DSC_8267.JPG_max_y: 1321.77
DSC_8267.JPG_min_y: 22.125
DSC_8335.JPG_max_x: 956.369
DSC_8335.JPG_min_x: 340.74
DSC_8335.JPG_max_y: 963.09
DSC_8335.JPG_min_y: 304.188
