-4.103139064120802648e-01 -1.209598462540583813e-01 6.044990120320115921e+02
-7.303812686444509650e-01 -6.541255815905718807e-01 1.482454237729893066e+03
-6.026351100534837069e-04 -3.540309992546409159e-04 1.000000000000000000e+00
DSC_8362.JPG_max_x: 1330.47
DSC_8362.JPG_min_x: 152.969
DSC_8362.JPG_max_y: 1437.28
DSC_8362.JPG_min_y: 1052.03
DSC_8416.JPG_max_x: 777.204
DSC_8416.JPG_min_x: 25.5617
DSC_8416.JPG_max_y: 1566.9
DSC_8416.JPG_min_y: 1018.26
