3.216936034972782466e+00 1.661403236543401718e+00 -3.484854515133443329e+03
6.180266792743108195e-02 2.995189391014628999e+00 -3.538127289927503512e+02
1.208984983074395947e-03 5.709847895342562993e-04 1.000000000000000000e+00
DSC_8397.JPG_max_x: 1326.07
DSC_8397.JPG_min_x: 817.828
DSC_8397.JPG_max_y: 1125.6
DSC_8397.JPG_min_y: 89.4448
DSC_8413.JPG_max_x: 545.28
DSC_8413.JPG_min_x: 22.6578
DSC_8413.JPG_max_y: 1186.2
DSC_8413.JPG_min_y: 18.8706
