1.020194905445091393e+01 1.060497750827029684e+00 -1.016090040813505584e+04
7.873578950712634139e+00 4.777054609503288418e+00 6.758488635852701236e+02
7.902888861862836581e-03 -2.587695485190114313e-03 1.000000000000000000e+00
DSC_8275.JPG_max_x: 1313.89
DSC_8275.JPG_min_x: 971.362
DSC_8275.JPG_max_y: 691.113
DSC_8275.JPG_min_y: 161.317
DSC_8276.JPG_max_x: 359.247
DSC_8276.JPG_min_x: 30.9273
DSC_8276.JPG_max_y: 1648.07
DSC_8276.JPG_min_y: 1083.42
