-7.226853323315145516e-01 -2.951945819277201899e-02 8.316635954719841948e+02
-1.269749194705052542e+00 -6.007114401946155313e-01 1.563729268710548695e+03
-1.226241934873808668e-03 -5.556431461332874837e-05 1.000000000000000000e+00
DSC_8198.JPG_max_x: 1318.02
DSC_8198.JPG_min_x: 1172.99
DSC_8198.JPG_max_y: 1395.66
DSC_8198.JPG_min_y: 776.177
DSC_8200.JPG_max_x: 273.508
DSC_8200.JPG_min_x: 88.4949
DSC_8200.JPG_max_y: 1457.66
DSC_8200.JPG_min_y: 850.199
