8.987820079751878133e-01 1.181584578626331122e-01 8.040149580756701653e+01
-2.712557618102121038e-01 7.383537225620394606e-01 1.973660322657417794e+02
-1.832862378716118459e-04 -6.983458336735966373e-05 1.000000000000000000e+00
DSC_8380.JPG_max_x: 863.183
DSC_8380.JPG_min_x: 34.6355
DSC_8380.JPG_max_y: 1733.13
DSC_8380.JPG_min_y: 1085.3
DSC_8414.JPG_max_x: 1309.46
DSC_8414.JPG_min_x: 310.306
DSC_8414.JPG_max_y: 1708.92
DSC_8414.JPG_min_y: 1015.47
