3.159073540525748625e-01 -1.508969606497826133e-01 2.191972469939769042e+02
-8.224366951523690017e-02 4.728679142351963072e-01 1.707691117409513311e+02
-4.120924024392449850e-04 4.397047051048141392e-05 1.000000000000000000e+00
DSC_8403.JPG_max_x: 1056.21
DSC_8403.JPG_min_x: 717.04
DSC_8403.JPG_max_y: 1920.45
DSC_8403.JPG_min_y: 219.12
DSC_8439.JPG_max_x: 784.528
DSC_8439.JPG_min_x: 248.462
DSC_8439.JPG_max_y: 1394.02
DSC_8439.JPG_min_y: 298.727
