3.843813751446590876e-01 -2.216575488786205472e+00 2.667684500730651507e+03
1.148777296359322797e+00 -2.357862888149116376e+00 2.616494272187247134e+03
1.168252870055984122e-03 -1.681899127155429352e-03 1.000000000000000000e+00
DSC_8410.JPG_max_x: 1129.85
DSC_8410.JPG_min_x: 161.326
DSC_8410.JPG_max_y: 1900.58
DSC_8410.JPG_min_y: 1489.43
DSC_8427.JPG_max_x: 1215.14
DSC_8427.JPG_min_x: 385.417
DSC_8427.JPG_max_y: 769.435
DSC_8427.JPG_min_y: 166.172
