5.012361088030283796e-01 -1.414401932722817168e-01 3.552643201833759008e+02
5.549319691103096752e-02 3.506256133920703788e-01 1.064043663088308591e+02
1.469656619828831013e-04 -2.187080606395568191e-04 1.000000000000000000e+00
DSC_8319.JPG_max_x: 1044.4
DSC_8319.JPG_min_x: 74.3315
DSC_8319.JPG_max_y: 1034.17
DSC_8319.JPG_min_y: 41.1409
DSC_8399.JPG_max_x: 789.481
DSC_8399.JPG_min_x: 369.452
DSC_8399.JPG_max_y: 573.284
DSC_8399.JPG_min_y: 134.485
