-1.109901167945810396e+00 -2.222091077340071774e-01 1.204666989994245796e+03
-1.800907816609169432e+00 -5.153660315574657425e-01 1.890768844071289095e+03
-1.477912855375021527e-03 4.242658285412746018e-05 1.000000000000000000e+00
DSC_8281.JPG_max_x: 1282.46
DSC_8281.JPG_min_x: 160.5
DSC_8281.JPG_max_y: 1817.66
DSC_8281.JPG_min_y: 102.966
DSC_8283.JPG_max_x: 998.842
DSC_8283.JPG_min_x: 125.235
DSC_8283.JPG_max_y: 1762.71
DSC_8283.JPG_min_y: 329.118
