9.390616923418091400e-01 1.680362265640823194e-01 6.454490867866460349e+02
2.204614811322745324e-02 8.169894095114885735e-01 -7.580509671677200458e+02
2.906198022726699456e-04 2.546039774908987179e-04 1.000000000000000000e+00
DSC_8252.JPG_max_x: 697.982
DSC_8252.JPG_min_x: 8.29286
DSC_8252.JPG_max_y: 1839.91
DSC_8252.JPG_min_y: 960.301
DSC_8399.JPG_max_x: 1007.43
DSC_8399.JPG_min_x: 652.109
DSC_8399.JPG_max_y: 484.743
DSC_8399.JPG_min_y: 24.0382
