1.851120385030104565e+00 8.550755443936751687e-01 -4.090486634535165535e+02
-2.543477442827390411e-01 2.445479367839467510e+00 -2.466749864988524223e+03
-1.047473047324877569e-04 9.907630168482649442e-04 1.000000000000000000e+00
DSC_8236.JPG_max_x: 1148.62
DSC_8236.JPG_min_x: 73.7745
DSC_8236.JPG_max_y: 1909.83
DSC_8236.JPG_min_y: 1120.2
DSC_8351.JPG_max_x: 1269.94
DSC_8351.JPG_min_x: 328.453
DSC_8351.JPG_max_y: 755.849
DSC_8351.JPG_min_y: 110.293
