1.462191172769872871e+00 7.159373737565051521e-02 -1.614589777027945047e+03
6.421917729637188765e-01 1.113104686057567960e+00 -3.687576527242950419e+01
5.536930506675071494e-04 -1.168429492462047693e-04 1.000000000000000000e+00
DSC_8200.JPG_max_x: 1329.24
DSC_8200.JPG_min_x: 1077.26
DSC_8200.JPG_max_y: 1520.1
DSC_8200.JPG_min_y: 1121.65
DSC_8380.JPG_max_x: 271.522
DSC_8380.JPG_min_x: 33.955
DSC_8380.JPG_max_y: 1609.4
DSC_8380.JPG_min_y: 1287.82
