-2.092757788006337771e-01 -1.343554590479081601e-01 4.279279197465533002e+02
-6.186965302171419934e-01 1.176803672340163281e-01 6.097967450547570252e+02
-8.167969316838975162e-04 -1.649937216198522764e-04 1.000000000000000000e+00
DSC_8264.JPG_max_x: 797.272
DSC_8264.JPG_min_x: 458.464
DSC_8264.JPG_max_y: 1400.38
DSC_8264.JPG_min_y: 474.317
DSC_8348.JPG_max_x: 654.521
DSC_8348.JPG_min_x: 170.236
DSC_8348.JPG_max_y: 1101.44
DSC_8348.JPG_min_y: 616.178
