4.689275463908303410e-01 2.921735789717488582e-02 5.389556903746347416e+02
-7.372021285776957089e-02 4.329054049919103253e-01 9.995885115655868276e+02
-8.789153614088451221e-05 -8.007378591762071365e-05 1.000000000000000000e+00
DSC_8325.JPG_max_x: 1163.17
DSC_8325.JPG_min_x: 87.7954
DSC_8325.JPG_max_y: 884.72
DSC_8325.JPG_min_y: 422.966
DSC_8454.JPG_max_x: 1309.57
DSC_8454.JPG_min_x: 626.667
DSC_8454.JPG_max_y: 1568.89
DSC_8454.JPG_min_y: 1255.21
