5.344534668083848139e+00 1.565659888482473949e+00 -3.585984680406950247e+03
1.101620035259424979e+00 2.948124783522211079e+00 3.688891655032072094e+02
4.070968119289068536e-03 2.170048681894498003e-04 1.000000000000000000e+00
DSC_8267.JPG_max_x: 1295.49
DSC_8267.JPG_min_x: 727.419
DSC_8267.JPG_max_y: 1305.3
DSC_8267.JPG_min_y: 14.3534
DSC_8433.JPG_max_x: 762.949
DSC_8433.JPG_min_x: 116.747
DSC_8433.JPG_max_y: 978.168
DSC_8433.JPG_min_y: 314.491
