1.010992865266878038e+00 3.889513956519607962e-01 5.313284601341732696e+02
-1.616522722494929953e-02 1.230968422805829965e+00 -3.548016334447615350e+02
-1.467283835560802974e-05 3.580429524486471713e-04 1.000000000000000000e+00
DSC_8445.JPG_max_x: 788.09
DSC_8445.JPG_min_x: 85.8664
DSC_8445.JPG_max_y: 873.717
DSC_8445.JPG_min_y: 350.171
DSC_8473.JPG_max_x: 1304.1
DSC_8473.JPG_min_x: 691.406
DSC_8473.JPG_max_y: 544.276
DSC_8473.JPG_min_y: 70.925
