1.944113624750963165e+00 5.193902730254406075e-01 -3.802303956376690621e+02
-9.388660878180211944e-02 2.207201986238586766e+00 -2.105705588391705078e+03
2.271163338384452830e-05 5.798657949029305259e-04 1.000000000000000000e+00
DSC_8200.JPG_max_x: 578.497
DSC_8200.JPG_min_x: 112.906
DSC_8200.JPG_max_y: 1496.59
DSC_8200.JPG_min_y: 994.985
DSC_8365.JPG_max_x: 793.577
DSC_8365.JPG_min_x: 259.083
DSC_8365.JPG_max_y: 610.361
DSC_8365.JPG_min_y: 25.6988
