-2.396524835356878214e+01 2.699829219595314189e+00 9.383548191783491347e+03
-2.911579807063899294e-01 -2.600313153759199380e+01 2.617817934110426722e+04
-5.904247503288846200e-04 -1.486102362665833905e-02 1.000000000000000000e+00
DSC_8258.JPG_max_x: 1293.94
DSC_8258.JPG_min_x: 545.81
DSC_8258.JPG_max_y: 1899.11
DSC_8258.JPG_min_y: 1237.82
DSC_8309.JPG_max_x: 963.11
DSC_8309.JPG_min_x: 27.5851
DSC_8309.JPG_max_y: 851.494
DSC_8309.JPG_min_y: 359.465
