4.335878254804503285e-01 -1.096025142440142597e+00 1.243717338453099273e+03
4.891285562348985927e-01 -8.968794381332096943e-01 1.104083545709191185e+03
4.562463938365432070e-05 -7.715669805679301356e-04 1.000000000000000000e+00
DSC_8259.JPG_max_x: 382.595
DSC_8259.JPG_min_x: 68.3359
DSC_8259.JPG_max_y: 1169.03
DSC_8259.JPG_min_y: 194.142
DSC_8292.JPG_max_x: 1307.91
DSC_8292.JPG_min_x: 295.033
DSC_8292.JPG_max_y: 1471.94
DSC_8292.JPG_min_y: 1034.7
