-4.708710478461495264e-01 1.254250518585742658e+00 4.405402575076514040e+02
-1.297544819692501017e+00 1.402703904530456125e+00 1.245059669457300060e+03
-9.565649454396338335e-04 7.992519774692421119e-04 1.000000000000000000e+00
DSC_8411.JPG_max_x: 881.568
DSC_8411.JPG_min_x: 135.54
DSC_8411.JPG_max_y: 900.354
DSC_8411.JPG_min_y: 52.9875
DSC_8474.JPG_max_x: 1274.0
DSC_8474.JPG_min_x: 438.822
DSC_8474.JPG_max_y: 1592.96
DSC_8474.JPG_min_y: 1241.53
