9.105713762683217416e-01 -8.727393453190884776e-02 9.731314707395309824e+02
-1.871170083131833833e-02 1.742413729827080537e+00 -1.493011822548946384e+03
-4.646798480155473377e-04 3.567216280228201111e-04 9.999999999999998890e-01
DSC_8298.JPG_max_x: 711.174
DSC_8298.JPG_min_x: 29.5647
DSC_8298.JPG_max_y: 1976.23
DSC_8298.JPG_min_y: 1118.26
DSC_8477.JPG_max_x: 1306.09
DSC_8477.JPG_min_x: 594.149
DSC_8477.JPG_max_y: 1422.55
DSC_8477.JPG_min_y: 351.115
