9.522545821127349486e-01 -3.467610627970044851e-02 -3.575486504667188683e+02
-3.134060342963023577e-02 6.923891311678935789e-01 3.790737788247708977e+02
-3.382291960771132626e-05 -2.956789614518031653e-04 1.000000000000000000e+00
DSC_8233.JPG_max_x: 926.932
DSC_8233.JPG_min_x: 483.633
DSC_8233.JPG_max_y: 795.399
DSC_8233.JPG_min_y: 40.8216
DSC_8315.JPG_max_x: 582.116
DSC_8315.JPG_min_x: 68.6938
DSC_8315.JPG_max_y: 1234.61
DSC_8315.JPG_min_y: 368.875
