6.946828925558123924e-01 -1.511410989260062072e-02 6.481581515426150872e+02
8.514566883747108628e-02 6.033359057879841281e-01 2.938249432792254652e+02
8.427026047869006777e-05 7.484655524072050016e-06 1.000000000000000000e+00
DSC_8240.JPG_max_x: 1190.73
DSC_8240.JPG_min_x: 9.1652
DSC_8240.JPG_max_y: 1722.96
DSC_8240.JPG_min_y: 898.812
DSC_8452.JPG_max_x: 1313.98
DSC_8452.JPG_min_x: 309.377
DSC_8452.JPG_max_y: 1315.84
DSC_8452.JPG_min_y: 834.948
