3.723309916947309950e-01 2.533511352860122745e-01 -3.695366153964039313e+01
-7.881359788154404522e-02 1.239699739402825518e+00 -1.768723242472988659e+03
-4.765024573350946663e-04 1.607403917958699538e-04 1.000000000000000000e+00
DSC_8360.JPG_max_x: 666.443
DSC_8360.JPG_min_x: 189.065
DSC_8360.JPG_max_y: 1974.31
DSC_8360.JPG_min_y: 1587.3
DSC_8407.JPG_max_x: 699.134
DSC_8407.JPG_min_x: 353.43
DSC_8407.JPG_max_y: 562.044
DSC_8407.JPG_min_y: 149.199
