-2.527694658845452302e+00 -8.487096019663010749e-01 1.537199959625927931e+03
-6.397848155363517440e-03 -2.990273743652072103e+00 3.640012212670120789e+03
-1.087639636522943836e-04 -1.127368231409576300e-03 1.000000000000000000e+00
DSC_8364.JPG_max_x: 419.634
DSC_8364.JPG_min_x: 344.992
DSC_8364.JPG_max_y: 1389.14
DSC_8364.JPG_min_y: 1242.52
DSC_8469.JPG_max_x: 1281.61
DSC_8469.JPG_min_x: 854.655
DSC_8469.JPG_max_y: 849.714
DSC_8469.JPG_min_y: 180.329
