1.304572488697465227e+00 8.111109093058612926e-03 -9.219524195162294689e+01
4.221711720966179332e-02 1.202857115041283675e+00 -3.270952125970781594e+02
5.549607833645730105e-05 -4.817994985609108709e-05 1.000000000000000000e+00
DSC_8364.JPG_max_x: 1063.24
DSC_8364.JPG_min_x: 326.052
DSC_8364.JPG_max_y: 1706.07
DSC_8364.JPG_min_y: 1027.08
DSC_8416.JPG_max_x: 1294.83
DSC_8416.JPG_min_x: 355.676
DSC_8416.JPG_max_y: 1836.61
DSC_8416.JPG_min_y: 947.017
