1.320632014757930461e+00 -1.942947736398027869e+00 4.535684778090741247e+02
2.895670710753018628e+00 -5.222913204970426548e+00 1.745752585431618627e+03
1.870053323748326751e-03 -3.184277600930636529e-03 1.000000000000000000e+00
DSC_8253.JPG_max_x: 823.747
DSC_8253.JPG_min_x: 35.2053
DSC_8253.JPG_max_y: 880.263
DSC_8253.JPG_min_y: 475.599
DSC_8398.JPG_max_x: 902.749
DSC_8398.JPG_min_x: 577.061
DSC_8398.JPG_max_y: 1772.71
DSC_8398.JPG_min_y: 1513.18
