-2.334991634399056354e-02 -3.592539683167357556e-02 4.376416165145597859e+01
-8.340571899707952541e-01 -9.756742779054869974e-01 1.425456717445203140e+03
-5.853808170039159460e-04 -6.833219495789874618e-04 1.000000000000000000e+00
DSC_8351.JPG_max_x: 1266.39
DSC_8351.JPG_min_x: 57.5993
DSC_8351.JPG_max_y: 1425.13
DSC_8351.JPG_min_y: 376.264
DSC_8352.JPG_max_x: 1164.22
DSC_8352.JPG_min_x: 11.8002
DSC_8352.JPG_max_y: 1782.82
DSC_8352.JPG_min_y: 1142.38
