6.697047512765792465e-01 -2.057400019358477661e-01 9.966342540405474892e+02
8.698369469065443671e-02 6.303069761293081941e-01 -5.510075348225441303e+02
-2.788906834967379755e-05 -7.702107080870395912e-05 1.000000000000000000e+00
DSC_8336.JPG_max_x: 567.676
DSC_8336.JPG_min_x: 100.364
DSC_8336.JPG_max_y: 1688.86
DSC_8336.JPG_min_y: 1369.35
DSC_8351.JPG_max_x: 1235.1
DSC_8351.JPG_min_x: 860.804
DSC_8351.JPG_max_y: 618.365
DSC_8351.JPG_min_y: 371.296
