6.914263094283252808e-01 -2.363476090445583433e-01 9.983377130836465767e+02
-8.915224016579177679e-02 1.273778282404749440e+00 -8.455764962462840231e+02
-4.762120234516546810e-04 9.234859855727360113e-05 1.000000000000000000e+00
DSC_8296.JPG_max_x: 474.978
DSC_8296.JPG_min_x: 37.7013
DSC_8296.JPG_max_y: 1331.1
DSC_8296.JPG_min_y: 1093.02
DSC_8443.JPG_max_x: 1171.67
DSC_8443.JPG_min_x: 707.644
DSC_8443.JPG_max_y: 858.459
DSC_8443.JPG_min_y: 504.171
