1.123636925501761308e+00 -6.992363522547945243e-02 -3.002666538479655287e+02
8.837908161205411117e-01 1.045474469174616061e+00 9.944463676207398350e+01
8.084968183627937828e-04 -1.015954519617436708e-04 1.000000000000000000e+00
DSC_8330.JPG_max_x: 981.555
DSC_8330.JPG_min_x: 328.326
DSC_8330.JPG_max_y: 1747.0
DSC_8330.JPG_min_y: 580.811
DSC_8376.JPG_max_x: 459.252
DSC_8376.JPG_min_x: 8.85578
DSC_8376.JPG_max_y: 1843.82
DSC_8376.JPG_min_y: 859.395
