1.083365720496214601e+00 -3.692527909779517309e-02 3.227134664798373365e+02
-1.573006760151184416e-02 7.953529348280908851e-01 3.185376320354452560e+02
-1.204303773440991060e-06 -3.859309059873175838e-05 1.000000000000000000e+00
DSC_8222.JPG_max_x: 913.015
DSC_8222.JPG_min_x: 164.392
DSC_8222.JPG_max_y: 1444.79
DSC_8222.JPG_min_y: 787.514
DSC_8446.JPG_max_x: 1323.23
DSC_8446.JPG_min_x: 480.124
DSC_8446.JPG_max_y: 1567.4
DSC_8446.JPG_min_y: 979.923
