5.988376062677843725e-01 -1.519481416945714369e-01 3.804724353427170058e+02
1.155374138057191080e-01 3.970868228993005844e-01 2.520127221992026989e+02
9.475472360624127269e-05 -1.946974988586737941e-04 1.000000000000000000e+00
DSC_8273.JPG_max_x: 1065.04
DSC_8273.JPG_min_x: 127.004
DSC_8273.JPG_max_y: 1284.03
DSC_8273.JPG_min_y: 37.0309
DSC_8447.JPG_max_x: 964.988
DSC_8447.JPG_min_x: 319.365
DSC_8447.JPG_max_y: 1362.83
DSC_8447.JPG_min_y: 296.597
