1.785694046225063003e+00 -3.217424004188922937e-01 -1.370113080124559019e+03
1.194631066901895577e+00 1.301946261535783744e+00 -2.336477367807088115e+02
1.190024144199659621e-03 -3.157998655382512768e-04 1.000000000000000000e+00
DSC_8306.JPG_max_x: 1307.04
DSC_8306.JPG_min_x: 887.167
DSC_8306.JPG_max_y: 1301.05
DSC_8306.JPG_min_y: 587.867
DSC_8412.JPG_max_x: 333.454
DSC_8412.JPG_min_x: 3.32491
DSC_8412.JPG_max_y: 1442.11
DSC_8412.JPG_min_y: 859.46
