-7.743106186195771734e-01 3.845267605042164138e+00 -2.774178916831700008e+03
-3.601895339105515514e+00 5.522846606721382834e+00 -9.354696024706439630e+02
-7.114037546719961976e-03 8.156537056536456234e-03 1.000000000000000000e+00
DSC_8218.JPG_max_x: 1327.04
DSC_8218.JPG_min_x: 1191.19
DSC_8218.JPG_max_y: 1175.71
DSC_8218.JPG_min_y: 967.797
DSC_8465.JPG_max_x: 737.595
DSC_8465.JPG_min_x: 131.065
DSC_8465.JPG_max_y: 1845.37
DSC_8465.JPG_min_y: 15.8021
