2.953989457344028580e+01 -9.855541762070345602e-01 1.319614765132739421e+03
2.684036969768396830e+01 9.719279540200841394e-01 -8.581054241757153704e+02
2.150144415602966985e-02 -6.771784303788182637e-04 1.000000000000000000e+00
DSC_8298.JPG_max_x: 70.5211
DSC_8298.JPG_min_x: 24.7332
DSC_8298.JPG_max_y: 1488.8
DSC_8298.JPG_min_y: 531.392
DSC_8310.JPG_max_x: 1324.23
DSC_8310.JPG_min_x: 1239.49
DSC_8310.JPG_max_y: 1655.1
DSC_8310.JPG_min_y: 438.025
