1.982476137922201787e+00 2.420017823771248300e-01 -6.470552872162724043e+02
2.469501402023977388e+00 5.334959215238987973e-01 1.376676998468094098e+03
1.968402609432068351e-03 -2.574258723423874357e-04 9.999999999999998890e-01
DSC_8267.JPG_max_x: 1260.71
DSC_8267.JPG_min_x: 727.661
DSC_8267.JPG_max_y: 1358.87
DSC_8267.JPG_min_y: 21.5871
DSC_8378.JPG_max_x: 676.881
DSC_8378.JPG_min_x: 331.525
DSC_8378.JPG_max_y: 1699.71
DSC_8378.JPG_min_y: 1313.85
