1.178428370990517227e+00 3.371792159536557976e-01 8.192823092026580412e+01
3.186793736349194384e-02 1.035352666163184665e+00 1.922261330553532446e+02
1.086550985491306436e-04 1.970648948846268728e-04 1.000000000000000000e+00
DSC_8381.JPG_max_x: 1177.7
DSC_8381.JPG_min_x: 192.39
DSC_8381.JPG_max_y: 654.231
DSC_8381.JPG_min_y: 24.7134
DSC_8397.JPG_max_x: 1329.4
DSC_8397.JPG_min_x: 386.756
DSC_8397.JPG_max_y: 749.771
DSC_8397.JPG_min_y: 236.006
