4.349979026642991631e-01 -2.093200552270145787e-01 1.017044309162277273e+03
-5.102313700611817993e-01 8.493881664805049692e-01 3.679862844479487194e+02
-4.837702501021286889e-04 -1.245280374145733631e-04 9.999999999999998890e-01
DSC_8314.JPG_max_x: 328.668
DSC_8314.JPG_min_x: 21.7721
DSC_8314.JPG_max_y: 1334.64
DSC_8314.JPG_min_y: 464.367
DSC_8438.JPG_max_x: 1327.58
DSC_8438.JPG_min_x: 924.179
DSC_8438.JPG_max_y: 1840.95
DSC_8438.JPG_min_y: 787.42
