2.225408410389901059e-01 -1.991885606549489984e-01 8.042310272677921148e+02
-3.332170147202714316e-01 4.832174765439207764e-01 7.257108436705173062e+02
-3.161055901076345880e-04 -6.101589087476074597e-05 1.000000000000000000e+00
DSC_8322.JPG_max_x: 879.344
DSC_8322.JPG_min_x: 73.9603
DSC_8322.JPG_max_y: 1443.78
DSC_8322.JPG_min_y: 610.18
DSC_8396.JPG_max_x: 1247.09
DSC_8396.JPG_min_x: 721.452
DSC_8396.JPG_max_y: 1662.56
DSC_8396.JPG_min_y: 1056.58
