5.646141958602373112e-01 -1.956422099721881191e-01 -1.084953565814621044e+02
-2.368304721720264627e-01 3.341215952222688079e-01 5.427271638456890059e+02
-2.173776284773399833e-04 -3.104407199282042257e-04 1.000000000000000000e+00
DSC_8229.JPG_max_x: 1123.18
DSC_8229.JPG_min_x: 391.484
DSC_8229.JPG_max_y: 816.276
DSC_8229.JPG_min_y: 71.4657
DSC_8327.JPG_max_x: 748.032
DSC_8327.JPG_min_x: 22.3177
DSC_8327.JPG_max_y: 1075.2
DSC_8327.JPG_min_y: 418.731
