1.031067381491792556e+00 -8.286392510133466782e-02 5.021955044840217965e+02
1.416189540473738462e-01 7.005617134772065269e-01 2.189066350606548497e+02
1.344734600909355902e-04 -1.303132528487772185e-04 1.000000000000000000e+00
DSC_8394.JPG_max_x: 885.399
DSC_8394.JPG_min_x: 16.3923
DSC_8394.JPG_max_y: 1611.22
DSC_8394.JPG_min_y: 615.55
DSC_8428.JPG_max_x: 1316.23
DSC_8428.JPG_min_x: 504.622
DSC_8428.JPG_max_y: 1651.56
DSC_8428.JPG_min_y: 730.902
