1.794593892765706578e+00 -7.504448917953526754e-02 -2.658738779913811072e+02
1.112192638254401039e-01 1.661229108029778967e+00 7.756148995012989644e+01
3.601535206340312947e-05 4.625452720588607884e-05 1.000000000000000000e+00
DSC_8351.JPG_max_x: 896.859
DSC_8351.JPG_min_x: 242.524
DSC_8351.JPG_max_y: 760.92
DSC_8351.JPG_min_y: 6.69092
DSC_8449.JPG_max_x: 1246.85
DSC_8449.JPG_min_x: 153.436
DSC_8449.JPG_max_y: 1343.26
DSC_8449.JPG_min_y: 105.467
