3.254954130854960104e-01 -1.471367524365198298e-01 3.525898723600911921e+02
1.059536986913745156e-02 8.431800416586724897e-03 1.230041292299045836e+03
-1.308240024542527601e-05 -2.205402643947843857e-04 1.000000000000000000e+00
DSC_8319.JPG_max_x: 1044.4
DSC_8319.JPG_min_x: 80.3554
DSC_8319.JPG_max_y: 1361.67
DSC_8319.JPG_min_y: 63.4736
DSC_8364.JPG_max_x: 713.17
DSC_8364.JPG_min_x: 365.591
DSC_8364.JPG_max_y: 1824.85
DSC_8364.JPG_min_y: 1254.2
