1.054713873203601793e+01 1.270826092054603063e+00 -4.993902059715158430e+03
2.304112731928405378e+00 1.064729227827939262e+01 -9.992857247691721568e+03
1.612018198505298355e-03 5.352912538442158516e-04 1.000000000000000000e+00
DSC_8378.JPG_max_x: 743.949
DSC_8378.JPG_min_x: 339.527
DSC_8378.JPG_max_y: 1258.12
DSC_8378.JPG_min_y: 1048.33
DSC_8464.JPG_max_x: 1314.15
DSC_8464.JPG_min_x: 24.1371
DSC_8464.JPG_max_y: 1880.57
DSC_8464.JPG_min_y: 929.223
