1.999825400284478971e-01 -3.226625208560470193e-01 1.031016189071605140e+03
-6.043414716374722051e-01 5.079419413599208788e-01 1.007657351022732655e+03
-5.084056847429494841e-04 -1.765190390057064154e-04 1.000000000000000000e+00
DSC_8445.JPG_max_x: 396.618
DSC_8445.JPG_min_x: 48.1582
DSC_8445.JPG_max_y: 710.637
DSC_8445.JPG_min_y: 300.612
DSC_8446.JPG_max_x: 1320.92
DSC_8446.JPG_min_x: 998.509
DSC_8446.JPG_max_y: 1605.74
DSC_8446.JPG_min_y: 1228.51
