5.016236888775775782e-01 -3.648759205411161721e-02 1.416890971017692493e+02
2.195531549043042152e-02 4.475010058290349590e-01 2.335444065451835343e+02
-2.363594051382153730e-05 -7.600155530981540352e-05 1.000000000000000000e+00
DSC_8225.JPG_max_x: 877.415
DSC_8225.JPG_min_x: 193.424
DSC_8225.JPG_max_y: 867.161
DSC_8225.JPG_min_y: 220.42
DSC_8429.JPG_max_x: 601.589
DSC_8429.JPG_min_x: 224.856
DSC_8429.JPG_max_y: 658.221
DSC_8429.JPG_min_y: 341.156
