5.934668828770870874e+00 2.848700264797194404e+00 -7.232230855186358895e+03
7.094951087286969216e-01 4.848661222674545357e+00 1.717838990831121009e+03
3.450156837835583259e-03 -4.362704803015664181e-04 1.000000000000000000e+00
DSC_8263.JPG_max_x: 1301.49
DSC_8263.JPG_min_x: 953.327
DSC_8263.JPG_max_y: 822.438
DSC_8263.JPG_min_y: 261.859
DSC_8331.JPG_max_x: 471.652
DSC_8331.JPG_min_x: 165.005
DSC_8331.JPG_max_y: 1613.28
DSC_8331.JPG_min_y: 715.601
