4.601584405789904131e-01 -5.252791587527919637e-01 9.336462988531576457e+02
9.792124672291192822e-02 8.402078489602815559e-01 1.002768549311823790e+03
-1.207191981738054847e-04 1.861304364873731638e-04 1.000000000000000000e+00
DSC_8243.JPG_max_x: 975.499
DSC_8243.JPG_min_x: 16.7683
DSC_8243.JPG_max_y: 761.159
DSC_8243.JPG_min_y: 133.612
DSC_8322.JPG_max_x: 1325.13
DSC_8322.JPG_min_x: 509.09
DSC_8322.JPG_max_y: 1701.14
DSC_8322.JPG_min_y: 1264.37
