-4.997890762442617207e-01 -4.668013095962526005e-01 1.085044662659752930e+03
-5.576092616505197164e-01 1.242167839308556121e-01 6.855368136199662104e+02
-7.636413026015927792e-04 -1.599113990452471980e-04 1.000000000000000000e+00
DSC_8217.JPG_max_x: 737.883
DSC_8217.JPG_min_x: 511.898
DSC_8217.JPG_max_y: 969.915
DSC_8217.JPG_min_y: 346.842
DSC_8313.JPG_max_x: 1329.99
DSC_8313.JPG_min_x: 817.576
DSC_8313.JPG_max_y: 1213.31
DSC_8313.JPG_min_y: 767.055
