5.885404063801182861e-01 3.032167731642188557e-01 -6.444987957625927493e+02
-3.657465161099766604e-01 7.085864034929982846e-01 4.279234425278920071e+02
-1.741131352017980720e-04 9.958627312132322437e-05 1.000000000000000000e+00
DSC_8426.JPG_max_x: 1014.36
DSC_8426.JPG_min_x: 551.427
DSC_8426.JPG_max_y: 1979.58
DSC_8426.JPG_min_y: 755.001
DSC_8456.JPG_max_x: 466.226
DSC_8456.JPG_min_x: 186.379
DSC_8456.JPG_max_y: 1479.1
DSC_8456.JPG_min_y: 661.15
