3.792303940743267532e+01 6.681332960078839589e-01 -2.978735555519616173e+04
5.100133271222663467e+00 1.893743646045870932e+01 -1.658552646664590793e+04
4.280256337798514499e-03 -5.230736088498427598e-05 1.000000000000000000e+00
DSC_8312.JPG_max_x: 873.449
DSC_8312.JPG_min_x: 777.642
DSC_8312.JPG_max_y: 1076.75
DSC_8312.JPG_min_y: 756.362
DSC_8386.JPG_max_x: 860.211
DSC_8386.JPG_min_x: 79.6733
DSC_8386.JPG_max_y: 1789.77
DSC_8386.JPG_min_y: 457.082
