-1.036063714162007265e+00 1.497632795050276855e-01 1.236192988389162110e+03
-5.426164893909640741e-01 6.220772084400912894e-01 3.061387323958491038e+02
-1.032306586219613846e-03 2.090167145045800058e-04 1.000000000000000000e+00
DSC_8423.JPG_max_x: 1301.34
DSC_8423.JPG_min_x: 39.207
DSC_8423.JPG_max_y: 1616.68
DSC_8423.JPG_min_y: 14.3361
DSC_8457.JPG_max_x: 1291.55
DSC_8457.JPG_min_x: 288.94
DSC_8457.JPG_max_y: 1332.29
DSC_8457.JPG_min_y: 250.319
