9.067977094819573702e-01 -7.880462321468555409e-01 1.657292831612198825e+03
7.438630253134517201e-01 6.081644977590939805e-01 5.048433394537393610e+02
1.911301847583276299e-05 -1.195021873752780898e-04 1.000000000000000000e+00
DSC_8269.JPG_max_x: 240.889
DSC_8269.JPG_min_x: 81.7608
DSC_8269.JPG_max_y: 1404.27
DSC_8269.JPG_min_y: 1015.96
DSC_8283.JPG_max_x: 1188.12
DSC_8283.JPG_min_x: 772.35
DSC_8283.JPG_max_y: 1768.87
DSC_8283.JPG_min_y: 1391.87
