4.367434012555650447e-01 9.186390978544060892e-02 6.116534059181315115e+02
8.876264128796469699e-02 6.412341649595109105e-01 -7.906387817192366185e+01
-2.476912892169797083e-04 3.172497945382337877e-04 1.000000000000000000e+00
DSC_8273.JPG_max_x: 1003.11
DSC_8273.JPG_min_x: 107.226
DSC_8273.JPG_max_y: 1089.85
DSC_8273.JPG_min_y: 85.8144
DSC_8467.JPG_max_x: 1205.86
DSC_8467.JPG_min_x: 567.187
DSC_8467.JPG_max_y: 552.694
DSC_8467.JPG_min_y: 21.6601
