1.400720943044446498e+00 -6.018149466676542964e-02 -1.488021110072713213e+02
1.625740587345788912e-01 1.248930661738391290e+00 -2.406472224485491438e+02
1.315568330382054863e-04 -7.146035015680236749e-05 1.000000000000000000e+00
DSC_8350.JPG_max_x: 1156.21
DSC_8350.JPG_min_x: 240.678
DSC_8350.JPG_max_y: 1540.23
DSC_8350.JPG_min_y: 772.888
DSC_8432.JPG_max_x: 1297.16
DSC_8432.JPG_min_x: 138.286
DSC_8432.JPG_max_y: 1852.33
DSC_8432.JPG_min_y: 814.676
