7.371747662708548754e-01 -1.677593287274818101e-01 -3.001026946899679047e+02
-4.136413867081856210e-02 4.989522140498962033e-01 8.168646632271162389e+02
-3.686838789683800888e-05 -2.046760725807185519e-04 1.000000000000000000e+00
DSC_8307.JPG_max_x: 1297.85
DSC_8307.JPG_min_x: 576.657
DSC_8307.JPG_max_y: 768.922
DSC_8307.JPG_min_y: 104.62
DSC_8322.JPG_max_x: 697.071
DSC_8322.JPG_min_x: 96.2177
DSC_8322.JPG_max_y: 1445.35
DSC_8322.JPG_min_y: 882.842
