1.866692157274785657e+00 -3.552747349712177122e-02 -4.473484211865229554e+02
-1.105789329044141317e-02 1.456265376043272664e+00 3.578248112255202500e+02
3.267163697304917270e-04 -7.781423184860552416e-05 1.000000000000000000e+00
DSC_8197.JPG_max_x: 1182.09
DSC_8197.JPG_min_x: 347.387
DSC_8197.JPG_max_y: 1062.67
DSC_8197.JPG_min_y: 42.9207
DSC_8361.JPG_max_x: 1307.94
DSC_8361.JPG_min_x: 232.854
DSC_8361.JPG_max_y: 1690.18
DSC_8361.JPG_min_y: 349.592
