-5.016423588107692844e+00 5.739909441437651694e-01 1.709652389926755859e+03
-4.569650904265165181e+00 -9.036084059620230757e-01 3.277026859195644647e+03
-3.500678536326572686e-03 4.351975943329507612e-04 1.000000000000000000e+00
DSC_8234.JPG_max_x: 1042.25
DSC_8234.JPG_min_x: 529.237
DSC_8234.JPG_max_y: 1303.99
DSC_8234.JPG_min_y: 764.642
DSC_8348.JPG_max_x: 1324.63
DSC_8348.JPG_min_x: 690.945
DSC_8348.JPG_max_y: 1255.98
DSC_8348.JPG_min_y: 790.774
