-2.979320349851706795e-01 -2.341485935543692332e-01 3.901811149149985454e+02
-3.681299835854079938e-01 -4.604603912708617464e-01 5.150652335937840007e+02
-8.339129516202112551e-04 -6.795080116676597854e-04 1.000000000000000000e+00
DSC_8367.JPG_max_x: 1270.16
DSC_8367.JPG_min_x: 689.821
DSC_8367.JPG_max_y: 692.998
DSC_8367.JPG_min_y: 369.009
DSC_8413.JPG_max_x: 754.086
DSC_8413.JPG_min_x: 21.9413
DSC_8413.JPG_max_y: 679.478
DSC_8413.JPG_min_y: 343.06
