4.534339129179882022e+00 3.816461508717857498e+00 -5.118397376750662261e+03
-7.092531756459967696e-01 8.685248550559299119e+00 -3.066183611634184672e+03
-5.066392331007585565e-04 3.733902699043258923e-03 1.000000000000000000e+00
DSC_8202.JPG_max_x: 1172.26
DSC_8202.JPG_min_x: 152.769
DSC_8202.JPG_max_y: 1319.61
DSC_8202.JPG_min_y: 659.547
DSC_8224.JPG_max_x: 1257.87
DSC_8224.JPG_min_x: 15.25
DSC_8224.JPG_max_y: 1897.83
DSC_8224.JPG_min_y: 754.856
