-4.224171954040302768e-01 1.233768341780642694e-02 3.792293722074169295e+02
-2.009830455410527073e+00 8.252280664009707667e-02 1.389649964023031316e+03
-1.764796194883242256e-03 3.071988143124961316e-04 1.000000000000000000e+00
DSC_8252.JPG_max_x: 1317.99
DSC_8252.JPG_min_x: 664.955
DSC_8252.JPG_max_y: 1901.13
DSC_8252.JPG_min_y: 591.42
DSC_8414.JPG_max_x: 1302.44
DSC_8414.JPG_min_x: 16.6957
DSC_8414.JPG_max_y: 1539.33
DSC_8414.JPG_min_y: 967.234
