4.832256093838683597e+00 3.359183635443625526e-01 -6.112580930200327202e+03
1.184255880831066587e+00 6.587134795635084750e+00 -3.418900043933837878e+03
2.121294571106729313e-03 1.671830107578334062e-03 1.000000000000000000e+00
DSC_8258.JPG_max_x: 1320.53
DSC_8258.JPG_min_x: 1200.67
DSC_8258.JPG_max_y: 1899.11
DSC_8258.JPG_min_y: 1003.64
DSC_8276.JPG_max_x: 124.585
DSC_8276.JPG_min_x: 20.1415
DSC_8276.JPG_max_y: 1535.01
DSC_8276.JPG_min_y: 867.986
