-2.391592334472732520e-02 -9.368889798026522331e-02 9.791980660279264725e+01
8.991843612569570821e-02 -1.424310862366269026e+00 7.950496675969261560e+02
-2.079333207818533265e-04 -1.177067817849924893e-03 1.000000000000000000e+00
DSC_8223.JPG_max_x: 1327.66
DSC_8223.JPG_min_x: 835.324
DSC_8223.JPG_max_y: 1066.5
DSC_8223.JPG_min_y: 606.136
DSC_8227.JPG_max_x: 282.321
DSC_8227.JPG_min_x: 18.2423
DSC_8227.JPG_max_y: 1575.55
DSC_8227.JPG_min_y: 780.607
