4.029101291714829891e+00 9.387940736877919967e-01 -4.706966638971412067e+02
-2.347507112185935607e-01 5.040166788299254463e+00 -4.432360100666394828e+03
-2.313926872256156847e-04 1.428336620309622346e-03 1.000000000000000000e+00
DSC_8248.JPG_max_x: 615.788
DSC_8248.JPG_min_x: 7.77993
DSC_8248.JPG_max_y: 1681.62
DSC_8248.JPG_min_y: 929.055
DSC_8331.JPG_max_x: 1207.11
DSC_8331.JPG_min_x: 214.195
DSC_8331.JPG_max_y: 1199.71
DSC_8331.JPG_min_y: 93.0372
