1.256656975461333259e+00 1.515897892467771291e-01 -6.789290960484416928e+02
6.848618549500520292e-01 6.777930633477103894e-01 7.973739197991887977e+02
6.408217147300357582e-04 -2.044495733921077409e-04 9.999999999999998890e-01
DSC_8427.JPG_max_x: 1220.52
DSC_8427.JPG_min_x: 594.727
DSC_8427.JPG_max_y: 1059.75
DSC_8427.JPG_min_y: 504.659
DSC_8456.JPG_max_x: 586.884
DSC_8456.JPG_min_x: 109.05
DSC_8456.JPG_max_y: 1652.57
DSC_8456.JPG_min_y: 1216.17
