6.505389560945810112e-01 -3.863879625937367557e-01 1.920983618281751433e+02
-1.541340846677907717e-01 4.419483586048338353e-01 -9.566282957100756335e+01
-1.582051361506452494e-04 -3.750107406088181447e-04 9.999999999999998890e-01
DSC_8276.JPG_max_x: 1181.61
DSC_8276.JPG_min_x: 521.849
DSC_8276.JPG_max_y: 1286.5
DSC_8276.JPG_min_y: 649.506
DSC_8327.JPG_max_x: 1302.0
DSC_8327.JPG_min_x: 135.945
DSC_8327.JPG_max_y: 896.953
DSC_8327.JPG_min_y: 71.8114
