1.798117596515643957e+00 1.128002071872513945e-01 -1.488108774607124360e+03
1.237091070779288593e+00 1.670788384688860262e+00 -2.028641583358161711e+02
1.026253088298337149e-03 9.507197314124678255e-05 1.000000000000000000e+00
DSC_8202.JPG_max_x: 1180.14
DSC_8202.JPG_min_x: 769.825
DSC_8202.JPG_max_y: 1522.37
DSC_8202.JPG_min_y: 659.547
DSC_8368.JPG_max_x: 314.341
DSC_8368.JPG_min_x: 8.09622
DSC_8368.JPG_max_y: 1645.05
DSC_8368.JPG_min_y: 1031.41
