5.020175371358777117e-01 -3.031799760284988876e-01 7.778043802547414316e+02
-1.102389396862070992e-01 7.644121087186822594e-01 -4.174291666895056778e+02
-3.738006441762980027e-04 -7.625340021847392476e-05 1.000000000000000000e+00
DSC_8310.JPG_max_x: 628.782
DSC_8310.JPG_min_x: 25.0102
DSC_8310.JPG_max_y: 1519.19
DSC_8310.JPG_min_y: 1171.98
DSC_8427.JPG_max_x: 1049.51
DSC_8427.JPG_min_x: 469.993
DSC_8427.JPG_max_y: 992.216
DSC_8427.JPG_min_y: 534.291
