2.670480423573329265e-01 -9.769895847108665821e-02 -1.330204984310855991e+02
5.392772352287853455e-01 -7.576142407572222792e-01 6.140070240616295223e+02
3.530173527207911173e-04 -9.403751606549741546e-04 1.000000000000000000e+00
DSC_8222.JPG_max_x: 1307.24
DSC_8222.JPG_min_x: 142.283
DSC_8222.JPG_max_y: 1455.87
DSC_8222.JPG_min_y: 790.888
DSC_8454.JPG_max_x: 714.371
DSC_8454.JPG_min_x: 22.3987
DSC_8454.JPG_max_y: 1352.5
DSC_8454.JPG_min_y: 882.227
