-1.591570726425478866e-01 -8.228788337022192173e-03 2.038771335788047736e+02
-1.301357632258119068e+00 2.444493929377807018e-01 1.424598124486813276e+03
-9.304387262716253167e-04 2.117954694808093456e-04 1.000000000000000000e+00
DSC_8367.JPG_max_x: 1327.12
DSC_8367.JPG_min_x: 188.511
DSC_8367.JPG_max_y: 635.083
DSC_8367.JPG_min_y: 203.893
DSC_8394.JPG_max_x: 194.141
DSC_8394.JPG_min_x: 3.03376
DSC_8394.JPG_max_y: 1519.93
DSC_8394.JPG_min_y: 1327.3
