6.982321089355000288e-01 -5.039486141171222178e-01 1.034161434261086015e+03
4.645967084238444289e-01 5.080022608515476212e-02 1.169585902617752026e+03
1.310101143596899655e-04 -3.479762660937463247e-04 1.000000000000000000e+00
DSC_8407.JPG_max_x: 575.99
DSC_8407.JPG_min_x: 146.032
DSC_8407.JPG_max_y: 955.544
DSC_8407.JPG_min_y: 7.27676
DSC_8424.JPG_max_x: 1323.76
DSC_8424.JPG_min_x: 966.707
DSC_8424.JPG_max_y: 1915.23
DSC_8424.JPG_min_y: 1292.53
