9.679875639432852230e-01 -4.228674758587355420e+00 1.480722600133278092e+03
4.946663128543262178e-01 -3.127891903091088999e+00 1.375336514111377255e+03
7.770712684967368347e-04 -3.087174914747659819e-03 1.000000000000000000e+00
DSC_8427.JPG_max_x: 1254.8
DSC_8427.JPG_min_x: 6.93028
DSC_8427.JPG_max_y: 880.908
DSC_8427.JPG_min_y: 546.123
DSC_8429.JPG_max_x: 1321.32
DSC_8429.JPG_min_x: 528.758
DSC_8429.JPG_max_y: 906.762
DSC_8429.JPG_min_y: 496.31
