-2.794744133045592882e+00 -2.667992672992419489e+00 4.577990505732986435e+02
-2.323312582588029640e-01 -4.197921619383076397e+00 3.718746363426421794e+03
3.270153927358799488e-04 -4.102317064422678419e-03 1.000000000000000000e+00
DSC_8274.JPG_max_x: 444.286
DSC_8274.JPG_min_x: 11.504
DSC_8274.JPG_max_y: 1078.75
DSC_8274.JPG_min_y: 937.068
DSC_8307.JPG_max_x: 1124.23
DSC_8307.JPG_min_x: 721.044
DSC_8307.JPG_max_y: 270.588
DSC_8307.JPG_min_y: 90.0718
