2.773928260206159013e+00 7.970972545270150755e-01 -1.256963788236058008e+03
-5.292387980112078782e-02 3.306469204279824936e+00 -3.639714591164235117e+03
9.156532203612409427e-06 1.117267233105947869e-03 1.000000000000000000e+00
DSC_8398.JPG_max_x: 1292.34
DSC_8398.JPG_min_x: 145.874
DSC_8398.JPG_max_y: 1772.71
DSC_8398.JPG_min_y: 1115.97
DSC_8399.JPG_max_x: 1314.96
DSC_8399.JPG_min_x: 114.122
DSC_8399.JPG_max_y: 732.268
DSC_8399.JPG_min_y: 10.147
