7.232092575036507265e-01 -3.987114694713721902e-02 -1.684625578187406347e+02
2.036366695686159245e-01 6.856009929785205070e-01 6.012274868797355794e+02
1.745097982542945800e-04 4.814130061989587117e-05 1.000000000000000000e+00
DSC_8210.JPG_max_x: 1314.01
DSC_8210.JPG_min_x: 375.339
DSC_8210.JPG_max_y: 1970.07
DSC_8210.JPG_min_y: 210.414
DSC_8426.JPG_max_x: 599.151
DSC_8426.JPG_min_x: 29.1246
DSC_8426.JPG_max_y: 1682.11
DSC_8426.JPG_min_y: 821.796
