-9.626975942735219172e-02 -1.205965283136785082e+00 1.204133671494085775e+03
1.866515272485588517e-01 -8.291176426187377713e-01 9.776852996017188389e+02
3.035117682053453799e-04 -1.113865565973472856e-03 1.000000000000000000e+00
DSC_8428.JPG_max_x: 380.015
DSC_8428.JPG_min_x: 28.9355
DSC_8428.JPG_max_y: 1573.88
DSC_8428.JPG_min_y: 1214.36
DSC_8473.JPG_max_x: 1160.17
DSC_8473.JPG_min_x: 777.321
DSC_8473.JPG_max_y: 418.026
DSC_8473.JPG_min_y: 70.925
