1.553775743297055811e+00 1.823926661356027601e-01 -7.209333010982300038e+02
1.243686124426704870e-01 1.669297206281635138e+00 -1.181976674787832280e+03
1.781028795066129345e-04 5.456971216212309255e-04 1.000000000000000000e+00
DSC_8320.JPG_max_x: 1325.13
DSC_8320.JPG_min_x: 542.671
DSC_8320.JPG_max_y: 1505.27
DSC_8320.JPG_min_y: 970.071
DSC_8431.JPG_max_x: 829.573
DSC_8431.JPG_min_x: 189.693
DSC_8431.JPG_max_y: 712.294
DSC_8431.JPG_min_y: 328.21
