2.016868093758425129e+00 5.084743530282499480e-01 -1.671098319237444912e+03
2.451954961708959282e-02 2.357433945622020577e+00 -5.709338793487985413e+02
1.605894369718384505e-04 4.170640787445160924e-04 9.999999999999998890e-01
DSC_8282.JPG_max_x: 1315.95
DSC_8282.JPG_min_x: 625.062
DSC_8282.JPG_max_y: 1148.28
DSC_8282.JPG_min_y: 496.266
DSC_8304.JPG_max_x: 935.462
DSC_8304.JPG_min_x: 233.26
DSC_8304.JPG_max_y: 1455.96
DSC_8304.JPG_min_y: 446.406
