-1.040585485596647430e+00 1.561306319320076262e-02 9.763982088365867185e+02
-2.529529604848832047e+00 -4.584332258671623972e-01 1.385316715050858193e+03
-2.106281794707837943e-03 3.240480704512459773e-04 1.000000000000000000e+00
DSC_8475.JPG_max_x: 1241.13
DSC_8475.JPG_min_x: 189.869
DSC_8475.JPG_max_y: 913.584
DSC_8475.JPG_min_y: 418.547
DSC_8476.JPG_max_x: 1029.01
DSC_8476.JPG_min_x: 16.6914
DSC_8476.JPG_max_y: 1886.81
DSC_8476.JPG_min_y: 906.697
