3.377013253832119588e-01 -3.301234556772886797e-01 9.200995405796940929e+01
6.028481120277917604e-01 -1.995956457547208185e+00 1.369063182414850189e+03
3.648453504772250218e-04 -1.407301760596352952e-03 1.000000000000000000e+00
DSC_8209.JPG_max_x: 1312.46
DSC_8209.JPG_min_x: 208.725
DSC_8209.JPG_max_y: 865.909
DSC_8209.JPG_min_y: 229.818
DSC_8394.JPG_max_x: 801.397
DSC_8394.JPG_min_x: 53.511
DSC_8394.JPG_max_y: 1711.92
DSC_8394.JPG_min_y: 1319.29
