9.816191800133768908e-01 -6.582170064473487348e-02 1.377801404984426483e+02
2.208741405963516105e-02 8.340711498392382461e-01 2.314374012048139662e+02
2.353297984228169454e-05 -1.100946213373951563e-04 1.000000000000000000e+00
DSC_8350.JPG_max_x: 1116.86
DSC_8350.JPG_min_x: 240.678
DSC_8350.JPG_max_y: 1524.71
DSC_8350.JPG_min_y: 764.896
DSC_8416.JPG_max_x: 1319.91
DSC_8416.JPG_min_x: 347.115
DSC_8416.JPG_max_y: 1808.01
DSC_8416.JPG_min_y: 944.011
