1.797622298635651039e-01 -9.058857919074033704e-01 1.421138962336101258e+03
-2.879960533019382610e-02 3.632667651260302333e-01 4.308302599303752913e+02
-4.600505894377666504e-04 -3.796544612721678086e-04 1.000000000000000000e+00
DSC_8199.JPG_max_x: 309.496
DSC_8199.JPG_min_x: 14.8343
DSC_8199.JPG_max_y: 888.235
DSC_8199.JPG_min_y: 505.392
DSC_8347.JPG_max_x: 1310.86
DSC_8347.JPG_min_x: 1087.95
DSC_8347.JPG_max_y: 1365.9
DSC_8347.JPG_min_y: 757.445
