9.181222236715389506e-01 -1.877213126247258279e-02 3.138415991214204723e+02
1.062677735406594853e-01 7.573141170796161559e-01 3.652160025668082426e+02
8.021604097898630983e-05 -1.109307482230175641e-05 1.000000000000000000e+00
DSC_8238.JPG_max_x: 1258.74
DSC_8238.JPG_min_x: 128.377
DSC_8238.JPG_max_y: 1546.32
DSC_8238.JPG_min_y: 730.364
DSC_8446.JPG_max_x: 1323.23
DSC_8446.JPG_min_x: 425.888
DSC_8446.JPG_max_y: 1559.64
DSC_8446.JPG_min_y: 965.613
