3.968680678649366134e-01 -1.644633783958144857e-01 3.320440877263791890e+02
-1.349474913438711621e+00 1.211195845658675774e+00 -2.273674589657144622e+02
-9.912889130240199950e-04 -2.024793127528942856e-04 1.000000000000000000e+00
DSC_8398.JPG_max_x: 508.8
DSC_8398.JPG_min_x: 383.631
DSC_8398.JPG_max_y: 1125.95
DSC_8398.JPG_min_y: 973.741
DSC_8462.JPG_max_x: 1288.59
DSC_8462.JPG_min_x: 761.511
DSC_8462.JPG_max_y: 1660.6
DSC_8462.JPG_min_y: 999.28
