1.214937069338279940e+00 -1.624815782986494650e+00 1.631418263298161037e+03
3.980436721132909472e-01 -9.455592588074943627e-01 1.137401035822011181e+03
8.708937720995193815e-04 -1.093268273698442053e-03 1.000000000000000000e+00
DSC_8226.JPG_max_x: 798.473
DSC_8226.JPG_min_x: 169.325
DSC_8226.JPG_max_y: 1948.73
DSC_8226.JPG_min_y: 1475.33
DSC_8323.JPG_max_x: 1285.3
DSC_8323.JPG_min_x: 571.303
DSC_8323.JPG_max_y: 926.88
DSC_8323.JPG_min_y: 405.402
