1.656233415642121676e+00 3.416139349760297095e-01 -6.021486129652298587e+02
-8.956376175570077147e-02 1.946194370902326387e+00 -1.526007633175469437e+03
-2.913516123117792078e-06 4.537151915989202575e-04 1.000000000000000000e+00
DSC_8456.JPG_max_x: 1317.9
DSC_8456.JPG_min_x: 107.911
DSC_8456.JPG_max_y: 1694.86
DSC_8456.JPG_min_y: 859.795
DSC_8457.JPG_max_x: 1321.26
DSC_8457.JPG_min_x: 22.3922
DSC_8457.JPG_max_y: 991.05
DSC_8457.JPG_min_y: 25.6475
