5.507990329563591914e+00 2.248389518501315187e+00 -3.849491297044425210e+03
-6.778292379120294253e-01 6.734416157918857060e+00 -7.456770302285218349e+03
-1.643960715835751977e-04 2.878541198309123549e-03 1.000000000000000000e+00
DSC_8278.JPG_max_x: 1003.02
DSC_8278.JPG_min_x: 316.06
DSC_8278.JPG_max_y: 1811.28
DSC_8278.JPG_min_y: 1181.98
DSC_8279.JPG_max_x: 992.386
DSC_8279.JPG_min_x: 259.174
DSC_8279.JPG_max_y: 685.76
DSC_8279.JPG_min_y: 5.193
