-1.041267022467671843e+01 -3.080357661265790803e+00 9.815718927188136149e+03
7.146794334422863493e-01 -1.491489582573624517e+01 1.415643170669937899e+04
-5.380984487648116446e-03 -4.383702568230713956e-03 1.000000000000000000e+00
DSC_8232.JPG_max_x: 981.208
DSC_8232.JPG_min_x: 489.794
DSC_8232.JPG_max_y: 1828.28
DSC_8232.JPG_min_y: 1081.41
DSC_8401.JPG_max_x: 466.285
DSC_8401.JPG_min_x: 35.1375
DSC_8401.JPG_max_y: 1150.09
DSC_8401.JPG_min_y: 189.73
