2.074695495593599226e+00 9.901749817825118427e-01 -3.155736609882089397e+03
-4.480858089624472490e-02 2.236182500191904232e+00 3.200029345403157777e+01
8.659423524706240556e-04 2.108484591593689985e-04 1.000000000000000000e+00
DSC_8331.JPG_max_x: 1256.46
DSC_8331.JPG_min_x: 911.706
DSC_8331.JPG_max_y: 1880.9
DSC_8331.JPG_min_y: 761.438
DSC_8333.JPG_max_x: 418.856
DSC_8333.JPG_min_x: 26.3321
DSC_8333.JPG_max_y: 1803.41
DSC_8333.JPG_min_y: 767.374
