-2.274377706373879704e+00 1.382109771520553532e-01 1.210581644179868363e+03
-3.223936984608671175e+00 1.220683211631246268e+00 -1.425509787668585204e+01
-2.561278002130781394e-03 1.406907189386686990e-04 1.000000000000000000e+00
DSC_8200.JPG_max_x: 870.798
DSC_8200.JPG_min_x: 84.5145
DSC_8200.JPG_max_y: 1406.96
DSC_8200.JPG_min_y: 917.158
DSC_8348.JPG_max_x: 1324.63
DSC_8348.JPG_min_x: 560.146
DSC_8348.JPG_max_y: 1255.98
DSC_8348.JPG_min_y: 878.314
