8.480329442814849017e+00 2.102318837992625866e+00 -8.690829858182700264e+03
-1.056919272147770927e+00 8.503029096619089344e+00 -8.235581144112567927e+03
3.197376278428975226e-03 2.454223321842884109e-03 1.000000000000000000e+00
DSC_8234.JPG_max_x: 1302.09
DSC_8234.JPG_min_x: 857.817
DSC_8234.JPG_max_y: 1335.91
DSC_8234.JPG_min_y: 1093.13
DSC_8351.JPG_max_x: 607.008
DSC_8351.JPG_min_x: 166.752
DSC_8351.JPG_max_y: 248.234
DSC_8351.JPG_min_y: 6.69092
