1.340694348179083617e+00 -3.524662188040801336e-01 -2.823387382892635742e+02
1.578575487551114209e+00 -4.002884401128929681e-02 1.137984936713840170e+03
1.169273308666961319e-03 -6.981711531956628957e-04 1.000000000000000000e+00
DSC_8331.JPG_max_x: 1165.01
DSC_8331.JPG_min_x: 289.66
DSC_8331.JPG_max_y: 707.29
DSC_8331.JPG_min_y: 17.3689
DSC_8376.JPG_max_x: 550.773
DSC_8376.JPG_min_x: 8.85578
DSC_8376.JPG_max_y: 1763.22
DSC_8376.JPG_min_y: 1210.63
