1.035675831280623527e+01 -1.335134428362079739e-01 -1.082338670506667040e+04
5.342144517397636072e+00 7.739644339741268197e+00 -6.297522599210880799e+03
4.973532892970230004e-03 -1.654341035843629045e-04 1.000000000000000000e+00
DSC_8250.JPG_max_x: 1283.44
DSC_8250.JPG_min_x: 1056.79
DSC_8250.JPG_max_y: 1295.74
DSC_8250.JPG_min_y: 612.141
DSC_8448.JPG_max_x: 321.621
DSC_8448.JPG_min_x: 16.4871
DSC_8448.JPG_max_y: 1495.8
DSC_8448.JPG_min_y: 673.113
