1.558810788591098060e+02 5.422453080915377654e+01 -1.562552894402584643e+05
8.614041038835098973e+00 1.238973967260248514e+02 -9.864718623111479246e+03
8.255525806207536510e-02 2.518460030514416484e-02 1.000000000000000000e+00
DSC_8345.JPG_max_x: 1321.18
DSC_8345.JPG_min_x: 807.401
DSC_8345.JPG_max_y: 1360.3
DSC_8345.JPG_min_y: 35.519
DSC_8361.JPG_max_x: 593.864
DSC_8361.JPG_min_x: 106.664
DSC_8361.JPG_max_y: 1622.88
DSC_8361.JPG_min_y: 48.3443
