3.980574439558467237e+00 9.733535144659717364e-01 -2.389341129390615606e+03
1.983664708903058460e-01 4.046092104055494687e+00 -4.083925425540237484e+03
5.141721173703842681e-04 1.434970254435116678e-03 1.000000000000000000e+00
DSC_8274.JPG_max_x: 1296.03
DSC_8274.JPG_min_x: 364.735
DSC_8274.JPG_max_y: 1736.84
DSC_8274.JPG_min_y: 1055.5
DSC_8275.JPG_max_x: 1158.52
DSC_8275.JPG_min_x: 54.4922
DSC_8275.JPG_max_y: 824.913
DSC_8275.JPG_min_y: 92.571
