1.529809102386356701e+00 5.639860965436392926e-01 -4.746667494076690446e+02
-1.365904833246542049e-01 2.232610227326198959e+00 -2.245615502215473498e+03
-3.287929183533946920e-04 8.126597146213887296e-04 1.000000000000000000e+00
DSC_8246.JPG_max_x: 1296.33
DSC_8246.JPG_min_x: 360.653
DSC_8246.JPG_max_y: 1886.82
DSC_8246.JPG_min_y: 1064.46
DSC_8263.JPG_max_x: 1266.0
DSC_8263.JPG_min_x: 390.813
DSC_8263.JPG_max_y: 822.438
DSC_8263.JPG_min_y: 15.5135
