1.586275271204617088e+00 3.041238298177995070e-01 -7.687771434244997408e+02
4.978273504549997341e-02 1.784055100543533445e+00 -1.387910689142880756e+03
1.576471671552128926e-04 4.365618466919081778e-04 1.000000000000000000e+00
DSC_8320.JPG_max_x: 1325.13
DSC_8320.JPG_min_x: 433.302
DSC_8320.JPG_max_y: 1411.83
DSC_8320.JPG_min_y: 836.612
DSC_8447.JPG_max_x: 982.065
DSC_8447.JPG_min_x: 208.911
DSC_8447.JPG_max_y: 670.788
DSC_8447.JPG_min_y: 104.18
