-4.134703954231317424e-01 -9.411179540865131088e-01 4.621651057570085754e+02
-2.365393581709269999e-01 -3.249901883316555828e+00 9.657925633262459542e+02
-4.666246263501196753e-04 -2.922471045410058796e-03 1.000000000000000000e+00
DSC_8249.JPG_max_x: 707.758
DSC_8249.JPG_min_x: 256.317
DSC_8249.JPG_max_y: 973.777
DSC_8249.JPG_min_y: 204.771
DSC_8419.JPG_max_x: 1203.28
DSC_8419.JPG_min_x: 10.7299
DSC_8419.JPG_max_y: 1648.85
DSC_8419.JPG_min_y: 316.374
