1.505928357876073376e+00 -8.363378879499409058e-01 -4.097340183196676549e+02
1.212808343447189907e+00 -2.885988403275083769e-01 -5.457537820660884336e+02
1.719442412254970241e-03 -3.628856593620595136e-03 1.000000000000000000e+00
DSC_8321.JPG_max_x: 1186.51
DSC_8321.JPG_min_x: 480.742
DSC_8321.JPG_max_y: 684.049
DSC_8321.JPG_min_y: 16.3527
DSC_8353.JPG_max_x: 1106.72
DSC_8353.JPG_min_x: 162.888
DSC_8353.JPG_max_y: 670.885
DSC_8353.JPG_min_y: 110.246
