1.686868466209674039e-02 -3.267074068550178678e-01 9.654756850151547951e+02
-8.784876392167220160e-01 1.928814523567901063e-01 1.261745402435377400e+03
-5.409358468974662017e-04 -2.401335781300731245e-04 1.000000000000000000e+00
DSC_8253.JPG_max_x: 458.797
DSC_8253.JPG_min_x: 4.4818
DSC_8253.JPG_max_y: 931.245
DSC_8253.JPG_min_y: 592.647
DSC_8334.JPG_max_x: 1272.4
DSC_8334.JPG_min_x: 886.891
DSC_8334.JPG_max_y: 1863.3
DSC_8334.JPG_min_y: 1608.05
