-3.341225867175346420e-01 -3.575674490607794187e-01 4.871124363524521641e+02
-3.211533215143026754e-02 -5.676315055892354744e-01 6.560207942140103796e+02
-7.726528462999515060e-05 -9.061452028915691244e-04 1.000000000000000000e+00
DSC_8308.JPG_max_x: 1287.74
DSC_8308.JPG_min_x: 40.139
DSC_8308.JPG_max_y: 1463.59
DSC_8308.JPG_min_y: 1156.61
DSC_8339.JPG_max_x: 1256.4
DSC_8339.JPG_min_x: 212.981
DSC_8339.JPG_max_y: 556.231
DSC_8339.JPG_min_y: 186.308
