-3.543241001437912985e+01 1.610604249411068523e+01 7.257363129121346901e+03
-3.515466618701326951e+01 1.141060569157052385e+01 3.474545449716305484e+03
-2.178998934108759833e-02 1.266716848366700003e-02 1.000000000000000000e+00
DSC_8353.JPG_max_x: 779.487
DSC_8353.JPG_min_x: 389.141
DSC_8353.JPG_max_y: 383.52
DSC_8353.JPG_min_y: 115.174
DSC_8466.JPG_max_x: 1295.39
DSC_8466.JPG_min_x: 755.406
DSC_8466.JPG_max_y: 1822.65
DSC_8466.JPG_min_y: 1510.83
