9.527695794860167045e-01 -7.797079205431738103e-02 5.383795280965815664e+02
-2.474859177465286442e-01 1.153012442522733716e+00 -3.285837548628291671e+01
-2.617349040634942719e-04 -4.261714972492732336e-05 1.000000000000000000e+00
DSC_8278.JPG_max_x: 615.164
DSC_8278.JPG_min_x: 30.8785
DSC_8278.JPG_max_y: 1369.81
DSC_8278.JPG_min_y: 542.67
DSC_8312.JPG_max_x: 1318.76
DSC_8312.JPG_min_x: 492.198
DSC_8312.JPG_max_y: 1763.26
DSC_8312.JPG_min_y: 572.437
