6.524599775914945443e-01 1.114994907135144486e-01 1.863542648164139166e+02
-5.531965012552716304e-02 8.038983478947633321e-01 4.299768263432989670e+02
-5.574015642373747302e-05 1.256328031715062512e-04 9.999999999999998890e-01
DSC_8324.JPG_max_x: 1236.06
DSC_8324.JPG_min_x: 33.5878
DSC_8324.JPG_max_y: 1718.83
DSC_8324.JPG_min_y: 441.053
DSC_8474.JPG_max_x: 1033.32
DSC_8474.JPG_min_x: 337.973
DSC_8474.JPG_max_y: 1501.96
DSC_8474.JPG_min_y: 744.35
