1.109922521085912273e+00 4.552857689550191544e-01 -1.024371452500170335e+03
-6.247963414890744804e-01 8.597522972087190407e-01 9.968339586035488082e+02
2.772685060896931656e-05 -4.408476494690611078e-05 9.999999999999998890e-01
DSC_8233.JPG_max_x: 1216.64
DSC_8233.JPG_min_x: 819.999
DSC_8233.JPG_max_y: 1058.71
DSC_8233.JPG_min_y: 40.8216
DSC_8349.JPG_max_x: 816.049
DSC_8349.JPG_min_x: 20.26
DSC_8349.JPG_max_y: 1180.18
DSC_8349.JPG_min_y: 433.029
