-1.042913559690154535e-01 -9.281640988001752524e-01 9.252123974725448079e+02
-2.448659872286214345e-01 -7.652196586616312191e-01 9.190813006105305476e+02
9.799836575218235811e-05 -1.063312000827881017e-03 1.000000000000000000e+00
DSC_8216.JPG_max_x: 1206.46
DSC_8216.JPG_min_x: 39.5146
DSC_8216.JPG_max_y: 1567.95
DSC_8216.JPG_min_y: 1161.67
DSC_8375.JPG_max_x: 1284.3
DSC_8375.JPG_min_x: 602.792
DSC_8375.JPG_max_y: 1474.48
DSC_8375.JPG_min_y: 21.025
