7.831131295042897955e-01 1.421586717544330233e-02 -8.146760643310602745e+01
-1.172006874647927577e-01 5.770132451668514850e-01 1.023693498259918897e+03
-5.812525228121489377e-06 -2.127306563646271778e-04 1.000000000000000000e+00
DSC_8431.JPG_max_x: 1328.54
DSC_8431.JPG_min_x: 196.738
DSC_8431.JPG_max_y: 643.097
DSC_8431.JPG_min_y: 351.209
DSC_8472.JPG_max_x: 1108.46
DSC_8472.JPG_min_x: 104.087
DSC_8472.JPG_max_y: 1627.68
DSC_8472.JPG_min_y: 1240.21
