1.742841967750145216e+00 3.328686569028468378e-01 1.082233269664334557e+03
-1.871363607274790786e-01 3.678268102636117032e+00 -3.070765802158308361e+03
-1.167078426098393977e-03 8.754427821281903768e-04 1.000000000000000000e+00
DSC_8264.JPG_max_x: 405.028
DSC_8264.JPG_min_x: 5.78708
DSC_8264.JPG_max_y: 1782.96
DSC_8264.JPG_min_y: 883.851
DSC_8439.JPG_max_x: 1322.1
DSC_8439.JPG_min_x: 736.606
DSC_8439.JPG_max_y: 1593.36
DSC_8439.JPG_min_y: 95.1763
