1.554155295639684686e+00 5.296206654252282320e-01 -1.553709411654539053e+03
-5.215572129494074755e-02 1.524745926182487832e+00 5.986444706283038641e+01
4.638887078292908681e-04 1.076209069457764852e-04 1.000000000000000000e+00
DSC_8477.JPG_max_x: 1280.25
DSC_8477.JPG_min_x: 769.11
DSC_8477.JPG_max_y: 1881.42
DSC_8477.JPG_min_y: 534.061
DSC_8479.JPG_max_x: 733.247
DSC_8479.JPG_min_x: 152.143
DSC_8479.JPG_max_y: 1676.91
DSC_8479.JPG_min_y: 488.307
