1.621955416348160872e+00 4.144272483130469475e-01 -7.271281238445641293e+02
-4.496047000616418821e-01 2.007508376596155220e+00 -1.922619971278578078e+03
-2.153767838008011244e-04 5.989823454524063374e-04 1.000000000000000000e+00
DSC_8344.JPG_max_x: 1324.28
DSC_8344.JPG_min_x: 330.643
DSC_8344.JPG_max_y: 1818.49
DSC_8344.JPG_min_y: 1134.7
DSC_8345.JPG_max_x: 1292.2
DSC_8345.JPG_min_x: 258.722
DSC_8345.JPG_max_y: 738.123
DSC_8345.JPG_min_y: 41.1692
