4.069692485480392308e-01 3.060345834916966632e-03 3.098597571316958579e+02
-5.641649806340862106e-02 4.837447156088161004e-01 5.531865490099332874e+02
-9.710457476699515828e-05 1.686114038769184496e-05 1.000000000000000000e+00
DSC_8226.JPG_max_x: 1300.75
DSC_8226.JPG_min_x: 179.661
DSC_8226.JPG_max_y: 1821.59
DSC_8226.JPG_min_y: 383.57
DSC_8474.JPG_max_x: 933.907
DSC_8474.JPG_min_x: 381.545
DSC_8474.JPG_max_y: 1387.21
DSC_8474.JPG_min_y: 755.851
