1.018457765174385576e+00 1.350447987629745383e-01 9.572701194154869881e+02
-2.369490558839441596e-01 2.192758714058631764e+00 -1.623318572304583768e+03
-8.025630295144495392e-04 4.463131688846526759e-04 1.000000000000000000e+00
DSC_8298.JPG_max_x: 499.006
DSC_8298.JPG_min_x: 24.7332
DSC_8298.JPG_max_y: 1844.83
DSC_8298.JPG_min_y: 778.153
DSC_8441.JPG_max_x: 1307.07
DSC_8441.JPG_min_x: 764.287
DSC_8441.JPG_max_y: 1614.93
DSC_8441.JPG_min_y: 22.1277
