7.296827907723395512e-01 -4.241334757855484694e-02 -6.049007389124056999e+02
1.167318763521610486e-01 9.741521338527590057e-01 1.307251806340236726e+02
9.133246055504800926e-05 2.388746455995711482e-04 1.000000000000000000e+00
DSC_8240.JPG_max_x: 1327.49
DSC_8240.JPG_min_x: 890.003
DSC_8240.JPG_max_y: 1787.01
DSC_8240.JPG_min_y: 898.812
DSC_8412.JPG_max_x: 194.22
DSC_8412.JPG_min_x: 3.32491
DSC_8412.JPG_max_y: 1311.37
DSC_8412.JPG_min_y: 859.46
