4.420658842432907965e-01 -1.357234425369865660e-01 4.778523935858185041e+02
-2.267242514072319304e-01 7.559462853112826064e-01 3.656783645341428155e+02
-2.580665648076074683e-04 -6.348569771157974750e-05 1.000000000000000000e+00
DSC_8244.JPG_max_x: 664.721
DSC_8244.JPG_min_x: 26.5902
DSC_8244.JPG_max_y: 1613.08
DSC_8244.JPG_min_y: 561.962
DSC_8426.JPG_max_x: 765.342
DSC_8426.JPG_min_x: 333.252
DSC_8426.JPG_max_y: 1979.58
DSC_8426.JPG_min_y: 818.091
