9.614749636854610371e-01 4.762564629341894257e-02 -1.372787427525161092e+02
-1.712164880965537459e-03 9.630447351381212773e-01 1.893086466865122475e+01
2.186020976413858199e-05 3.174617090444827158e-05 1.000000000000000000e+00
DSC_8260.JPG_max_x: 1201.89
DSC_8260.JPG_min_x: 95.8749
DSC_8260.JPG_max_y: 1672.52
DSC_8260.JPG_min_y: 501.602
DSC_8276.JPG_max_x: 1007.06
DSC_8276.JPG_min_x: 19.2532
DSC_8276.JPG_max_y: 1537.81
DSC_8276.JPG_min_y: 491.617
