1.267823293296338250e+00 -2.254066076321919354e+00 1.065452770640529707e+03
1.747675126170614268e+00 -4.856644112363984966e+00 4.460254493463102335e+03
3.649213738244202858e-03 -2.965611640234401460e-03 9.999999999999998890e-01
DSC_8310.JPG_max_x: 1035.64
DSC_8310.JPG_min_x: 49.7027
DSC_8310.JPG_max_y: 1496.62
DSC_8310.JPG_min_y: 875.212
DSC_8341.JPG_max_x: 1076.17
DSC_8341.JPG_min_x: 190.127
DSC_8341.JPG_max_y: 1178.92
DSC_8341.JPG_min_y: 512.043
