6.386274480392629682e-01 8.565620635045774131e-03 -4.887691567381341429e+01
6.478602455578534591e-02 7.029620666781754013e-01 2.427049005707620495e+02
3.830177367751868222e-05 9.352911803001523721e-05 1.000000000000000000e+00
DSC_8228.JPG_max_x: 823.701
DSC_8228.JPG_min_x: 98.0483
DSC_8228.JPG_max_y: 1765.66
DSC_8228.JPG_min_y: 363.171
DSC_8296.JPG_max_x: 403.571
DSC_8296.JPG_min_x: 17.1683
DSC_8296.JPG_max_y: 1287.07
DSC_8296.JPG_min_y: 490.059
