7.402407598777808184e-01 2.186478082583860894e-01 2.155538315868611789e+02
-8.324566281883345742e-02 1.038642736301394809e+00 6.564856723626428447e+01
-1.005348130839460615e-04 1.491135600091398163e-04 9.999999999999998890e-01
DSC_8242.JPG_max_x: 1222.93
DSC_8242.JPG_min_x: 50.2416
DSC_8242.JPG_max_y: 1901.59
DSC_8242.JPG_min_y: 563.117
DSC_8258.JPG_max_x: 1324.59
DSC_8258.JPG_min_x: 519.064
DSC_8258.JPG_max_y: 1626.48
DSC_8258.JPG_min_y: 590.99
