1.002054703093884891e+00 1.191215454716211680e-01 -2.967213211333131540e+02
8.243879142185609604e-03 1.111837257886986841e+00 -7.527066551003815675e+02
9.630141451116773867e-05 1.925562414145128964e-04 1.000000000000000000e+00
DSC_8320.JPG_max_x: 1316.41
DSC_8320.JPG_min_x: 551.499
DSC_8320.JPG_max_y: 1340.68
DSC_8320.JPG_min_y: 996.644
DSC_8415.JPG_max_x: 858.813
DSC_8415.JPG_min_x: 298.889
DSC_8415.JPG_max_y: 544.295
DSC_8415.JPG_min_y: 275.516
