6.328230687074136718e-01 -7.122104455770475462e-02 -1.619300818230061338e+02
1.304556474173895475e-01 -3.547340993415007970e-01 1.620743405135236117e+03
1.778007619826682453e-04 -5.283999209217340879e-04 1.000000000000000000e+00
DSC_8235.JPG_max_x: 1304.8
DSC_8235.JPG_min_x: 981.623
DSC_8235.JPG_max_y: 661.157
DSC_8235.JPG_min_y: 292.273
DSC_8378.JPG_max_x: 630.405
DSC_8378.JPG_min_x: 486.88
DSC_8378.JPG_max_y: 1828.14
DSC_8378.JPG_min_y: 1586.53
