3.549155304956536638e-01 -2.084716445656575878e-01 7.394619462814736153e+02
-1.395014314047340886e-02 6.225914346692729140e-01 1.429419369827616038e+02
-1.808563722460573473e-04 5.682911581406584434e-05 9.999999999999998890e-01
DSC_8307.JPG_max_x: 1059.94
DSC_8307.JPG_min_x: 256.043
DSC_8307.JPG_max_y: 1848.81
DSC_8307.JPG_min_y: 139.055
DSC_8415.JPG_max_x: 1148.46
DSC_8415.JPG_min_x: 479.187
DSC_8415.JPG_max_y: 1248.49
DSC_8415.JPG_min_y: 240.216
