6.635548390301968524e-01 -9.874262820830669030e-02 5.308294178716416809e+02
1.544399485245629734e-02 5.044457554114851749e-01 8.910624849158514280e+02
1.318184590339513231e-05 -1.198250875025097263e-04 1.000000000000000000e+00
DSC_8288.JPG_max_x: 1104.0
DSC_8288.JPG_min_x: 122.46
DSC_8288.JPG_max_y: 1469.49
DSC_8288.JPG_min_y: 327.212
DSC_8464.JPG_max_x: 1320.08
DSC_8464.JPG_min_x: 601.67
DSC_8464.JPG_max_y: 1977.21
DSC_8464.JPG_min_y: 1104.04
