1.635742535754259652e+00 -4.996223032571074918e-01 -8.767041507358072749e+02
1.835857193129983855e-01 -5.875865051900414082e-01 7.963944656120984291e+02
1.123811836436034318e-03 -1.686041359361972140e-03 1.000000000000000000e+00
DSC_8195.JPG_max_x: 1314.76
DSC_8195.JPG_min_x: 748.52
DSC_8195.JPG_max_y: 1167.7
DSC_8195.JPG_min_y: 24.5694
DSC_8407.JPG_max_x: 1268.03
DSC_8407.JPG_min_x: 46.7076
DSC_8407.JPG_max_y: 1585.52
DSC_8407.JPG_min_y: 325.01
