-5.774554043334406694e-01 -4.952914885001578060e-01 1.312900214909185252e+03
-5.646623589974149038e-01 -4.574421327587955832e-01 1.253369582456645048e+03
-4.444856287382442997e-04 -3.717096186702898721e-04 1.000000000000000000e+00
DSC_8362.JPG_max_x: 1326.56
DSC_8362.JPG_min_x: 152.969
DSC_8362.JPG_max_y: 1431.17
DSC_8362.JPG_min_y: 1031.31
DSC_8450.JPG_max_x: 1324.49
DSC_8450.JPG_min_x: 668.578
DSC_8450.JPG_max_y: 1879.03
DSC_8450.JPG_min_y: 985.985
