1.548610537385620711e+00 1.876637471119666223e-01 1.903848543880502291e+02
-7.264759683608780494e-02 2.590057170207547443e+00 -2.399005370841385684e+03
-5.303453347596369946e-04 5.987967078067670456e-04 1.000000000000000000e+00
DSC_8312.JPG_max_x: 976.958
DSC_8312.JPG_min_x: 94.9358
DSC_8312.JPG_max_y: 1964.05
DSC_8312.JPG_min_y: 951.281
DSC_8425.JPG_max_x: 1251.58
DSC_8425.JPG_min_x: 308.018
DSC_8425.JPG_max_y: 1571.53
DSC_8425.JPG_min_y: 12.0327
