-1.241073035091663446e+00 -1.288301540178613536e+00 1.233085254592092497e+03
-2.798592958781819906e+00 -1.305289706724236609e+00 1.294321517300617870e+03
-1.725731979398552590e-03 -1.015044339815324636e-03 1.000000000000000000e+00
DSC_8264.JPG_max_x: 456.506
DSC_8264.JPG_min_x: 15.4324
DSC_8264.JPG_max_y: 1022.47
DSC_8264.JPG_min_y: 609.855
DSC_8360.JPG_max_x: 1313.87
DSC_8360.JPG_min_x: 330.433
DSC_8360.JPG_max_y: 1765.49
DSC_8360.JPG_min_y: 1058.13
