8.090231728604271311e-01 -3.514174817822751651e-01 -2.345091665592365189e+02
-1.732372418814006609e-01 1.036088211800181957e+00 2.871337189769364500e+02
-2.684237466480866212e-04 2.604913108209318826e-04 1.000000000000000000e+00
DSC_8339.JPG_max_x: 1273.69
DSC_8339.JPG_min_x: 462.317
DSC_8339.JPG_max_y: 784.084
DSC_8339.JPG_min_y: 186.308
DSC_8383.JPG_max_x: 791.05
DSC_8383.JPG_min_x: 7.26065
DSC_8383.JPG_max_y: 1024.7
DSC_8383.JPG_min_y: 430.989
