-3.610718778517052474e+00 2.245266963370986246e-01 4.119241329946044061e+03
-2.478663617435613808e+00 -3.660706100667303620e+00 4.020449902349939748e+03
-2.582459166073767642e-03 6.052930085542178199e-05 1.000000000000000000e+00
DSC_8216.JPG_max_x: 1329.87
DSC_8216.JPG_min_x: 1207.47
DSC_8216.JPG_max_y: 1269.27
DSC_8216.JPG_min_y: 816.505
DSC_8418.JPG_max_x: 184.195
DSC_8418.JPG_min_x: 24.9691
DSC_8418.JPG_max_y: 1752.26
DSC_8418.JPG_min_y: 935.17
