6.365939001437358469e-01 -5.890689770514900142e-02 -6.332819052481479503e+02
-5.990909184100671192e-01 4.474959543566539022e-01 7.128021822508479772e+02
-5.210659813738267388e-04 -1.390283038826475046e-04 1.000000000000000000e+00
DSC_8296.JPG_max_x: 1295.53
DSC_8296.JPG_min_x: 1106.74
DSC_8296.JPG_max_y: 987.679
DSC_8296.JPG_min_y: 566.318
DSC_8406.JPG_max_x: 652.864
DSC_8406.JPG_min_x: 72.5941
DSC_8406.JPG_max_y: 1856.25
DSC_8406.JPG_min_y: 790.985
