-5.037393129460826513e-01 -3.702934006066445072e-01 1.135570058744900507e+03
9.029614775429720686e-01 -5.633924388640653147e-01 -3.531194623977149263e+02
1.922542981768183797e-04 -1.042131400750144618e-03 1.000000000000000000e+00
DSC_8234.JPG_max_x: 1312.94
DSC_8234.JPG_min_x: 1012.58
DSC_8234.JPG_max_y: 1976.19
DSC_8234.JPG_min_y: 914.131
DSC_8237.JPG_max_x: 1069.3
DSC_8237.JPG_min_x: 102.699
DSC_8237.JPG_max_y: 648.133
DSC_8237.JPG_min_y: 240.019
