5.601492070787198463e-01 -4.719987126949161393e-03 -3.751220299149790094e+02
-4.191245770714581709e-01 5.601764998110301264e-01 1.223434266235876322e+02
-2.919627475534529448e-04 -5.447617384310355948e-05 1.000000000000000000e+00
DSC_8262.JPG_max_x: 1301.95
DSC_8262.JPG_min_x: 862.092
DSC_8262.JPG_max_y: 1818.87
DSC_8262.JPG_min_y: 1045.5
DSC_8459.JPG_max_x: 849.56
DSC_8459.JPG_min_x: 168.308
DSC_8459.JPG_max_y: 1184.43
DSC_8459.JPG_min_y: 298.109
