-6.537766488069944593e-02 -3.332383313787363188e-01 1.034053238832749685e+03
-5.266899546363877915e-01 6.911090025902576206e-02 1.201176451143654049e+03
-4.569301329004817210e-04 -1.999954037302468103e-04 1.000000000000000000e+00
DSC_8259.JPG_max_x: 594.22
DSC_8259.JPG_min_x: 117.842
DSC_8259.JPG_max_y: 790.826
DSC_8259.JPG_min_y: 267.869
DSC_8472.JPG_max_x: 1325.6
DSC_8472.JPG_min_x: 1015.57
DSC_8472.JPG_max_y: 1545.8
DSC_8472.JPG_min_y: 1304.99
