1.313085102132654503e-01 -1.976203242642288471e-01 6.380749775926358325e+02
-5.362548224035031952e-01 7.266893608001229188e-01 1.036415233140818600e+03
-5.273720474680022039e-04 1.230550044234442566e-04 9.999999999999998890e-01
DSC_8233.JPG_max_x: 653.894
DSC_8233.JPG_min_x: 156.168
DSC_8233.JPG_max_y: 813.892
DSC_8233.JPG_min_y: 154.346
DSC_8278.JPG_max_x: 909.724
DSC_8278.JPG_min_x: 491.389
DSC_8278.JPG_max_y: 1664.99
DSC_8278.JPG_min_y: 1135.75
