3.506006598235479887e-01 1.223231090013739975e-01 8.843392438265357214e+02
-1.151697477941905801e+00 2.452179948945369947e+00 -1.170262016264312706e+03
-1.365131176956466304e-03 2.436349910106303072e-04 1.000000000000000000e+00
DSC_8220.JPG_max_x: 303.117
DSC_8220.JPG_min_x: 5.38297
DSC_8220.JPG_max_y: 1203.37
DSC_8220.JPG_min_y: 752.81
DSC_8266.JPG_max_x: 1305.41
DSC_8266.JPG_min_x: 812.965
DSC_8266.JPG_max_y: 1556.86
DSC_8266.JPG_min_y: 517.223
