8.904038262771477585e-01 8.920291774213610220e-03 7.502339004627992836e+01
-1.211721759504635343e-01 1.092822651900410058e+00 4.055949325867058697e+00
-1.327495348049136375e-04 -7.180279893843514062e-07 1.000000000000000000e+00
DSC_8278.JPG_max_x: 992.752
DSC_8278.JPG_min_x: 127.724
DSC_8278.JPG_max_y: 1517.72
DSC_8278.JPG_min_y: 561.666
DSC_8298.JPG_max_x: 1106.11
DSC_8298.JPG_min_x: 199.836
DSC_8298.JPG_max_y: 1753.33
DSC_8298.JPG_min_y: 577.372
