7.370029288244075438e-01 -1.577431422012194884e-01 4.844783098702597499e+02
3.623061049487849572e-02 8.046564727100538050e-01 8.328877587218340750e+01
-1.455714598213867699e-04 9.125640948340599972e-05 9.999999999999998890e-01
DSC_8273.JPG_max_x: 1164.26
DSC_8273.JPG_min_x: 107.226
DSC_8273.JPG_max_y: 1862.56
DSC_8273.JPG_min_y: 609.981
DSC_8287.JPG_max_x: 1310.53
DSC_8287.JPG_min_x: 368.397
DSC_8287.JPG_max_y: 1567.04
DSC_8287.JPG_min_y: 615.704
