-2.207562674765350119e-01 4.222000376028511165e-02 2.449126720613785722e+02
-1.746237688250512621e+00 1.450870684395125232e-01 2.053264509750802972e+03
-9.791466563315392134e-04 2.388569557736334602e-04 1.000000000000000000e+00
DSC_8194.JPG_max_x: 1332.02
DSC_8194.JPG_min_x: 1172.95
DSC_8194.JPG_max_y: 1244.82
DSC_8194.JPG_min_y: 673.661
DSC_8402.JPG_max_x: 274.514
DSC_8402.JPG_min_x: 11.8168
DSC_8402.JPG_max_y: 1732.12
DSC_8402.JPG_min_y: 974.926
