2.515844931051337774e+00 5.664598496929704741e-01 -1.046715096729379638e+03
-2.401781221584141091e-01 2.652752720750693349e+00 -3.296648443292381671e+03
-7.497220935970219538e-05 8.793211521638205717e-04 1.000000000000000000e+00
DSC_8234.JPG_max_x: 1296.93
DSC_8234.JPG_min_x: 156.562
DSC_8234.JPG_max_y: 1976.19
DSC_8234.JPG_min_y: 1306.14
DSC_8235.JPG_max_x: 1304.8
DSC_8235.JPG_min_x: 36.835
DSC_8235.JPG_max_y: 642.196
DSC_8235.JPG_min_y: 59.9657
