-1.814006165261742742e+00 -2.955400865284572576e-01 1.181759454411677325e+03
-1.021955801843295486e+00 5.088121606088700233e-01 1.969260475344388510e+02
-1.988976508932321571e-03 -9.692591864827035310e-05 1.000000000000000000e+00
DSC_8445.JPG_max_x: 1109.76
DSC_8445.JPG_min_x: 54.114
DSC_8445.JPG_max_y: 839.427
DSC_8445.JPG_min_y: 350.171
DSC_8447.JPG_max_x: 1322.41
DSC_8447.JPG_min_x: 812.646
DSC_8447.JPG_max_y: 797.577
DSC_8447.JPG_min_y: 292.553
