8.231307173853845693e-01 -8.697627824868299218e-01 4.205234101812636140e+02
1.557521200312734333e+00 -2.206449895550190998e+00 1.237186549892519679e+03
3.021691698081637595e-04 -1.085934252758692870e-03 1.000000000000000000e+00
DSC_8252.JPG_max_x: 1272.8
DSC_8252.JPG_min_x: 441.04
DSC_8252.JPG_max_y: 1967.57
DSC_8252.JPG_min_y: 581.827
DSC_8273.JPG_max_x: 667.117
DSC_8273.JPG_min_x: 270.94
DSC_8273.JPG_max_y: 1649.18
DSC_8273.JPG_min_y: 443.325
