1.229548618370523094e+00 -1.497451132776743410e-01 -4.422596539392630461e+02
3.306345985197751136e-01 1.609308182128133868e+00 -1.777382280747290508e+02
2.442643241721283815e-04 2.001616337562528772e-04 1.000000000000000000e+00
DSC_8322.JPG_max_x: 1257.19
DSC_8322.JPG_min_x: 478.863
DSC_8322.JPG_max_y: 1401.82
DSC_8322.JPG_min_y: 610.462
DSC_8338.JPG_max_x: 412.186
DSC_8338.JPG_min_x: 18.8985
DSC_8338.JPG_max_y: 1673.45
DSC_8338.JPG_min_y: 820.294
