4.736592644959441989e-01 -1.037747197876676963e-01 4.439385135144951278e+02
-3.190811108352301084e-01 7.533943271859369073e-01 4.256343125142267922e+02
-2.945414260185722508e-04 -6.472781359824893123e-05 1.000000000000000000e+00
DSC_8262.JPG_max_x: 671.394
DSC_8262.JPG_min_x: 203.501
DSC_8262.JPG_max_y: 1179.1
DSC_8262.JPG_min_y: 555.421
DSC_8476.JPG_max_x: 894.829
DSC_8476.JPG_min_x: 482.142
DSC_8476.JPG_max_y: 1519.76
DSC_8476.JPG_min_y: 856.372
