1.085073765161770121e+00 1.523951266524102843e-01 -4.987293216466247259e+02
8.537956712622155053e-03 8.546308921120578939e-01 6.329449330677845182e+02
-2.162366417084479636e-05 -6.469540303933355937e-05 1.000000000000000000e+00
DSC_8217.JPG_max_x: 1324.97
DSC_8217.JPG_min_x: 552.264
DSC_8217.JPG_max_y: 661.424
DSC_8217.JPG_min_y: 4.64855
DSC_8331.JPG_max_x: 1066.06
DSC_8331.JPG_min_x: 104.373
DSC_8331.JPG_max_y: 1277.24
DSC_8331.JPG_min_y: 653.414
