1.504312257926341490e+00 -7.451878106163382920e-02 4.499498804826457672e+02
6.147541702382510742e-01 1.149432646505020195e+00 1.887167649759359378e+01
6.365246740837990531e-04 -9.952094897237904016e-05 1.000000000000000000e+00
DSC_8280.JPG_max_x: 363.05
DSC_8280.JPG_min_x: 56.4718
DSC_8280.JPG_max_y: 980.815
DSC_8280.JPG_min_y: 365.54
DSC_8332.JPG_max_x: 810.026
DSC_8332.JPG_min_x: 494.867
DSC_8332.JPG_max_y: 1226.9
DSC_8332.JPG_min_y: 501.739
