-6.088450010055456829e+00 1.229968688628290430e+01 5.984229521146455681e+02
-1.780804969312552277e+00 2.040801537430286317e+01 -6.079613275283337316e+03
-1.181967703958458800e-02 1.485720211837027703e-02 1.000000000000000000e+00
DSC_8311.JPG_max_x: 1279.19
DSC_8311.JPG_min_x: 210.136
DSC_8311.JPG_max_y: 745.971
DSC_8311.JPG_min_y: 194.614
DSC_8341.JPG_max_x: 1120.28
DSC_8341.JPG_min_x: 251.118
DSC_8341.JPG_max_y: 1285.17
DSC_8341.JPG_min_y: 310.832
