7.191044861498006036e-01 3.602357317471160947e-02 -3.739704974901659398e+02
6.750512746870539552e-03 7.511812603125757049e-01 7.855110145664282584e+01
-2.461266053482997290e-06 9.423546619099972213e-06 1.000000000000000000e+00
DSC_8272.JPG_max_x: 1319.02
DSC_8272.JPG_min_x: 733.552
DSC_8272.JPG_max_y: 1474.92
DSC_8272.JPG_min_y: 664.187
DSC_8306.JPG_max_x: 604.181
DSC_8306.JPG_min_x: 180.272
DSC_8306.JPG_max_y: 1172.54
DSC_8306.JPG_min_y: 579.367
