-1.150527871776419131e+00 2.692350141936781793e-01 1.105782534912244046e+03
-3.087363555063572518e-01 2.880837490027537973e-01 2.296301017221194627e+02
-1.071812759584728561e-03 2.652914362064748223e-04 1.000000000000000000e+00
DSC_8287.JPG_max_x: 907.582
DSC_8287.JPG_min_x: 369.084
DSC_8287.JPG_max_y: 952.096
DSC_8287.JPG_min_y: 36.8518
DSC_8471.JPG_max_x: 1306.53
DSC_8471.JPG_min_x: 780.749
DSC_8471.JPG_max_y: 1074.96
DSC_8471.JPG_min_y: 129.49
