4.935923537301572517e-01 5.370315983240599861e-02 2.066551502246742587e+02
-5.818857017067162549e-04 5.770599262003066610e-01 -6.797266315530836778e+01
-2.780708227879452580e-05 6.223952926439546487e-05 1.000000000000000000e+00
DSC_8257.JPG_max_x: 1258.48
DSC_8257.JPG_min_x: 18.5744
DSC_8257.JPG_max_y: 903.083
DSC_8257.JPG_min_y: 241.544
DSC_8473.JPG_max_x: 855.539
DSC_8473.JPG_min_x: 238.784
DSC_8473.JPG_max_y: 428.581
DSC_8473.JPG_min_y: 70.925
