1.035807291003303376e+00 2.287112621642544558e-02 4.271106803242440719e+01
7.788704084245758399e-03 9.927021548446434140e-01 -7.113871004515350194e+01
1.723969558369056653e-05 -1.415356435715809583e-05 9.999999999999998890e-01
DSC_8378.JPG_max_x: 1228.32
DSC_8378.JPG_min_x: 22.9522
DSC_8378.JPG_max_y: 1824.92
DSC_8378.JPG_min_y: 1040.29
DSC_8398.JPG_max_x: 1326.5
DSC_8398.JPG_min_x: 113.203
DSC_8398.JPG_max_y: 1769.82
DSC_8398.JPG_min_y: 968.336
