5.665412304350539996e-01 -1.734459530860814058e-01 2.805973019312384054e+02
2.487374261680843912e-01 4.975789028225778565e-02 1.173320208096512033e+03
1.511565491461345178e-04 -2.883547704153925574e-04 1.000000000000000000e+00
DSC_8209.JPG_max_x: 1035.71
DSC_8209.JPG_min_x: 20.8451
DSC_8209.JPG_max_y: 755.173
DSC_8209.JPG_min_y: 221.728
DSC_8412.JPG_max_x: 781.928
DSC_8412.JPG_min_x: 236.455
DSC_8412.JPG_max_y: 1553.7
DSC_8412.JPG_min_y: 1300.84
