5.589767380518159356e+00 1.895618208811338024e+00 -4.338357780770807040e+03
-2.628822006535952993e-01 6.529586660011188926e+00 -7.288663233725060309e+03
1.105833459133906752e-03 2.085070675461367894e-03 9.999999999999998890e-01
DSC_8270.JPG_max_x: 1121.9
DSC_8270.JPG_min_x: 490.365
DSC_8270.JPG_max_y: 1731.79
DSC_8270.JPG_min_y: 1209.04
DSC_8287.JPG_max_x: 895.21
DSC_8287.JPG_min_x: 197.489
DSC_8287.JPG_max_y: 701.908
DSC_8287.JPG_min_y: 87.8441
