5.419476230480205770e-01 6.373023491537385676e-02 4.459730093334882213e+02
-1.287764176228269608e-01 6.595628239127083736e-01 4.821184185398295767e+02
-1.028010910081847738e-04 3.767058724753339423e-05 1.000000000000000000e+00
DSC_8324.JPG_max_x: 1244.38
DSC_8324.JPG_min_x: 109.132
DSC_8324.JPG_max_y: 1943.31
DSC_8324.JPG_min_y: 441.053
DSC_8454.JPG_max_x: 1313.39
DSC_8454.JPG_min_x: 558.295
DSC_8454.JPG_max_y: 1708.66
DSC_8454.JPG_min_y: 709.128
