1.597474298367981049e+00 1.166269169380596132e-01 -4.779570712367694227e+02
-3.465802588534649953e-01 1.600202505992010638e+00 -3.680803234290237924e+02
-3.317108720980175337e-04 4.138028282577581345e-05 1.000000000000000000e+00
DSC_8312.JPG_max_x: 838.338
DSC_8312.JPG_min_x: 417.242
DSC_8312.JPG_max_y: 1093.36
DSC_8312.JPG_min_y: 517.22
DSC_8344.JPG_max_x: 1309.59
DSC_8344.JPG_min_x: 315.674
DSC_8344.JPG_max_y: 1398.49
DSC_8344.JPG_min_y: 327.681
