4.216328164992938499e-01 -7.888727498826824114e-01 5.818177162701487077e+02
-7.386489249160191339e-02 2.190433665582204870e-01 3.127038574061529630e+02
-9.492658076026903695e-05 -7.599640781255640864e-04 9.999999999999998890e-01
DSC_8255.JPG_max_x: 1191.94
DSC_8255.JPG_min_x: 77.5925
DSC_8255.JPG_max_y: 527.156
DSC_8255.JPG_min_y: 76.3786
DSC_8321.JPG_max_x: 1267.23
DSC_8321.JPG_min_x: 371.467
DSC_8321.JPG_max_y: 714.909
DSC_8321.JPG_min_y: 300.403
