-7.704063773724720843e-01 -1.024839268788515945e+00 1.085896602544503821e+03
-1.351796562721870876e+00 -1.500637567412567153e+00 2.085286106914723860e+03
-6.683105365397096643e-04 -1.276562333617599658e-03 1.000000000000000000e+00
DSC_8218.JPG_max_x: 1164.95
DSC_8218.JPG_min_x: 22.1676
DSC_8218.JPG_max_y: 1870.38
DSC_8218.JPG_min_y: 832.241
DSC_8249.JPG_max_x: 773.841
DSC_8249.JPG_min_x: 460.034
DSC_8249.JPG_max_y: 880.138
DSC_8249.JPG_min_y: 58.5054
