1.816586415994816850e+00 2.331746370450158978e-01 4.019298726218651723e+02
1.870931551475706611e-01 1.797447022276441153e+00 5.292018736278910183e+02
1.680060166592501009e-04 4.778601882326630537e-04 1.000000000000000000e+00
DSC_8237.JPG_max_x: 597.825
DSC_8237.JPG_min_x: 146.205
DSC_8237.JPG_max_y: 671.399
DSC_8237.JPG_min_y: 240.019
DSC_8449.JPG_max_x: 1254.15
DSC_8449.JPG_min_x: 634.538
DSC_8449.JPG_max_y: 1340.78
DSC_8449.JPG_min_y: 878.716
