5.502648039437028071e-01 -5.282929269894844904e-01 1.935133675142915592e+02
4.880473449926769014e+00 -4.065540446115694095e+00 1.200950614120486534e+03
4.715564110055515262e-03 -3.736594777448929219e-03 1.000000000000000000e+00
DSC_8274.JPG_max_x: 1284.47
DSC_8274.JPG_min_x: 195.236
DSC_8274.JPG_max_y: 1354.0
DSC_8274.JPG_min_y: 615.108
DSC_8412.JPG_max_x: 360.578
DSC_8412.JPG_min_x: 3.32491
DSC_8412.JPG_max_y: 1567.69
DSC_8412.JPG_min_y: 866.87
