1.206068884018191234e+00 9.094309290774564847e-01 -6.737975943708713658e+02
2.829271126193835459e-02 1.029421586396749300e+00 7.419634228848244675e+02
7.437863577699583770e-04 -8.661674165392466065e-05 1.000000000000000000e+00
DSC_8249.JPG_max_x: 779.17
DSC_8249.JPG_min_x: 211.336
DSC_8249.JPG_max_y: 923.063
DSC_8249.JPG_min_y: 204.771
DSC_8349.JPG_max_x: 644.917
DSC_8349.JPG_min_x: 100.265
DSC_8349.JPG_max_y: 1362.72
DSC_8349.JPG_min_y: 695.239
