6.560517147344453903e+00 2.138718170495030046e-01 -7.700375825912679829e+03
1.044291833990536045e+00 6.208955604352285995e+00 -4.328651162335746449e+03
8.636723957505931110e-04 -1.060526992810171317e-04 1.000000000000000000e+00
DSC_8214.JPG_max_x: 1332.01
DSC_8214.JPG_min_x: 1152.25
DSC_8214.JPG_max_y: 1114.58
DSC_8214.JPG_min_y: 560.769
DSC_8386.JPG_max_x: 616.641
DSC_8386.JPG_min_x: 21.3523
DSC_8386.JPG_max_y: 1978.25
DSC_8386.JPG_min_y: 245.719
