1.167765280097713410e+00 8.953223309052107948e-02 1.387479505665485249e+02
7.830613121701389678e-01 1.140930840404723368e+00 1.251357995003401413e+02
5.070243255230664180e-04 2.256205657956034821e-04 1.000000000000000000e+00
DSC_8272.JPG_max_x: 1302.21
DSC_8272.JPG_min_x: 294.141
DSC_8272.JPG_max_y: 1579.8
DSC_8272.JPG_min_y: 670.025
DSC_8414.JPG_max_x: 1157.91
DSC_8414.JPG_min_x: 448.172
DSC_8414.JPG_max_y: 1447.62
DSC_8414.JPG_min_y: 1017.14
