1.197694903180311632e-01 -1.295086987050166616e-01 1.196120748383072169e+03
-6.234234392024023963e-01 5.966374256798815390e-01 4.531951873862205389e+02
-5.142060593519985926e-04 -1.139557093912043641e-04 1.000000000000000000e+00
DSC_8338.JPG_max_x: 124.57
DSC_8338.JPG_min_x: 22.6576
DSC_8338.JPG_max_y: 1475.78
DSC_8338.JPG_min_y: 820.294
DSC_8414.JPG_max_x: 1316.51
DSC_8414.JPG_min_x: 1232.02
DSC_8414.JPG_max_y: 1623.96
DSC_8414.JPG_min_y: 1025.16
