6.661116916548354139e-01 -3.739269551535510105e-01 -2.954243189923322888e+01
3.451457586188960702e-01 -8.367560964625875286e-01 1.091871049945973255e+03
2.541090301394046736e-04 -1.086143027482362007e-03 1.000000000000000000e+00
DSC_8245.JPG_max_x: 1035.25
DSC_8245.JPG_min_x: 228.104
DSC_8245.JPG_max_y: 520.138
DSC_8245.JPG_min_y: 135.07
DSC_8296.JPG_max_x: 667.466
DSC_8296.JPG_min_x: 13.265
DSC_8296.JPG_max_y: 1450.47
DSC_8296.JPG_min_y: 1175.43
