1.505588711153911907e+00 -5.682774765538622930e-01 4.240938708758974371e+02
9.626517705819365167e-02 2.216190555354499381e+00 -6.068652246710333884e+02
-5.046606503984447196e-04 1.211835461939328668e-03 9.999999999999998890e-01
DSC_8309.JPG_max_x: 776.554
DSC_8309.JPG_min_x: 143.387
DSC_8309.JPG_max_y: 787.426
DSC_8309.JPG_min_y: 369.276
DSC_8339.JPG_max_x: 1128.84
DSC_8339.JPG_min_x: 99.0164
DSC_8339.JPG_max_y: 619.048
DSC_8339.JPG_min_y: 186.308
