4.329462260880008184e-01 8.811413326788711253e-02 -1.327303397418327222e+02
-5.180976871538375272e-01 2.678680586289358678e-01 1.061344407427898886e+03
-2.897441763499502502e-04 -2.875400533136884536e-04 1.000000000000000000e+00
DSC_8235.JPG_max_x: 1304.8
DSC_8235.JPG_min_x: 947.453
DSC_8235.JPG_max_y: 661.157
DSC_8235.JPG_min_y: 361.568
DSC_8319.JPG_max_x: 980.352
DSC_8319.JPG_min_x: 478.938
DSC_8319.JPG_max_y: 1371.29
DSC_8319.JPG_min_y: 939.189
