4.651231398053223276e-01 -5.054217723655594907e-02 3.781437484494113619e+02
-2.934448867292303031e-01 9.241557201063069771e-01 2.453461823323505087e+02
-2.820409715323492022e-04 -2.484459328478736445e-05 1.000000000000000000e+00
DSC_8230.JPG_max_x: 1162.23
DSC_8230.JPG_min_x: 470.958
DSC_8230.JPG_max_y: 1466.26
DSC_8230.JPG_min_y: 375.988
DSC_8424.JPG_max_x: 1311.75
DSC_8424.JPG_min_x: 633.688
DSC_8424.JPG_max_y: 1868.43
DSC_8424.JPG_min_y: 575.699
