2.130545798839977856e+00 -4.828998529316384514e-01 8.641486322400643303e+02
1.494387733912479366e+00 4.562883280288149712e-01 2.761987942266450204e+02
1.085240051177611747e-03 -5.283001193660612996e-04 1.000000000000000000e+00
DSC_8314.JPG_max_x: 272.406
DSC_8314.JPG_min_x: 50.8895
DSC_8314.JPG_max_y: 1084.61
DSC_8314.JPG_min_y: 480.132
DSC_8404.JPG_max_x: 1285.04
DSC_8404.JPG_min_x: 920.281
DSC_8404.JPG_max_y: 1656.24
DSC_8404.JPG_min_y: 716.117
