4.714560190421973607e-02 -6.832818170998551377e-01 1.122771417226387939e+03
-3.014464439840937038e-01 3.616618635009404836e-01 5.993244158404635868e+00
-6.162658238272850997e-04 -1.686707630922714427e-04 1.000000000000000000e+00
DSC_8260.JPG_max_x: 781.794
DSC_8260.JPG_min_x: 32.3539
DSC_8260.JPG_max_y: 1367.61
DSC_8260.JPG_min_y: 1143.19
DSC_8427.JPG_max_x: 1049.51
DSC_8427.JPG_min_x: 207.808
DSC_8427.JPG_max_y: 844.686
DSC_8427.JPG_min_y: 487.157
