-2.114176904975000743e-02 -5.238600610943505709e-01 5.164918362341782085e+02
-2.208273784768603198e-01 -1.139367842188898416e+00 1.314946544496043316e+03
-1.666247718695818231e-04 -9.022881490747356337e-04 1.000000000000000000e+00
DSC_8305.JPG_max_x: 1115.44
DSC_8305.JPG_min_x: 377.495
DSC_8305.JPG_max_y: 1569.53
DSC_8305.JPG_min_y: 131.007
DSC_8378.JPG_max_x: 606.125
DSC_8378.JPG_min_x: 497.91
DSC_8378.JPG_max_y: 1400.44
DSC_8378.JPG_min_y: 1195.89
