1.441826683895645056e+00 3.745634999658001632e-03 1.784696317722145409e+01
1.936657903913095377e-02 1.333507657765340637e+00 -1.803651704871167993e+01
1.326236660219503802e-04 -5.881190261313016290e-05 1.000000000000000000e+00
DSC_8345.JPG_max_x: 814.09
DSC_8345.JPG_min_x: 104.217
DSC_8345.JPG_max_y: 1360.3
DSC_8345.JPG_min_y: 88.0809
DSC_8359.JPG_max_x: 1166.55
DSC_8359.JPG_min_x: 214.397
DSC_8359.JPG_max_y: 1766.34
DSC_8359.JPG_min_y: 90.4377
