9.712233500026070665e-01 -1.203062261476625303e-02 -7.304777248470757911e+01
-1.266883073719447250e-01 1.097244286287280435e+00 -4.885736937748645659e+01
-1.355442745752903763e-04 -1.554921427052526929e-05 1.000000000000000000e+00
DSC_8262.JPG_max_x: 1207.27
DSC_8262.JPG_min_x: 176.528
DSC_8262.JPG_max_y: 1495.43
DSC_8262.JPG_min_y: 413.353
DSC_8312.JPG_max_x: 1325.58
DSC_8312.JPG_min_x: 57.9234
DSC_8312.JPG_max_y: 1763.26
DSC_8312.JPG_min_y: 374.98
