4.555350218491021619e-01 -2.480158857859966481e-01 3.781152014974419444e+02
3.525991839382376924e-01 -2.451362276532653428e-01 1.166296606905475528e+03
2.567353291889283009e-04 -4.078835113943381696e-04 1.000000000000000000e+00
DSC_8305.JPG_max_x: 1134.19
DSC_8305.JPG_min_x: 529.548
DSC_8305.JPG_max_y: 1398.65
DSC_8305.JPG_min_y: 131.007
DSC_8432.JPG_max_x: 764.587
DSC_8432.JPG_min_x: 498.225
DSC_8432.JPG_max_y: 1695.36
DSC_8432.JPG_min_y: 1229.05
