-1.173863968380681966e+00 3.507179333416519246e-02 1.080403460919925010e+03
-2.389691988876000206e+00 2.407105702882165188e-01 1.575938298796170102e+03
-1.861074129757880544e-03 5.718945250379472382e-04 1.000000000000000000e+00
DSC_8431.JPG_max_x: 1292.03
DSC_8431.JPG_min_x: 198.597
DSC_8431.JPG_max_y: 1418.5
DSC_8431.JPG_min_y: 279.097
DSC_8444.JPG_max_x: 1002.54
DSC_8444.JPG_min_x: 31.6108
DSC_8444.JPG_max_y: 1527.16
DSC_8444.JPG_min_y: 1026.45
