1.869639012075506868e+00 -2.450500063573211873e-02 -7.644660667191175207e+02
3.455753341652575972e-02 1.844647771068460118e+00 -1.416950861908012939e+03
1.454658213718344295e-04 4.526179669512236741e-04 1.000000000000000000e+00
DSC_8308.JPG_max_x: 1315.45
DSC_8308.JPG_min_x: 445.797
DSC_8308.JPG_max_y: 1530.82
DSC_8308.JPG_min_y: 1169.03
DSC_8443.JPG_max_x: 913.955
DSC_8443.JPG_min_x: 18.0315
DSC_8443.JPG_max_y: 789.165
DSC_8443.JPG_min_y: 465.44
