9.998980514398222441e-01 3.137644100068776587e-01 8.076473771160848401e+02
2.062199962948406129e-01 1.448833284586191539e+00 -6.354401146642167930e-01
1.372098917231012098e-04 4.323674961131848378e-04 1.000000000000000000e+00
DSC_8240.JPG_max_x: 1064.91
DSC_8240.JPG_min_x: 24.6534
DSC_8240.JPG_max_y: 1717.09
DSC_8240.JPG_min_y: 903.792
DSC_8446.JPG_max_x: 1323.23
DSC_8446.JPG_min_x: 261.562
DSC_8446.JPG_max_y: 1715.54
DSC_8446.JPG_min_y: 972.953
