1.456407662692578153e+00 -1.558776409093427961e+00 1.106956805187076043e+03
1.505539179547758399e+00 -1.533046993592114937e+00 1.092927046448623742e+03
1.741149675346959124e-03 -1.554205557711300445e-03 1.000000000000000000e+00
DSC_8269.JPG_max_x: 383.385
DSC_8269.JPG_min_x: 92.9953
DSC_8269.JPG_max_y: 1404.27
DSC_8269.JPG_min_y: 939.067
DSC_8335.JPG_max_x: 1082.21
DSC_8335.JPG_min_x: 337.521
DSC_8335.JPG_max_y: 963.09
DSC_8335.JPG_min_y: 491.596
