1.684865091319861952e+00 4.192406321348082221e-01 -1.274887822201320432e+03
7.026103447929740176e-01 1.942441564121861752e+00 -1.665011583472160623e+02
6.488651098594264491e-04 3.163829531556502537e-04 1.000000000000000000e+00
DSC_8320.JPG_max_x: 1322.5
DSC_8320.JPG_min_x: 490.966
DSC_8320.JPG_max_y: 1514.15
DSC_8320.JPG_min_y: 634.365
DSC_8472.JPG_max_x: 784.388
DSC_8472.JPG_min_x: 70.1452
DSC_8472.JPG_max_y: 1722.68
DSC_8472.JPG_min_y: 980.052
