1.205282673094263828e+02 1.588892854644873296e+02 -3.193040890420740470e+05
-2.037441352859589472e+02 3.698419630780778107e+02 -2.678137855550126988e+05
-1.965572524667606180e-01 2.566983532527594147e-01 1.000000000000000000e+00
DSC_8442.JPG_max_x: 1257.34
DSC_8442.JPG_min_x: 731.921
DSC_8442.JPG_max_y: 1963.22
DSC_8442.JPG_min_y: 1519.42
DSC_8457.JPG_max_x: 412.208
DSC_8457.JPG_min_x: 58.3913
DSC_8457.JPG_max_y: 820.986
DSC_8457.JPG_min_y: 206.91
