1.958210783475288963e+01 7.910358259867088293e+00 -1.501254589365218453e+04
8.082923505232590955e+00 1.437619062250314883e+01 5.945444021935960563e+02
1.643329290005401955e-02 -7.137686651126521698e-04 1.000000000000000000e+00
DSC_8279.JPG_max_x: 943.281
DSC_8279.JPG_min_x: 640.731
DSC_8279.JPG_max_y: 907.271
DSC_8279.JPG_min_y: 104.478
DSC_8315.JPG_max_x: 484.655
DSC_8315.JPG_min_x: 19.2604
DSC_8315.JPG_max_y: 1712.16
DSC_8315.JPG_min_y: 602.376
