6.094014796385939237e-01 -3.796857503885477381e-01 5.402840800225021667e+02
-4.106783493836155957e-02 3.627277864184021428e-01 1.090809068526127930e+03
-1.457952000700440509e-04 -2.743356459619617719e-04 1.000000000000000000e+00
DSC_8313.JPG_max_x: 840.654
DSC_8313.JPG_min_x: 36.4476
DSC_8313.JPG_max_y: 816.348
DSC_8313.JPG_min_y: 11.5066
DSC_8440.JPG_max_x: 1184.41
DSC_8440.JPG_min_x: 556.543
DSC_8440.JPG_max_y: 1934.37
DSC_8440.JPG_min_y: 1110.2
