3.843978315614156926e+00 1.206430806150872836e+00 -2.669627138223559086e+02
4.394643711970778743e-01 6.002783561969433634e+00 -6.198069897652723739e+03
5.487113023382365982e-04 2.406336889423423605e-03 1.000000000000000000e+00
DSC_8348.JPG_max_x: 963.543
DSC_8348.JPG_min_x: 32.5804
DSC_8348.JPG_max_y: 1820.71
DSC_8348.JPG_min_y: 1063.49
DSC_8401.JPG_max_x: 1078.05
DSC_8401.JPG_min_x: 350.546
DSC_8401.JPG_max_y: 881.959
DSC_8401.JPG_min_y: 119.134
