1.235170001588577149e+00 4.117966768653699705e-01 -5.082441485260311538e+02
-2.179810177309126490e-02 1.369091331927211108e+00 -1.276178721388117765e+03
1.990320072254762729e-06 6.468530761978974605e-04 1.000000000000000000e+00
DSC_8224.JPG_max_x: 937.657
DSC_8224.JPG_min_x: 12.0383
DSC_8224.JPG_max_y: 1885.78
DSC_8224.JPG_min_y: 955.255
DSC_8429.JPG_max_x: 639.553
DSC_8429.JPG_min_x: 2.4934
DSC_8429.JPG_max_y: 601.879
DSC_8429.JPG_min_y: 7.01687
