7.325552238642523140e-01 4.734949194769871861e-02 -7.948304433684154446e+01
-2.606633370949645312e-01 1.111676014971484827e+00 -8.110482881928427901e+01
-2.807157455134728528e-04 3.147749817929190367e-05 1.000000000000000000e+00
DSC_8266.JPG_max_x: 1255.52
DSC_8266.JPG_min_x: 637.273
DSC_8266.JPG_max_y: 1541.12
DSC_8266.JPG_min_y: 522.28
DSC_8282.JPG_max_x: 1310.99
DSC_8282.JPG_min_x: 519.462
DSC_8282.JPG_max_y: 1858.37
DSC_8282.JPG_min_y: 299.762
