9.444012359326867667e-01 4.547208940670222632e-01 -3.471957083725037023e+02
-4.151914122606179536e-01 1.610670745381451052e+00 1.076108427948800909e+03
-1.729465214769507805e-04 3.942142171175568879e-04 1.000000000000000000e+00
DSC_8415.JPG_max_x: 1225.78
DSC_8415.JPG_min_x: 386.027
DSC_8415.JPG_max_y: 607.054
DSC_8415.JPG_min_y: 275.516
DSC_8472.JPG_max_x: 1073.51
DSC_8472.JPG_min_x: 224.389
DSC_8472.JPG_max_y: 1674.85
DSC_8472.JPG_min_y: 1240.21
