1.043946388532789982e+00 9.916103025255726400e-02 -1.571130739946608799e+02
-4.604990228498574006e-02 1.147921702610228190e+00 -2.475712164065879506e+02
1.299120563807196788e-05 5.992693851280615471e-05 1.000000000000000000e+00
DSC_8289.JPG_max_x: 1281.03
DSC_8289.JPG_min_x: 490.162
DSC_8289.JPG_max_y: 1838.93
DSC_8289.JPG_min_y: 355.007
DSC_8305.JPG_max_x: 1201.12
DSC_8305.JPG_min_x: 448.399
DSC_8305.JPG_max_y: 1629.84
DSC_8305.JPG_min_y: 131.007
