1.252860652052669277e+00 -8.441867980962630691e-02 -1.388921451773710032e+03
2.898617654135012267e-01 1.124097780687461690e+00 -1.356838522042186526e+02
1.077380158507089332e-04 -1.728127656094966696e-04 1.000000000000000000e+00
DSC_8296.JPG_max_x: 1303.66
DSC_8296.JPG_min_x: 1151.15
DSC_8296.JPG_max_y: 1032.85
DSC_8296.JPG_min_y: 430.981
DSC_8438.JPG_max_x: 188.754
DSC_8438.JPG_min_x: 9.68969
DSC_8438.JPG_max_y: 1453.91
DSC_8438.JPG_min_y: 646.963
