1.474643655278826460e+00 -2.058712686438902428e-01 7.160034082779191067e+01
4.298719828574310009e-01 8.003706916341370992e-01 -1.778516740686511000e+01
6.209143126600358536e-04 -1.555001705685290939e-04 1.000000000000000000e+00
DSC_8409.JPG_max_x: 1144.21
DSC_8409.JPG_min_x: 331.711
DSC_8409.JPG_max_y: 1452.78
DSC_8409.JPG_min_y: 67.6031
DSC_8425.JPG_max_x: 1015.57
DSC_8425.JPG_min_x: 440.956
DSC_8425.JPG_max_y: 1155.32
DSC_8425.JPG_min_y: 153.277
