1.275302545809234411e+00 4.646967109601501944e-01 5.660934142808674778e+02
-2.259138877467652962e-01 3.017988352685875508e+00 -2.243001205770116940e+03
-1.027571511391805331e-03 1.171062493163231447e-03 1.000000000000000000e+00
DSC_8276.JPG_max_x: 744.58
DSC_8276.JPG_min_x: 64.5276
DSC_8276.JPG_max_y: 1307.39
DSC_8276.JPG_min_y: 802.881
DSC_8443.JPG_max_x: 1310.65
DSC_8443.JPG_min_x: 521.694
DSC_8443.JPG_max_y: 858.459
DSC_8443.JPG_min_y: 95.4912
