-1.415803782132164201e+01 -4.464610829078053733e+00 1.419207361582421800e+04
-5.034511468300427728e-01 -1.803703210787076472e+01 1.830634956094677182e+04
-8.266884046261141136e-03 -5.362036493535108327e-03 1.000000000000000000e+00
DSC_8232.JPG_max_x: 981.4
DSC_8232.JPG_min_x: 595.694
DSC_8232.JPG_max_y: 1828.28
DSC_8232.JPG_min_y: 1232.03
DSC_8363.JPG_max_x: 438.675
DSC_8363.JPG_min_x: 111.269
DSC_8363.JPG_max_y: 1014.48
DSC_8363.JPG_min_y: 327.283
