8.366657076989163500e-01 -7.650503465463277808e-02 -3.878474072558314845e+01
-7.192669519195244998e-01 9.315635036890236309e-01 4.452873283151881765e+02
-6.139036215000399704e-04 1.796634046276605645e-05 1.000000000000000000e+00
DSC_8294.JPG_max_x: 864.432
DSC_8294.JPG_min_x: 130.172
DSC_8294.JPG_max_y: 1077.59
DSC_8294.JPG_min_y: 663.182
DSC_8368.JPG_max_x: 1227.24
DSC_8368.JPG_min_x: 8.09622
DSC_8368.JPG_max_y: 1646.05
DSC_8368.JPG_min_y: 1033.58
