2.601591578760492074e-01 -7.256148328265073222e-02 2.035113262937487377e+02
-4.358345380301559269e-01 7.164817904770837131e-01 3.526180011287946741e+02
-3.628175052236227364e-04 -1.672819200347987390e-05 1.000000000000000000e+00
DSC_8374.JPG_max_x: 1053.11
DSC_8374.JPG_min_x: 622.51
DSC_8374.JPG_max_y: 1852.7
DSC_8374.JPG_min_y: 923.354
DSC_8406.JPG_max_x: 665.634
DSC_8406.JPG_min_x: 351.032
DSC_8406.JPG_max_y: 1965.11
DSC_8406.JPG_min_y: 949.662
