5.137338561646278556e+00 9.057913538608515225e-01 -7.785377796442514864e+02
3.725535968050950331e-01 5.445255979501132160e+00 -5.456324930168839273e+03
7.487681909826421605e-04 1.049368589721470400e-03 9.999999999999998890e-01
DSC_8220.JPG_max_x: 401.556
DSC_8220.JPG_min_x: 14.9286
DSC_8220.JPG_max_y: 1518.27
DSC_8220.JPG_min_y: 1061.17
DSC_8449.JPG_max_x: 919.16
DSC_8449.JPG_min_x: 130.601
DSC_8449.JPG_max_y: 1017.04
DSC_8449.JPG_min_y: 155.257
