2.962493593932080227e+00 6.446401252973426033e-01 -2.124491975364303471e+03
-3.899814463749591287e-01 3.945192915001982659e+00 -3.598343003174999012e+03
-3.742464455108022482e-04 8.827260203593742527e-04 1.000000000000000000e+00
DSC_8328.JPG_max_x: 873.116
DSC_8328.JPG_min_x: 391.453
DSC_8328.JPG_max_y: 1986.82
DSC_8328.JPG_min_y: 985.377
DSC_8407.JPG_max_x: 714.38
DSC_8407.JPG_min_x: 21.399
DSC_8407.JPG_max_y: 1575.82
DSC_8407.JPG_min_y: 15.3563
