-6.998916832931648457e+00 2.352469485823434514e+00 3.666871429340660143e+03
-1.743362170312817483e+01 1.938752067767901011e+01 2.002497908841335857e+03
-1.125144057276924840e-02 1.253152317410472297e-02 1.000000000000000000e+00
DSC_8203.JPG_max_x: 1196.15
DSC_8203.JPG_min_x: 422.999
DSC_8203.JPG_max_y: 794.048
DSC_8203.JPG_min_y: 217.726
DSC_8338.JPG_max_x: 1109.36
DSC_8338.JPG_min_x: 100.07
DSC_8338.JPG_max_y: 1779.84
DSC_8338.JPG_min_y: 1399.03
