1.918513997541861915e+00 5.108616816359333734e-01 -7.503711702723915096e+02
-4.764971573106358688e-02 2.229758747413040254e+00 -2.216090588327834666e+03
1.481048535516347575e-04 7.643714779076602947e-04 1.000000000000000000e+00
DSC_8350.JPG_max_x: 1217.27
DSC_8350.JPG_min_x: 307.942
DSC_8350.JPG_max_y: 1711.86
DSC_8350.JPG_min_y: 1006.8
DSC_8379.JPG_max_x: 1016.29
DSC_8379.JPG_min_x: 233.801
DSC_8379.JPG_max_y: 652.948
DSC_8379.JPG_min_y: 4.39294
