5.852403994141257559e-01 1.599445471756312520e-01 2.805846861411262694e+02
-5.323089964491235782e-02 7.324489003341979609e-01 9.348667704815261459e+02
-4.789285004201166194e-05 1.269509449278302053e-04 1.000000000000000000e+00
DSC_8225.JPG_max_x: 1161.85
DSC_8225.JPG_min_x: 61.6981
DSC_8225.JPG_max_y: 1467.88
DSC_8225.JPG_min_y: 307.103
DSC_8322.JPG_max_x: 1051.87
DSC_8322.JPG_min_x: 380.465
DSC_8322.JPG_max_y: 1713.54
DSC_8322.JPG_min_y: 1120.21
