8.465816668945821966e-02 -2.529780987260102365e-01 3.342843532863170708e+02
2.127598028864628343e+00 -1.123382322498951202e+00 1.714927048266243901e+02
1.952835282848636644e-03 -2.073442408598802789e-03 1.000000000000000000e+00
DSC_8330.JPG_max_x: 1036.01
DSC_8330.JPG_min_x: 329.009
DSC_8330.JPG_max_y: 958.359
DSC_8330.JPG_min_y: 612.677
DSC_8436.JPG_max_x: 1199.76
DSC_8436.JPG_min_x: 20.6103
DSC_8436.JPG_max_y: 1745.28
DSC_8436.JPG_min_y: 528.431
