1.305851773668978755e+00 6.757376814924428432e-01 -8.963243239183775586e+02
-6.760418046880096732e-01 2.518463394014789358e+00 -2.618071429400683883e+03
-6.280440452419286043e-04 7.714463599123698315e-04 1.000000000000000000e+00
DSC_8458.JPG_max_x: 831.856
DSC_8458.JPG_min_x: 507.755
DSC_8458.JPG_max_y: 1919.49
DSC_8458.JPG_min_y: 1319.55
DSC_8479.JPG_max_x: 734.85
DSC_8479.JPG_min_x: 383.129
DSC_8479.JPG_max_y: 861.971
DSC_8479.JPG_min_y: 207.267
