1.084971339371048282e+00 -9.483858722394487503e-03 -1.045559998229826306e+03
4.822360522392980520e-01 1.157209612974436919e+00 -1.187589731997249345e+02
4.279610824038604052e-04 -7.766363785758042594e-05 1.000000000000000000e+00
DSC_8346.JPG_max_x: 1324.67
DSC_8346.JPG_min_x: 1014.82
DSC_8346.JPG_max_y: 1779.12
DSC_8346.JPG_min_y: 606.69
DSC_8362.JPG_max_x: 266.376
DSC_8362.JPG_min_x: 35.5436
DSC_8362.JPG_max_y: 1860.43
DSC_8362.JPG_min_y: 780.975
