4.611013205487548561e-01 -4.007239503674939196e-01 8.388461752753710243e+02
1.673153613968216269e-01 8.766704029983383162e-01 -4.945425809960498498e+01
-2.679942189288804185e-04 1.247426198232114527e-04 1.000000000000000000e+00
DSC_8249.JPG_max_x: 817.68
DSC_8249.JPG_min_x: 88.0273
DSC_8249.JPG_max_y: 1021.72
DSC_8249.JPG_min_y: 174.485
DSC_8279.JPG_max_x: 1083.1
DSC_8279.JPG_min_x: 593.827
DSC_8279.JPG_max_y: 1004.95
DSC_8279.JPG_min_y: 122.678
