2.902440657347067354e+00 7.325783919174527758e-01 3.730239754277638298e+01
8.266188543111121501e-01 2.550991246757310815e+00 3.195746626546415428e+02
9.589307940197584540e-04 9.235236865680679016e-04 1.000000000000000000e+00
DSC_8221.JPG_max_x: 537.32
DSC_8221.JPG_min_x: 70.5511
DSC_8221.JPG_max_y: 560.46
DSC_8221.JPG_min_y: 212.815
DSC_8433.JPG_max_x: 1020.39
DSC_8433.JPG_min_x: 354.424
DSC_8433.JPG_max_y: 1137.6
DSC_8433.JPG_min_y: 757.456
