-1.113094477191368892e+00 -1.440437801781106197e-01 8.655562191217018153e+02
-2.375930094902178435e+00 8.469806930217323171e-02 1.239135247053141029e+03
-1.468043036626843958e-03 -1.777079014207618031e-04 1.000000000000000000e+00
DSC_8269.JPG_max_x: 272.081
DSC_8269.JPG_min_x: 90.5146
DSC_8269.JPG_max_y: 1423.97
DSC_8269.JPG_min_y: 928.781
DSC_8334.JPG_max_x: 996.796
DSC_8334.JPG_min_x: 886.891
DSC_8334.JPG_max_y: 1881.07
DSC_8334.JPG_min_y: 1563.97
