1.281785913182207359e+00 2.364945605626597724e-02 -9.651062178463914734e+02
5.128807360478765398e-01 6.542084433067346660e-01 8.263464702912474422e+02
4.160745045093733525e-04 -3.655569339159049050e-04 1.000000000000000000e+00
DSC_8311.JPG_max_x: 1320.64
DSC_8311.JPG_min_x: 815.17
DSC_8311.JPG_max_y: 879.221
DSC_8311.JPG_min_y: 47.8858
DSC_8312.JPG_max_x: 610.074
DSC_8312.JPG_min_x: 99.3545
DSC_8312.JPG_max_y: 1766.14
DSC_8312.JPG_min_y: 997.465
