1.565808088714739643e+00 3.006593481176966232e-01 -8.915060821687251291e+02
-2.154907985825931238e-01 2.325059075546161758e+00 -1.965228961369314675e+03
-2.982025803168333942e-04 5.214806967005297883e-04 1.000000000000000000e+00
DSC_8214.JPG_max_x: 1327.11
DSC_8214.JPG_min_x: 773.717
DSC_8214.JPG_max_y: 1933.6
DSC_8214.JPG_min_y: 985.204
DSC_8345.JPG_max_x: 1300.74
DSC_8345.JPG_min_x: 496.976
DSC_8345.JPG_max_y: 1347.75
DSC_8345.JPG_min_y: 37.9331
