-6.202131678106383994e-01 -5.623881756833649659e-01 1.208830834804454298e+03
-6.845455754101847923e-01 9.877264805425944871e-03 5.646723231964784873e+02
-8.654817461775743490e-04 -3.608835231516974119e-04 1.000000000000000000e+00
DSC_8225.JPG_max_x: 1143.87
DSC_8225.JPG_min_x: 206.358
DSC_8225.JPG_max_y: 1348.23
DSC_8225.JPG_min_y: 220.42
DSC_8431.JPG_max_x: 1328.54
DSC_8431.JPG_min_x: 232.441
DSC_8431.JPG_max_y: 856.957
DSC_8431.JPG_min_y: 395.231
