2.364878423387027695e+00 5.356762485162341880e-01 -9.206697292132002985e+02
3.338083062361783121e-02 2.787396763142544920e+00 -2.809146164951500850e+03
5.732437364575396053e-05 7.936073401617111832e-04 1.000000000000000000e+00
DSC_8432.JPG_max_x: 1314.87
DSC_8432.JPG_min_x: 164.191
DSC_8432.JPG_max_y: 1906.56
DSC_8432.JPG_min_y: 1014.19
DSC_8433.JPG_max_x: 1299.22
DSC_8433.JPG_min_x: 50.4362
DSC_8433.JPG_max_y: 985.884
DSC_8433.JPG_min_y: 8.35546
