-1.710350468892774867e+00 -6.038476602026310314e-01 1.269848231596944743e+03
-8.584323988754657409e-01 3.341426652350615312e-02 3.798359642099391067e+02
-1.520469557794451240e-03 -4.171712451812580351e-04 9.999999999999998890e-01
DSC_8367.JPG_max_x: 702.313
DSC_8367.JPG_min_x: 46.1185
DSC_8367.JPG_max_y: 1038.43
DSC_8367.JPG_min_y: 386.08
DSC_8399.JPG_max_x: 1303.5
DSC_8399.JPG_min_x: 315.518
DSC_8399.JPG_max_y: 1255.12
DSC_8399.JPG_min_y: 465.115
