7.938374947236465085e-01 -1.596796356497468539e-01 2.722596639118506801e+02
8.898202047924752556e-02 1.423755144622969315e-01 1.127505873505466070e+03
5.875037756781959121e-05 -4.367593913816797749e-04 1.000000000000000000e+00
DSC_8413.JPG_max_x: 1231.24
DSC_8413.JPG_min_x: 22.6578
DSC_8413.JPG_max_y: 753.5
DSC_8413.JPG_min_y: 337.175
DSC_8428.JPG_max_x: 1329.6
DSC_8428.JPG_min_x: 277.546
DSC_8428.JPG_max_y: 1839.18
DSC_8428.JPG_min_y: 1377.98
