1.822185993805495174e-01 -1.569159124258641680e-01 3.524719127571635369e+01
-1.392570755938214678e-03 -2.250751128433857995e-01 2.717726298290147611e+02
-8.669783870718141005e-05 -9.603792029300733816e-04 1.000000000000000000e+00
DSC_8271.JPG_max_x: 1235.29
DSC_8271.JPG_min_x: 305.37
DSC_8271.JPG_max_y: 1324.3
DSC_8271.JPG_min_y: 38.5152
DSC_8473.JPG_max_x: 501.594
DSC_8473.JPG_min_x: 51.5658
DSC_8473.JPG_max_y: 574.22
DSC_8473.JPG_min_y: 199.993
