2.975716079496199540e-01 1.063325702501567299e-01 1.034952379577146303e+03
-2.277090712019413377e-01 1.088204916392621513e+00 -7.901407719296091727e+02
-6.223388136991875146e-04 2.661851810720657074e-04 1.000000000000000000e+00
DSC_8326.JPG_max_x: 461.839
DSC_8326.JPG_min_x: 41.1903
DSC_8326.JPG_max_y: 1855.65
DSC_8326.JPG_min_y: 1383.85
DSC_8443.JPG_max_x: 1149.84
DSC_8443.JPG_min_x: 845.88
DSC_8443.JPG_max_y: 881.893
DSC_8443.JPG_min_y: 533.467
