8.326636880084997694e-01 3.885721892591691151e-02 -4.725542752381808214e+02
1.190452200631540725e-01 9.903719673653390565e-01 1.180809070033960779e+02
2.645505595571929930e-05 -5.584667968282538270e-05 1.000000000000000000e+00
DSC_8345.JPG_max_x: 1324.51
DSC_8345.JPG_min_x: 595.695
DSC_8345.JPG_max_y: 1348.54
DSC_8345.JPG_min_y: 42.8938
DSC_8407.JPG_max_x: 627.11
DSC_8407.JPG_min_x: 47.5141
DSC_8407.JPG_max_y: 1625.64
DSC_8407.JPG_min_y: 285.413
