-1.592821261147559231e-01 -1.501522548486114161e-01 4.142026377034435995e+02
-3.842992676609274794e-02 -1.780478742580702545e-01 3.077053065083576371e+02
-3.202128132475055822e-04 -4.237692574036290658e-04 1.000000000000000000e+00
DSC_8400.JPG_max_x: 1321.01
DSC_8400.JPG_min_x: 245.954
DSC_8400.JPG_max_y: 1600.75
DSC_8400.JPG_min_y: 1157.69
DSC_8417.JPG_max_x: 545.204
DSC_8417.JPG_min_x: 331.909
DSC_8417.JPG_max_y: 314.372
DSC_8417.JPG_min_y: 102.509
