2.447917241607290517e+00 2.453493236373741837e+00 -1.780895307364610289e+03
-2.388520367333296368e-01 3.693223826199060866e+00 -6.753510095203955643e+02
1.083785686025152761e-04 3.184757796370675433e-03 1.000000000000000000e+00
DSC_8415.JPG_max_x: 1147.81
DSC_8415.JPG_min_x: 222.601
DSC_8415.JPG_max_y: 682.582
DSC_8415.JPG_min_y: 275.305
DSC_8473.JPG_max_x: 855.539
DSC_8473.JPG_min_x: 89.1213
DSC_8473.JPG_max_y: 700.386
DSC_8473.JPG_min_y: 70.925
