7.507029726039391448e-01 4.776317393682523449e-02 -1.354809433681207906e+02
-3.949268440173783062e-02 7.252657942635951649e-01 1.881825190794224341e+02
2.181338414632413167e-05 -5.081562577979910079e-05 1.000000000000000000e+00
DSC_8423.JPG_max_x: 1129.11
DSC_8423.JPG_min_x: 171.615
DSC_8423.JPG_max_y: 1619.9
DSC_8423.JPG_min_y: 38.3331
DSC_8439.JPG_max_x: 776.241
DSC_8439.JPG_min_x: 8.32444
DSC_8439.JPG_max_y: 1423.55
DSC_8439.JPG_min_y: 211.636
