4.028762549217118405e+00 -1.095114105752724054e+00 7.993580088603479226e+02
1.592721411925370756e+00 3.138860482422239251e+00 -1.891680657518290332e+02
2.013739403959727715e-03 1.437461207760969790e-03 1.000000000000000000e+00
DSC_8277.JPG_max_x: 690.57
DSC_8277.JPG_min_x: 181.818
DSC_8277.JPG_max_y: 446.938
DSC_8277.JPG_min_y: 12.573
DSC_8443.JPG_max_x: 1276.53
DSC_8443.JPG_min_x: 765.848
DSC_8443.JPG_max_y: 791.354
DSC_8443.JPG_min_y: 115.631
