-4.909420237331395542e-01 -2.279097956690475379e-01 7.673075033778378611e+02
-2.290596084944246102e-01 -5.914204740200551536e-01 8.727427253788725920e+02
-6.885722502066977339e-04 -4.603512363609554500e-04 9.999999999999998890e-01
DSC_8198.JPG_max_x: 1310.97
DSC_8198.JPG_min_x: 43.3651
DSC_8198.JPG_max_y: 1873.71
DSC_8198.JPG_min_y: 983.499
DSC_8379.JPG_max_x: 1103.71
DSC_8379.JPG_min_x: 85.2671
DSC_8379.JPG_max_y: 1051.12
DSC_8379.JPG_min_y: 4.39294
