2.709534878503263400e+01 -9.724952239458314329e-01 -3.092718205402831882e+04
9.406109776260118238e+00 2.580550514280127672e+01 -2.425926249074983207e+04
7.877645971989939017e-03 5.342335987556959091e-04 1.000000000000000000e+00
DSC_8198.JPG_max_x: 1313.98
DSC_8198.JPG_min_x: 1174.81
DSC_8198.JPG_max_y: 1152.45
DSC_8198.JPG_min_y: 814.757
DSC_8448.JPG_max_x: 326.065
DSC_8448.JPG_min_x: 8.19525
DSC_8448.JPG_max_y: 1503.87
DSC_8448.JPG_min_y: 749.623
