-9.239479396498965214e-01 -1.427981503913296479e-01 8.662973161021543547e+02
-8.401417360484999541e-01 -8.803947824456282989e-01 1.110537467004419796e+03
-1.266644417720532139e-03 -1.115470371736510875e-04 9.999999999999998890e-01
DSC_8278.JPG_max_x: 1322.66
DSC_8278.JPG_min_x: 229.587
DSC_8278.JPG_max_y: 1008.67
DSC_8278.JPG_min_y: 561.329
DSC_8332.JPG_max_x: 796.85
DSC_8332.JPG_min_x: 494.867
DSC_8332.JPG_max_y: 1237.93
DSC_8332.JPG_min_y: 544.047
