2.031706186116083168e-01 2.015204209881645957e-03 6.459737182326496168e+02
-1.780514063059667751e-01 4.699496389765208670e-01 6.109757818311136361e+02
-1.712006646927984022e-04 1.764150455852213251e-05 1.000000000000000000e+00
DSC_8240.JPG_max_x: 1317.52
DSC_8240.JPG_min_x: 25.8988
DSC_8240.JPG_max_y: 1716.65
DSC_8240.JPG_min_y: 898.812
DSC_8366.JPG_max_x: 1152.52
DSC_8366.JPG_min_x: 643.292
DSC_8366.JPG_max_y: 1389.03
DSC_8366.JPG_min_y: 1012.87
