7.558006192063851936e-01 -6.341834805155741051e-02 8.709851012290532708e+02
6.022084114396849402e-02 6.360531159287653447e-01 3.979714458576020775e+02
5.601646030368251318e-05 -4.424688955077116107e-05 1.000000000000000000e+00
DSC_8330.JPG_max_x: 680.825
DSC_8330.JPG_min_x: 23.3019
DSC_8330.JPG_max_y: 1889.8
DSC_8330.JPG_min_y: 577.759
DSC_8196.JPG_max_x: 1322.02
DSC_8196.JPG_min_x: 867.44
DSC_8196.JPG_max_y: 1728.15
DSC_8196.JPG_min_y: 795.493
