-5.555649437650981293e-01 -5.405538573139010566e-02 6.713466634509051119e+02
-1.064945635463067086e+00 -5.393475382608059476e-01 1.504147984796197306e+03
-9.740964765874907507e-04 -1.204922237339754628e-04 1.000000000000000000e+00
DSC_8236.JPG_max_x: 1309.53
DSC_8236.JPG_min_x: 776.089
DSC_8236.JPG_max_y: 1598.46
DSC_8236.JPG_min_y: 694.976
DSC_8254.JPG_max_x: 1319.1
DSC_8254.JPG_min_x: 27.4768
DSC_8254.JPG_max_y: 1893.18
DSC_8254.JPG_min_y: 525.343
