5.787126160505411399e-01 5.446763643545990408e-02 -6.503325720442200009e+02
-2.655389543075459824e-01 7.608437742268792103e-01 1.440403932887513463e+02
-2.638411256054681484e-04 6.400311423402900522e-05 9.999999999999998890e-01
DSC_8196.JPG_max_x: 1330.81
DSC_8196.JPG_min_x: 1049.71
DSC_8196.JPG_max_y: 1771.08
DSC_8196.JPG_min_y: 801.808
DSC_8264.JPG_max_x: 293.41
DSC_8264.JPG_min_x: 20.4764
DSC_8264.JPG_max_y: 1486.3
DSC_8264.JPG_min_y: 589.198
