1.460507397750360481e-01 2.212467531748353033e-01 -1.724221496931432398e+02
-3.092780471771550133e-01 5.018686483961825040e-01 8.972651125856174303e+02
-4.197463141551280481e-04 8.133429437979302094e-05 1.000000000000000000e+00
DSC_8197.JPG_max_x: 1315.17
DSC_8197.JPG_min_x: 171.967
DSC_8197.JPG_max_y: 587.218
DSC_8197.JPG_min_y: 236.562
DSC_8248.JPG_max_x: 395.524
DSC_8248.JPG_min_x: 13.556
DSC_8248.JPG_max_y: 1547.02
DSC_8248.JPG_min_y: 1012.43
