1.411996825866066674e+00 7.955117098039912737e-02 -3.885081813131306490e+02
9.106553584283315350e-02 1.182428638842536239e+00 4.420728265958851466e+02
4.228865302555887896e-05 -5.359861416706321221e-06 1.000000000000000000e+00
DSC_8299.JPG_max_x: 1106.06
DSC_8299.JPG_min_x: 389.727
DSC_8299.JPG_max_y: 821.585
DSC_8299.JPG_min_y: 119.511
DSC_8439.JPG_max_x: 1187.96
DSC_8439.JPG_min_x: 220.629
DSC_8439.JPG_max_y: 1422.57
DSC_8439.JPG_min_y: 635.24
