1.067730400598809082e+00 7.301248735613312668e-01 3.620656851656526669e+02
3.601181892440725729e-01 1.464837427667417424e+00 1.412733565551694483e+03
2.276997642071237871e-04 4.872971956725584853e-04 9.999999999999998890e-01
DSC_8203.JPG_max_x: 1209.18
DSC_8203.JPG_min_x: 159.777
DSC_8203.JPG_max_y: 597.961
DSC_8203.JPG_min_y: 46.1119
DSC_8396.JPG_max_x: 1323.88
DSC_8396.JPG_min_x: 576.868
DSC_8396.JPG_max_y: 1778.72
DSC_8396.JPG_min_y: 1472.36
