1.923157300798144786e-01 -1.242894658246125883e-01 6.767888545320442972e+02
-2.305931543482508950e-01 2.499107262898077608e-01 7.965981255404650483e+02
-2.056959866211306481e-04 -1.427661900942752359e-04 1.000000000000000000e+00
DSC_8224.JPG_max_x: 947.287
DSC_8224.JPG_min_x: 27.2514
DSC_8224.JPG_max_y: 1911.01
DSC_8224.JPG_min_y: 728.61
DSC_8380.JPG_max_x: 1106.34
DSC_8380.JPG_min_x: 649.367
DSC_8380.JPG_max_y: 1928.44
DSC_8380.JPG_min_y: 1085.3
