-4.578964757358747306e+00 -1.087762652456394141e+00 4.098028097785993850e+03
-6.250129685504608457e-01 -3.351831982014116473e+00 3.302261144998204600e+03
-3.198180858293829358e-03 -1.300696988023147078e-03 1.000000000000000000e+00
DSC_8222.JPG_max_x: 1307.24
DSC_8222.JPG_min_x: 583.795
DSC_8222.JPG_max_y: 1455.84
DSC_8222.JPG_min_y: 831.896
DSC_8445.JPG_max_x: 675.661
DSC_8445.JPG_min_x: 33.7492
DSC_8445.JPG_max_y: 716.15
DSC_8445.JPG_min_y: 49.992
