5.405581041702965939e-01 -2.447563649211004777e-01 2.285592011232310199e+02
-7.862034404279689970e-02 3.337051308557316132e-01 1.176103127379483340e+03
-2.029809962901147095e-04 -2.916465249841129911e-04 1.000000000000000000e+00
DSC_8459.JPG_max_x: 762.588
DSC_8459.JPG_min_x: 414.558
DSC_8459.JPG_max_y: 680.705
DSC_8459.JPG_min_y: 17.9986
DSC_8478.JPG_max_x: 763.664
DSC_8478.JPG_min_x: 445.181
DSC_8478.JPG_max_y: 1944.47
DSC_8478.JPG_min_y: 1323.01
