2.434028028976244484e-01 2.475531782122182556e-02 3.926540958207893368e+02
-1.752991901700384214e-01 1.062823807503341156e+00 -8.341972418417632298e+02
-5.395188594920466603e-04 1.433041615332094655e-04 1.000000000000000000e+00
DSC_8216.JPG_max_x: 1149.35
DSC_8216.JPG_min_x: 637.411
DSC_8216.JPG_max_y: 1832.8
DSC_8216.JPG_min_y: 1059.44
DSC_8439.JPG_max_x: 1293.37
DSC_8439.JPG_min_x: 558.002
DSC_8439.JPG_max_y: 1348.59
DSC_8439.JPG_min_y: 149.323
