-1.785592101283955957e-01 -6.057033220808915042e-01 8.030645205396519941e+02
-2.832554608448026867e-01 -2.147660867297448428e-01 4.588096307266132499e+02
-5.569125880900233040e-04 -5.118866586172191643e-04 1.000000000000000000e+00
DSC_8211.JPG_max_x: 815.386
DSC_8211.JPG_min_x: 34.3458
DSC_8211.JPG_max_y: 1092.55
DSC_8211.JPG_min_y: 376.969
DSC_8395.JPG_max_x: 1209.4
DSC_8395.JPG_min_x: 511.116
DSC_8395.JPG_max_y: 634.066
DSC_8395.JPG_min_y: 376.107
