-1.014299660245125967e+00 2.124733830342780128e-01 8.066733189155271475e+02
-1.267799962593340268e+00 -2.350221878129588396e-02 1.165004323504806962e+03
-1.362847845854787835e-03 3.225875838208614940e-04 1.000000000000000000e+00
DSC_8262.JPG_max_x: 1324.74
DSC_8262.JPG_min_x: 811.575
DSC_8262.JPG_max_y: 1393.46
DSC_8262.JPG_min_y: 568.588
DSC_8346.JPG_max_x: 808.267
DSC_8346.JPG_min_x: 126.569
DSC_8346.JPG_max_y: 1877.03
DSC_8346.JPG_min_y: 277.775
