2.766112706890411665e+00 -1.678211382504475324e+00 1.242026258780849048e+03
1.791481360435300596e+00 -1.084956925533034910e+00 8.459405822475251853e+02
3.248622411100526939e-03 -1.570773070639546430e-03 1.000000000000000000e+00
DSC_8330.JPG_max_x: 728.4
DSC_8330.JPG_min_x: 160.661
DSC_8330.JPG_max_y: 1869.13
DSC_8330.JPG_min_y: 1218.17
DSC_8361.JPG_max_x: 1272.27
DSC_8361.JPG_min_x: 239.58
DSC_8361.JPG_max_y: 861.993
DSC_8361.JPG_min_y: 195.653
