-1.926046181168814986e+00 -6.340599336151038212e-01 1.329937986716017349e+03
-8.806796651603290282e-01 5.460551716052526594e-02 4.186750095612423479e+02
-1.781278125246222319e-03 -2.553220760481766461e-04 1.000000000000000000e+00
DSC_8209.JPG_max_x: 324.326
DSC_8209.JPG_min_x: 20.8451
DSC_8209.JPG_max_y: 1326.1
DSC_8209.JPG_min_y: 290.02
DSC_8367.JPG_max_x: 1324.35
DSC_8367.JPG_min_x: 208.652
DSC_8367.JPG_max_y: 1019.34
DSC_8367.JPG_min_y: 424.412
