3.529642596060812987e-01 -1.798436347781325328e-01 4.743304222382733997e+02
-1.598698087583020344e-01 2.624569757897682876e-01 6.750214698302499983e+02
-1.683115158076981031e-04 -2.100986167135545529e-04 9.999999999999998890e-01
DSC_8292.JPG_max_x: 1315.75
DSC_8292.JPG_min_x: 183.089
DSC_8292.JPG_max_y: 1323.75
DSC_8292.JPG_min_y: 688.366
DSC_8414.JPG_max_x: 1310.48
DSC_8414.JPG_min_x: 440.815
DSC_8414.JPG_max_y: 1493.79
DSC_8414.JPG_min_y: 1017.14
