4.244324378519714891e-01 -2.680365427707072645e-01 7.537701689208238349e+02
-1.285562906505182679e-01 -7.175945588326967939e-02 1.434113029978300801e+03
-8.815733000712738159e-05 -4.347891737282024382e-04 1.000000000000000000e+00
DSC_8321.JPG_max_x: 923.344
DSC_8321.JPG_min_x: 464.808
DSC_8321.JPG_max_y: 596.927
DSC_8321.JPG_min_y: 23.8236
DSC_8470.JPG_max_x: 1303.89
DSC_8470.JPG_min_x: 1022.34
DSC_8470.JPG_max_y: 1912.68
DSC_8470.JPG_min_y: 1448.26
