1.052523973493708382e+02 -9.093983122178276801e+01 1.128483330281882991e+04
1.680788351715993656e+01 -7.514833209271547787e+01 1.988712457588862890e+04
9.982770277031197126e-02 -6.419660661937709456e-02 1.000000000000000000e+00
DSC_8280.JPG_max_x: 204.254
DSC_8280.JPG_min_x: 56.4718
DSC_8280.JPG_max_y: 976.036
DSC_8280.JPG_min_y: 368.779
DSC_8298.JPG_max_x: 1318.37
DSC_8298.JPG_min_x: 405.187
DSC_8298.JPG_max_y: 1871.47
DSC_8298.JPG_min_y: 623.3
