6.367909438653470700e-01 -4.341878078494340598e-01 3.909762361717297949e+02
1.126440446288832914e-01 3.850099171899715733e-01 3.595202454329506168e+02
-5.660999267929386740e-05 -1.872856388114061776e-04 1.000000000000000000e+00
DSC_8293.JPG_max_x: 1286.07
DSC_8293.JPG_min_x: 83.3051
DSC_8293.JPG_max_y: 1429.54
DSC_8293.JPG_min_y: 77.7891
DSC_8431.JPG_max_x: 1193.45
DSC_8431.JPG_min_x: 142.145
DSC_8431.JPG_max_y: 1463.2
DSC_8431.JPG_min_y: 430.068
