8.907170386907919735e+00 1.341371314670223303e+00 -6.122772825787301372e+03
-2.988635120220956565e-01 5.476286577263133282e+00 -4.464840929949838028e+03
7.330422494099670533e-03 1.406218956005485373e-03 1.000000000000000000e+00
DSC_8266.JPG_max_x: 1267.37
DSC_8266.JPG_min_x: 772.548
DSC_8266.JPG_max_y: 1545.04
DSC_8266.JPG_min_y: 1048.35
DSC_8365.JPG_max_x: 568.619
DSC_8365.JPG_min_x: 283.877
DSC_8365.JPG_max_y: 324.11
DSC_8365.JPG_min_y: 97.5897
