5.108214399098755187e+00 5.772716723954698231e-02 -2.421277128711052228e+03
-1.428953832945289160e-01 5.161587187120069586e+00 -4.038902573952049352e+03
-1.385233436435091988e-04 -7.575948240643372598e-06 1.000000000000000000e+00
DSC_8200.JPG_max_x: 669.554
DSC_8200.JPG_min_x: 487.481
DSC_8200.JPG_max_y: 1042.85
DSC_8200.JPG_min_y: 849.185
DSC_8284.JPG_max_x: 1184.53
DSC_8284.JPG_min_x: 153.395
DSC_8284.JPG_max_y: 1392.89
DSC_8284.JPG_min_y: 292.295
