3.075836889074079039e+00 1.150119940876360936e+00 -9.826256919117043935e+02
7.326635552818741570e-02 3.621165611518124994e+00 -3.517995670974101813e+03
2.468973552270378258e-04 1.271236749512023216e-03 1.000000000000000000e+00
DSC_8428.JPG_max_x: 1014.5
DSC_8428.JPG_min_x: 4.60722
DSC_8428.JPG_max_y: 1613.95
DSC_8428.JPG_min_y: 973.317
DSC_8445.JPG_max_x: 1224.28
DSC_8445.JPG_min_x: 163.418
DSC_8445.JPG_max_y: 750.886
DSC_8445.JPG_min_y: 20.5391
