-1.121627998762841344e+03 5.161880156226881411e+01 7.529697304007903440e+05
-4.552152680246957743e+02 -4.644378186937785244e+02 6.842911685688506113e+05
-3.991060753123277238e-01 4.411355575958162550e-02 1.000000000000000000e+00
DSC_8400.JPG_max_x: 1251.29
DSC_8400.JPG_min_x: 760.156
DSC_8400.JPG_max_y: 1667.14
DSC_8400.JPG_min_y: 1006.92
DSC_8434.JPG_max_x: 1326.67
DSC_8434.JPG_min_x: 176.275
DSC_8434.JPG_max_y: 1671.89
DSC_8434.JPG_min_y: 504.408
