7.633236622860782861e-01 1.947233033178678505e-02 -1.961712210487796426e+02
3.225032733964994236e-01 7.066388285487775756e-01 8.957648518333228083e+01
4.130196554043816834e-04 -1.971428717279023168e-05 1.000000000000000000e+00
DSC_8224.JPG_max_x: 1277.47
DSC_8224.JPG_min_x: 250.937
DSC_8224.JPG_max_y: 1505.53
DSC_8224.JPG_min_y: 762.766
DSC_8294.JPG_max_x: 542.119
DSC_8294.JPG_min_x: 10.2972
DSC_8294.JPG_max_y: 1043.51
DSC_8294.JPG_min_y: 663.182
