1.194121054811003502e+00 -1.589643822742989043e-01 -8.083614462575437756e+02
-3.532026118944594506e-01 1.229864720786906007e+00 -4.617102825076588601e+01
-3.375698539756587626e-04 -2.193674839079079821e-04 1.000000000000000000e+00
DSC_8218.JPG_max_x: 1226.12
DSC_8218.JPG_min_x: 1077.03
DSC_8218.JPG_max_y: 953.807
DSC_8218.JPG_min_y: 749.321
DSC_8462.JPG_max_x: 1289.76
DSC_8462.JPG_min_x: 761.511
DSC_8462.JPG_max_y: 1755.25
DSC_8462.JPG_min_y: 1051.99
