4.094066965524363333e+00 3.298787597223570289e-01 -1.454591679888667386e+03
4.607280542832323800e-01 3.026319992667102721e+00 -1.553504450505329487e+03
7.718290842139425949e-04 3.002096383679358897e-04 1.000000000000000000e+00
DSC_8222.JPG_max_x: 924.102
DSC_8222.JPG_min_x: 253.072
DSC_8222.JPG_max_y: 1380.95
DSC_8222.JPG_min_y: 787.231
DSC_8256.JPG_max_x: 1314.06
DSC_8256.JPG_min_x: 35.398
DSC_8256.JPG_max_y: 1667.55
DSC_8256.JPG_min_y: 684.626
