-2.005326402046859524e+00 -1.061445138871260241e+00 2.698676073356299185e+03
-8.742687344059659749e-01 -2.164231792223570316e+00 1.121345836697274990e+03
-2.366128330288300077e-03 -9.989208675432559130e-04 1.000000000000000000e+00
DSC_8307.JPG_max_x: 1293.22
DSC_8307.JPG_min_x: 498.341
DSC_8307.JPG_max_y: 1848.81
DSC_8307.JPG_min_y: 420.4
DSC_8455.JPG_max_x: 220.993
DSC_8455.JPG_min_x: 33.3329
DSC_8455.JPG_max_y: 1637.14
DSC_8455.JPG_min_y: 369.661
