8.803209621757996928e+00 4.712295314880987629e-01 -8.869286991539971496e+03
5.319974892344568218e+00 1.016233288203871332e+01 -7.010266878295360584e+03
4.974786091259702191e-03 1.630056202333412130e-03 1.000000000000000000e+00
DSC_8290.JPG_max_x: 1326.22
DSC_8290.JPG_min_x: 1056.58
DSC_8290.JPG_max_y: 1842.88
DSC_8290.JPG_min_y: 1039.05
DSC_8452.JPG_max_x: 348.245
DSC_8452.JPG_min_x: 116.958
DSC_8452.JPG_max_y: 1783.62
DSC_8452.JPG_min_y: 1149.17
