-1.635934936254977856e+01 6.549419872366670781e+00 1.741478264547461094e+03
5.619983651194878638e-01 -2.959514143165272060e+00 2.107972385330404904e+03
-1.235025258206273388e-02 4.571342210044336031e-03 1.000000000000000000e+00
DSC_8470.JPG_max_x: 1320.69
DSC_8470.JPG_min_x: 610.667
DSC_8470.JPG_max_y: 1925.36
DSC_8470.JPG_min_y: 1215.56
DSC_8471.JPG_max_x: 1270.39
DSC_8471.JPG_min_x: 338.416
DSC_8471.JPG_max_y: 1230.73
DSC_8471.JPG_min_y: 112.361
