-2.566256525762082852e+00 -1.609057472989642579e-01 1.198457241637309608e+03
-3.072047444941417904e+00 4.011263033233829212e-02 1.080597639206179110e+03
-2.256955529801974152e-03 -1.174086611034683131e-04 1.000000000000000000e+00
DSC_8256.JPG_max_x: 458.325
DSC_8256.JPG_min_x: 29.2055
DSC_8256.JPG_max_y: 1769.2
DSC_8256.JPG_min_y: 656.966
DSC_8286.JPG_max_x: 1328.03
DSC_8286.JPG_min_x: 569.76
DSC_8286.JPG_max_y: 1685.44
DSC_8286.JPG_min_y: 703.471
