3.045381128619233824e+00 1.218381200116544827e+00 -1.805813760786012608e+03
-1.425491721785187682e+00 4.013855199826445563e+00 -5.061358037146095739e+03
-6.916548998675860335e-04 1.484026736913215830e-03 1.000000000000000000e+00
DSC_8406.JPG_max_x: 619.558
DSC_8406.JPG_min_x: 319.143
DSC_8406.JPG_max_y: 1981.1
DSC_8406.JPG_min_y: 1394.0
DSC_8407.JPG_max_x: 708.567
DSC_8407.JPG_min_x: 345.23
DSC_8407.JPG_max_y: 620.479
DSC_8407.JPG_min_y: 4.19501
