6.644188162967851197e-01 -2.664867250703096824e-01 6.848774280793642220e+02
4.264231707402727500e-01 2.142488552370149235e-01 5.941655657126841561e+02
2.899613740707053847e-04 -2.576861595581746958e-04 1.000000000000000000e+00
DSC_8332.JPG_max_x: 1257.52
DSC_8332.JPG_min_x: 112.467
DSC_8332.JPG_max_y: 1586.75
DSC_8332.JPG_min_y: 498.558
DSC_8376.JPG_max_x: 1134.67
DSC_8376.JPG_min_x: 541.774
DSC_8376.JPG_max_y: 1563.13
DSC_8376.JPG_min_y: 908.696
