1.122899769616230614e+00 1.818033799078378476e-01 -7.043098706170377454e+02
6.248609029811745819e-01 7.056566377986812633e-01 2.215536700881672232e+02
6.179562516910081134e-04 -1.527479956815126143e-04 1.000000000000000000e+00
DSC_8266.JPG_max_x: 1309.75
DSC_8266.JPG_min_x: 698.732
DSC_8266.JPG_max_y: 1925.84
DSC_8266.JPG_min_y: 751.012
DSC_8432.JPG_max_x: 644.639
DSC_8432.JPG_min_x: 137.726
DSC_8432.JPG_max_y: 1754.56
DSC_8432.JPG_min_y: 887.423
