2.100907677333174739e+00 -1.254729779742772833e-01 -4.082091279107912669e+02
3.048861605446595013e-01 1.986650696479337785e+00 -9.103132659857762974e+02
1.897602647679264140e-04 -6.909248331028455165e-06 1.000000000000000000e+00
DSC_8350.JPG_max_x: 972.94
DSC_8350.JPG_min_x: 250.793
DSC_8350.JPG_max_y: 1211.64
DSC_8350.JPG_min_y: 764.896
DSC_8448.JPG_max_x: 1302.06
DSC_8448.JPG_min_x: 8.19525
DSC_8448.JPG_max_y: 1517.74
DSC_8448.JPG_min_y: 661.641
