1.270332573962562883e-01 -1.196858046359905170e-01 5.738619167747865504e+02
-5.658379086231709459e-02 2.042479795427198652e-01 2.601769846050013371e+02
-1.745146701205911143e-04 -1.581651001155511991e-04 1.000000000000000000e+00
DSC_8305.JPG_max_x: 1197.65
DSC_8305.JPG_min_x: 377.495
DSC_8305.JPG_max_y: 1443.03
DSC_8305.JPG_min_y: 131.007
DSC_8335.JPG_max_x: 989.543
DSC_8335.JPG_min_x: 652.373
DSC_8335.JPG_max_y: 876.34
DSC_8335.JPG_min_y: 289.81
