6.421405701828156731e-01 -1.588179199888734905e+00 1.160271179996367209e+03
2.120654121662860492e-01 -8.401379430804327697e-01 7.702081875399236424e+02
9.351430609027413339e-04 -1.476297889293657056e-03 1.000000000000000000e+00
DSC_8294.JPG_max_x: 479.342
DSC_8294.JPG_min_x: 87.39
DSC_8294.JPG_max_y: 1286.02
DSC_8294.JPG_min_y: 999.294
DSC_8473.JPG_max_x: 1324.6
DSC_8473.JPG_min_x: 511.89
DSC_8473.JPG_max_y: 463.375
DSC_8473.JPG_min_y: 129.307
