-3.376228749392581552e+00 1.626327366136090635e+00 1.158101381821827999e+03
-3.608898040053411194e+00 3.188068816274199246e+00 1.079329854518736738e+03
-3.006884421732219925e-03 1.735469887484812537e-03 1.000000000000000000e+00
DSC_8197.JPG_max_x: 972.463
DSC_8197.JPG_min_x: 67.6868
DSC_8197.JPG_max_y: 993.599
DSC_8197.JPG_min_y: 50.3423
DSC_8230.JPG_max_x: 1197.97
DSC_8230.JPG_min_x: 774.992
DSC_8230.JPG_max_y: 1935.07
DSC_8230.JPG_min_y: 758.162
