1.001307021905449846e+00 -1.822127190577624636e-02 -2.080540448506400537e+02
-1.271561498925402774e-03 9.927581653037390597e-01 -1.881115749481365640e+01
3.718932546946964399e-06 -1.905628244687740505e-05 1.000000000000000000e+00
DSC_8276.JPG_max_x: 1326.99
DSC_8276.JPG_min_x: 245.237
DSC_8276.JPG_max_y: 1446.82
DSC_8276.JPG_min_y: 499.795
DSC_8296.JPG_max_x: 1106.71
DSC_8296.JPG_min_x: 24.6091
DSC_8296.JPG_max_y: 1450.47
DSC_8296.JPG_min_y: 477.541
