1.150033812786469101e+00 8.953664477856251858e-02 -4.299920353065061818e+02
-5.346237899627732243e-02 1.357893328282546053e+00 -2.854881451959763012e+02
-6.644851715839115536e-05 1.654805985104715923e-04 1.000000000000000000e+00
DSC_8292.JPG_max_x: 1327.23
DSC_8292.JPG_min_x: 408.18
DSC_8292.JPG_max_y: 1471.94
DSC_8292.JPG_min_y: 684.183
DSC_8306.JPG_max_x: 1126.5
DSC_8306.JPG_min_x: 71.6654
DSC_8306.JPG_max_y: 1457.42
DSC_8306.JPG_min_y: 579.367
