-5.407958750760963884e-01 -4.182585067967778958e-01 1.076225346524815222e+03
4.862715051469231053e-02 -8.150778533838594075e-01 1.277396673983403161e+03
5.862779134433694167e-05 -7.475023666480899677e-04 1.000000000000000000e+00
DSC_8374.JPG_max_x: 1090.19
DSC_8374.JPG_min_x: 677.438
DSC_8374.JPG_max_y: 1866.38
DSC_8374.JPG_min_y: 975.486
DSC_8387.JPG_max_x: 991.971
DSC_8387.JPG_min_x: 83.3816
DSC_8387.JPG_max_y: 1656.01
DSC_8387.JPG_min_y: 13.5671
