1.054705556524521137e+00 -4.868781752848035105e-02 -3.469452091119772490e+02
1.907644941124943608e-03 1.076844739616243718e+00 -9.697092387624547882e+02
1.453503545357856129e-04 4.714371779302275919e-05 1.000000000000000000e+00
DSC_8320.JPG_max_x: 1305.29
DSC_8320.JPG_min_x: 544.497
DSC_8320.JPG_max_y: 1373.75
DSC_8320.JPG_min_y: 1000.1
DSC_8353.JPG_max_x: 779.487
DSC_8353.JPG_min_x: 155.472
DSC_8353.JPG_max_y: 409.56
DSC_8353.JPG_min_y: 101.25
