6.258442175463840851e-01 -2.761842534280673500e-01 5.096121109041097839e+02
-1.117466979324324705e-01 5.588559394103780331e-01 3.710172631438155122e+02
-2.301068502437510785e-04 -2.355604998913032660e-04 1.000000000000000000e+00
DSC_8201.JPG_max_x: 759.517
DSC_8201.JPG_min_x: 300.083
DSC_8201.JPG_max_y: 333.931
DSC_8201.JPG_min_y: 121.799
DSC_8399.JPG_max_x: 1201.5
DSC_8399.JPG_min_x: 725.082
DSC_8399.JPG_max_y: 618.032
DSC_8399.JPG_min_y: 447.677
