7.349916240759255537e-01 4.760709739374625882e-02 3.322544768497162408e+02
2.838429265460815643e-01 6.440215189075797486e-01 4.200571874976417917e+02
2.768422577864415157e-04 4.758366863082146752e-05 9.999999999999998890e-01
DSC_8408.JPG_max_x: 1222.22
DSC_8408.JPG_min_x: 350.414
DSC_8408.JPG_max_y: 1444.57
DSC_8408.JPG_min_y: 442.245
DSC_8476.JPG_max_x: 924.399
DSC_8476.JPG_min_x: 544.175
DSC_8476.JPG_max_y: 1219.52
DSC_8476.JPG_min_y: 774.445
