-1.604905221046130981e+00 1.046589411553079385e-01 6.536930612539993035e+02
-1.981589717776092829e+00 1.869912152130085714e-01 7.012099724109987164e+02
-1.736507209431306696e-03 -1.721505221887642989e-04 1.000000000000000000e+00
DSC_8202.JPG_max_x: 646.533
DSC_8202.JPG_min_x: 50.9585
DSC_8202.JPG_max_y: 1242.21
DSC_8202.JPG_min_y: 958.791
DSC_8336.JPG_max_x: 1327.45
DSC_8336.JPG_min_x: 819.646
DSC_8336.JPG_max_y: 1295.57
DSC_8336.JPG_min_y: 965.451
