-6.091839923342302621e-01 1.412650182690757816e-01 6.104346789112763645e+02
-1.508258994694048116e+00 3.325013373474609152e-02 1.787383074018684965e+03
-9.680173985143819201e-04 1.038598927218765884e-04 1.000000000000000000e+00
DSC_8362.JPG_max_x: 1330.47
DSC_8362.JPG_min_x: 781.238
DSC_8362.JPG_max_y: 1328.74
DSC_8362.JPG_min_y: 991.475
DSC_8432.JPG_max_x: 710.563
DSC_8432.JPG_min_x: 143.093
DSC_8432.JPG_max_y: 1899.19
DSC_8432.JPG_min_y: 875.232
