8.764624246705009725e+00 -5.891400942237126070e-01 -5.741997179665577278e+03
5.926525770406277260e+00 3.871200058476718109e+00 -3.559380446304791803e+03
5.625386405463889475e-03 -8.678042249877590151e-04 9.999999999999998890e-01
DSC_8266.JPG_max_x: 1305.41
DSC_8266.JPG_min_x: 700.71
DSC_8266.JPG_max_y: 1450.53
DSC_8266.JPG_min_y: 749.15
DSC_8448.JPG_max_x: 675.016
DSC_8448.JPG_min_x: 16.4871
DSC_8448.JPG_max_y: 1447.22
DSC_8448.JPG_min_y: 817.546
