2.838797905320767367e-01 -2.095903680331002439e-01 4.434131384147605104e+02
-1.799619053435481675e-01 -1.258812396617869922e-01 1.216261545519190577e+03
-1.160891179933388199e-04 -3.238759964475458933e-04 1.000000000000000000e+00
DSC_8213.JPG_max_x: 816.957
DSC_8213.JPG_min_x: 137.011
DSC_8213.JPG_max_y: 976.161
DSC_8213.JPG_min_y: 633.306
DSC_8244.JPG_max_x: 781.723
DSC_8244.JPG_min_x: 427.556
DSC_8244.JPG_max_y: 1613.08
DSC_8244.JPG_min_y: 1427.48
