6.578436884638361182e-01 2.128613306858296306e-01 1.406636916364458898e+02
-2.562809459180703103e-02 6.616389314570200186e-01 1.929372431630896472e+02
-3.674650393082934700e-05 2.192759038214436081e-04 1.000000000000000000e+00
DSC_8211.JPG_max_x: 1279.25
DSC_8211.JPG_min_x: 22.4226
DSC_8211.JPG_max_y: 1323.56
DSC_8211.JPG_min_y: 264.1
DSC_8325.JPG_max_x: 1018.32
DSC_8325.JPG_min_x: 267.054
DSC_8325.JPG_max_y: 852.665
DSC_8325.JPG_min_y: 325.762
