-1.120975180081878353e+00 -4.591038672983623337e-01 1.232060201269621075e+03
-4.832697522329296169e-01 -5.229634710040658163e-01 6.364309417808179887e+02
-1.618949663828735857e-03 -2.653954556207913421e-04 1.000000000000000000e+00
DSC_8207.JPG_max_x: 1291.43
DSC_8207.JPG_min_x: 662.717
DSC_8207.JPG_max_y: 1443.64
DSC_8207.JPG_min_y: 880.314
DSC_8229.JPG_max_x: 598.298
DSC_8229.JPG_min_x: 275.938
DSC_8229.JPG_max_y: 923.598
DSC_8229.JPG_min_y: 367.354
