3.654011847253887169e+00 1.056219777231716339e+00 -1.830694447119176175e+03
1.033313783472633807e+00 2.474864339378712863e+00 -1.289977069860012080e+03
1.035481857183227382e-03 3.553975053369308012e-04 1.000000000000000000e+00
DSC_8380.JPG_max_x: 1060.2
DSC_8380.JPG_min_x: 214.745
DSC_8380.JPG_max_y: 1655.61
DSC_8380.JPG_min_y: 1091.75
DSC_8472.JPG_max_x: 1303.14
DSC_8472.JPG_min_x: 294.453
DSC_8472.JPG_max_y: 1502.16
DSC_8472.JPG_min_y: 996.668
