8.634255631781654339e-01 -1.703909790518558232e-02 3.678098952633406782e+01
1.688745662090204713e-01 8.373600518906869628e-01 1.940254426796516896e+01
1.923523130147629444e-04 -4.871991911372829271e-06 9.999999999999998890e-01
DSC_8230.JPG_max_x: 1246.17
DSC_8230.JPG_min_x: 343.676
DSC_8230.JPG_max_y: 1282.86
DSC_8230.JPG_min_y: 547.274
DSC_8262.JPG_max_x: 885.485
DSC_8262.JPG_min_x: 298.231
DSC_8262.JPG_max_y: 1059.66
DSC_8262.JPG_min_y: 530.409
