1.535739291038371146e+00 -1.812212833082912367e-01 3.625076318036286693e+02
3.289016411635681814e-01 1.281335906445842276e+00 -1.929214267006347541e+02
2.424934662854127444e-04 -7.222489953863621079e-05 9.999999999999998890e-01
DSC_8236.JPG_max_x: 833.859
DSC_8236.JPG_min_x: 4.26007
DSC_8236.JPG_max_y: 1241.13
DSC_8236.JPG_min_y: 651.416
DSC_8448.JPG_max_x: 1314.93
DSC_8448.JPG_min_x: 194.026
DSC_8448.JPG_max_y: 1517.74
DSC_8448.JPG_min_y: 763.706
