9.626210845765913182e-02 -4.712335768764283617e-01 1.199012231675452085e+03
-1.741689578084216761e-01 -1.967814348470759145e-01 1.020273254132613033e+03
-2.136682645880624799e-04 -3.074317745533290181e-04 1.000000000000000000e+00
DSC_8228.JPG_max_x: 610.035
DSC_8228.JPG_min_x: 57.1633
DSC_8228.JPG_max_y: 1894.6
DSC_8228.JPG_min_y: 1508.49
DSC_8324.JPG_max_x: 1323.16
DSC_8324.JPG_min_x: 780.575
DSC_8324.JPG_max_y: 1756.47
DSC_8324.JPG_min_y: 1453.64
