6.763624526186835517e-01 3.703243141726308908e-04 -1.602508175543601965e+01
1.279606993133350704e-02 6.776716723424875966e-01 2.202366221502474275e+02
-1.690632358623683638e-05 9.396209814794240933e-06 9.999999999999998890e-01
DSC_8272.JPG_max_x: 1326.72
DSC_8272.JPG_min_x: 285.71
DSC_8272.JPG_max_y: 1788.15
DSC_8272.JPG_min_y: 664.187
DSC_8292.JPG_max_x: 883.965
DSC_8292.JPG_min_x: 177.711
DSC_8292.JPG_max_y: 1410.89
DSC_8292.JPG_min_y: 684.183
