5.429785095770708336e-01 -3.054219482746023950e-01 1.133628335984681826e+03
1.539610259370063385e-02 1.153395003417495568e+00 -1.201939534362870745e+03
-7.954882781512731841e-04 2.877402980095511518e-04 1.000000000000000000e+00
DSC_8292.JPG_max_x: 592.86
DSC_8292.JPG_min_x: 25.2898
DSC_8292.JPG_max_y: 1762.71
DSC_8292.JPG_min_y: 1094.84
DSC_8321.JPG_max_x: 1172.74
DSC_8321.JPG_min_x: 452.192
DSC_8321.JPG_max_y: 593.858
DSC_8321.JPG_min_y: 23.8236
