4.341144204573577525e+00 -4.965372506186057494e-02 -1.587245927594993191e+03
6.629054778371561152e-02 4.199695707829548041e+00 -2.924115029870032231e+03
1.837105209093216126e-05 -8.156613831813909910e-05 1.000000000000000000e+00
DSC_8220.JPG_max_x: 646.922
DSC_8220.JPG_min_x: 409.728
DSC_8220.JPG_max_y: 991.145
DSC_8220.JPG_min_y: 753.534
DSC_8284.JPG_max_x: 1243.27
DSC_8284.JPG_min_x: 144.673
DSC_8284.JPG_max_y: 1392.89
DSC_8284.JPG_min_y: 291.802
