-1.759191896950657308e-01 -2.856103278699827497e-01 1.950835655561505178e+02
-8.001206011184984757e-01 -1.849029157428831338e+00 1.383906405931792051e+03
-7.657742455122408445e-04 -1.267215547236317814e-03 1.000000000000000000e+00
DSC_8213.JPG_max_x: 588.907
DSC_8213.JPG_min_x: 226.128
DSC_8213.JPG_max_y: 1292.18
DSC_8213.JPG_min_y: 621.661
DSC_8296.JPG_max_x: 1254.29
DSC_8296.JPG_min_x: 264.259
DSC_8296.JPG_max_y: 1479.61
DSC_8296.JPG_min_y: 632.726
