5.426003946041909609e-01 -1.691971752331621753e-02 6.678535409047043458e+02
-2.318035513547175852e-01 8.132613584472726531e-01 2.082265717961893188e+02
-2.648808470062175490e-04 2.246266923538556981e-05 1.000000000000000000e+00
DSC_8272.JPG_max_x: 821.959
DSC_8272.JPG_min_x: 133.534
DSC_8272.JPG_max_y: 1950.46
DSC_8272.JPG_min_y: 709.664
DSC_8286.JPG_max_x: 1328.23
DSC_8286.JPG_min_x: 705.93
DSC_8286.JPG_max_y: 1871.68
DSC_8286.JPG_min_y: 747.376
