4.258292627911811068e-01 -4.609159591172112269e-01 7.890987967102893208e+02
-6.400048513621581225e-02 1.568553208219488626e-01 9.983307988349166635e+02
-2.066674434852780744e-04 -3.466527857264066004e-04 1.000000000000000000e+00
DSC_8265.JPG_max_x: 441.096
DSC_8265.JPG_min_x: 86.3323
DSC_8265.JPG_max_y: 721.108
DSC_8265.JPG_min_y: 20.1876
DSC_8278.JPG_max_x: 999.531
DSC_8278.JPG_min_x: 686.234
DSC_8278.JPG_max_y: 1605.29
DSC_8278.JPG_min_y: 661.499
