1.560179631243715281e+00 4.724119228466968079e-01 -1.701568028168009505e+03
1.984286784456199271e-01 1.413667340724727328e+00 3.186276422614685657e+02
6.777915672858690664e-04 9.667030575279517395e-05 1.000000000000000000e+00
DSC_8291.JPG_max_x: 1312.12
DSC_8291.JPG_min_x: 719.22
DSC_8291.JPG_max_y: 1443.51
DSC_8291.JPG_min_y: 233.179
DSC_8453.JPG_max_x: 360.981
DSC_8453.JPG_min_x: 7.13355
DSC_8453.JPG_max_y: 1496.57
DSC_8453.JPG_min_y: 489.289
