7.787065076167232203e-01 5.849706778867677648e-02 -1.977243200880748759e+02
3.734071572582862292e-02 7.647419121838231471e-01 -4.478443003221680669e+02
1.437413031781169075e-04 -1.019592385758723789e-06 1.000000000000000000e+00
DSC_8254.JPG_max_x: 1307.71
DSC_8254.JPG_min_x: 426.228
DSC_8254.JPG_max_y: 1323.93
DSC_8254.JPG_min_y: 1035.72
DSC_8431.JPG_max_x: 743.501
DSC_8431.JPG_min_x: 189.352
DSC_8431.JPG_max_y: 533.355
DSC_8431.JPG_min_y: 333.595
