1.167414885406641289e+00 -2.172126907937931006e-02 -4.005818705722252275e+02
1.558888400134238739e-01 1.501861024062106642e+00 -2.820944846889321980e+02
3.956111130198114364e-05 1.250369564200780640e-04 1.000000000000000000e+00
DSC_8332.JPG_max_x: 1268.78
DSC_8332.JPG_min_x: 244.165
DSC_8332.JPG_max_y: 1489.64
DSC_8332.JPG_min_y: 482.644
DSC_8434.JPG_max_x: 877.192
DSC_8434.JPG_min_x: 128.057
DSC_8434.JPG_max_y: 1658.08
DSC_8434.JPG_min_y: 481.313
