1.902302370424735267e+00 8.671829270115547494e-01 -9.985904018197139749e+02
1.550537930066883563e+00 1.644947816569871435e+00 1.007862859772051138e+03
1.242317046383194972e-03 -4.177396419546075204e-05 1.000000000000000000e+00
DSC_8321.JPG_max_x: 1069.44
DSC_8321.JPG_min_x: 437.947
DSC_8321.JPG_max_y: 769.545
DSC_8321.JPG_min_y: 174.19
DSC_8452.JPG_max_x: 583.66
DSC_8452.JPG_min_x: 182.824
DSC_8452.JPG_max_y: 1896.06
DSC_8452.JPG_min_y: 1275.82
