2.267437429272084692e+00 2.088996284412401316e-01 -1.023138107375554227e+03
4.124156019432734799e-01 2.118832980324068860e+00 -2.353124385218195584e+02
3.927665608462046695e-04 2.256912349765151653e-04 9.999999999999998890e-01
DSC_8329.JPG_max_x: 1078.21
DSC_8329.JPG_min_x: 445.585
DSC_8329.JPG_max_y: 1108.8
DSC_8329.JPG_min_y: 7.21041
DSC_8407.JPG_max_x: 1023.9
DSC_8407.JPG_min_x: 139.816
DSC_8407.JPG_max_y: 1609.54
DSC_8407.JPG_min_y: 59.7871
