1.804637411983828210e+00 4.143692846283377751e-01 -8.907075405853692018e+02
-2.615230127285771422e-01 2.026493238756735593e+00 -2.099168202652887885e+03
-1.333883913705972979e-04 5.605806150986928759e-04 1.000000000000000000e+00
DSC_8476.JPG_max_x: 1016.63
DSC_8476.JPG_min_x: 119.631
DSC_8476.JPG_max_y: 1917.86
DSC_8476.JPG_min_y: 1082.72
DSC_8477.JPG_max_x: 912.096
DSC_8477.JPG_min_x: 5.75293
DSC_8477.JPG_max_y: 833.863
DSC_8477.JPG_min_y: 8.02349
