-3.747083066440572985e+00 -9.997510449635327312e-01 3.336684849122628748e+03
-9.371578428527259363e-02 -3.449735686184851158e+00 4.530485307214405111e+03
-8.645197508435359000e-04 -1.350551277629958918e-03 1.000000000000000000e+00
DSC_8376.JPG_max_x: 1162.37
DSC_8376.JPG_min_x: 514.86
DSC_8376.JPG_max_y: 1863.71
DSC_8376.JPG_min_y: 1412.1
DSC_8419.JPG_max_x: 1253.41
DSC_8419.JPG_min_x: 116.326
DSC_8419.JPG_max_y: 994.998
DSC_8419.JPG_min_y: 285.393
