-9.052942514915441885e-01 -1.083897246539518688e+00 1.277365996186634902e+03
-1.463897810110615261e+00 -4.805678280449732220e-01 1.151397079504017711e+03
-1.096074598244907656e-03 -7.521335900373427594e-04 1.000000000000000000e+00
DSC_8397.JPG_max_x: 881.423
DSC_8397.JPG_min_x: 10.4393
DSC_8397.JPG_max_y: 664.375
DSC_8397.JPG_min_y: 239.468
DSC_8398.JPG_max_x: 1326.5
DSC_8398.JPG_min_x: 519.094
DSC_8398.JPG_max_y: 1563.6
DSC_8398.JPG_min_y: 980.5
