-4.455254714453842912e-01 -3.260620095739140467e+00 1.130511659457290079e+03
-7.010144275310802309e-01 -3.943418255527668670e+00 1.443124936412188617e+03
-2.234438151763321252e-04 -3.226714105506379125e-03 1.000000000000000000e+00
DSC_8279.JPG_max_x: 890.044
DSC_8279.JPG_min_x: 259.174
DSC_8279.JPG_max_y: 596.506
DSC_8279.JPG_min_y: 192.829
DSC_8313.JPG_max_x: 1222.41
DSC_8313.JPG_min_x: 659.62
DSC_8313.JPG_max_y: 1224.9
DSC_8313.JPG_min_y: 297.885
