4.939560855738990286e-01 2.441815305346334009e-01 -1.010990330244165989e+02
-1.072706614128014907e-01 5.483851331118001493e-01 4.230915379783247658e+02
-1.476428441662536235e-05 7.056972196879085740e-05 1.000000000000000000e+00
DSC_8271.JPG_max_x: 1279.34
DSC_8271.JPG_min_x: 308.358
DSC_8271.JPG_max_y: 828.255
DSC_8271.JPG_min_y: 38.5152
DSC_8453.JPG_max_x: 682.325
DSC_8453.JPG_min_x: 196.156
DSC_8453.JPG_max_y: 763.956
DSC_8453.JPG_min_y: 354.94
