7.068857552545059209e-01 1.614020658730189739e-01 -3.199308705537144988e+02
-7.177063580677030263e-02 2.867983494929430277e-01 5.713925801391130790e+02
7.314791093622304542e-06 -4.612009744793365684e-04 1.000000000000000000e+00
DSC_8248.JPG_max_x: 852.528
DSC_8248.JPG_min_x: 240.891
DSC_8248.JPG_max_y: 1015.57
DSC_8248.JPG_min_y: 650.92
DSC_8400.JPG_max_x: 806.375
DSC_8400.JPG_min_x: 12.7019
DSC_8400.JPG_max_y: 1579.52
DSC_8400.JPG_min_y: 997.164
