1.778594759730130759e-01 -1.984363404331640837e-02 7.938373654795442462e+02
-4.259395816683560904e-02 2.704616921714008693e-01 7.367445057252068636e+02
-6.059369031927237434e-05 1.319433208562318189e-05 1.000000000000000000e+00
DSC_8284.JPG_max_x: 1279.75
DSC_8284.JPG_min_x: 134.448
DSC_8284.JPG_max_y: 1445.48
DSC_8284.JPG_min_y: 290.284
DSC_8432.JPG_max_x: 1089.15
DSC_8432.JPG_min_x: 642.15
DSC_8432.JPG_max_y: 1212.05
DSC_8432.JPG_min_y: 822.06
