1.279264048446774105e+00 -1.293342899693236204e-03 -1.643403978872611333e+02
5.752402160191465441e-01 1.227434543468181039e+00 -2.122614432035257437e+02
6.159994340539828557e-04 5.549180139446292396e-05 1.000000000000000000e+00
DSC_8224.JPG_max_x: 1272.13
DSC_8224.JPG_min_x: 159.949
DSC_8224.JPG_max_y: 1502.31
DSC_8224.JPG_min_y: 733.903
DSC_8258.JPG_max_x: 791.931
DSC_8258.JPG_min_x: 40.7926
DSC_8258.JPG_max_y: 1269.5
DSC_8258.JPG_min_y: 685.835
