6.550794243668954797e-01 6.015052519646524321e-02 2.627048898429757742e+02
-7.586397529555142238e-01 1.473607183922921449e+00 -8.487055324617510621e+01
-9.413110575577376699e-04 5.102530843481704924e-04 9.999999999999998890e-01
DSC_8274.JPG_max_x: 777.765
DSC_8274.JPG_min_x: 11.504
DSC_8274.JPG_max_y: 1414.89
DSC_8274.JPG_min_y: 601.787
DSC_8322.JPG_max_x: 865.237
DSC_8322.JPG_min_x: 210.917
DSC_8322.JPG_max_y: 1389.07
DSC_8322.JPG_min_y: 597.064
