-6.132383642888843411e-01 -6.894198394720179035e-01 1.078986985595371152e+03
-1.164098895389417132e-01 -5.820801443333595282e-01 8.182828453178281052e+02
-3.521601925850632560e-04 -8.446132629307526087e-04 1.000000000000000000e+00
DSC_8242.JPG_max_x: 1271.96
DSC_8242.JPG_min_x: 360.557
DSC_8242.JPG_max_y: 1716.3
DSC_8242.JPG_min_y: 1181.8
DSC_8275.JPG_max_x: 1130.84
DSC_8275.JPG_min_x: 508.57
DSC_8275.JPG_max_y: 387.275
DSC_8275.JPG_min_y: 62.4042
