3.777835654432587509e-01 -3.761595084538317708e-03 8.725547899191329861e+02
5.716333677085527060e-02 3.909155025330408040e-01 6.341014748425936887e+02
2.996822403090736603e-05 1.817887917571778004e-05 1.000000000000000000e+00
DSC_8284.JPG_max_x: 1297.87
DSC_8284.JPG_min_x: 144.847
DSC_8284.JPG_max_y: 1497.3
DSC_8284.JPG_min_y: 292.295
DSC_8448.JPG_max_x: 1297.85
DSC_8448.JPG_min_x: 895.451
DSC_8448.JPG_max_y: 1215.13
DSC_8448.JPG_min_y: 765.692
