9.398186055601025213e-02 -2.150273711046310765e-01 1.033836652069566640e+02
2.008919233279356398e+00 -3.140217144980126829e+00 1.001407170172469932e+03
2.231932284806336774e-03 -3.359891021662497149e-03 1.000000000000000000e+00
DSC_8322.JPG_max_x: 1239.58
DSC_8322.JPG_min_x: 382.906
DSC_8322.JPG_max_y: 1141.06
DSC_8322.JPG_min_y: 618.935
DSC_8354.JPG_max_x: 375.188
DSC_8354.JPG_min_x: 8.36486
DSC_8354.JPG_max_y: 1313.99
DSC_8354.JPG_min_y: 801.159
