3.394089810742638935e+00 1.209033444663011769e+00 3.864222101427049552e+02
6.334399904915587465e-01 4.439471457868465087e+00 -5.032584155104967977e+03
-6.681625671481140937e-04 2.246985558837625869e-03 1.000000000000000000e+00
DSC_8292.JPG_max_x: 674.97
DSC_8292.JPG_min_x: 163.963
DSC_8292.JPG_max_y: 1949.72
DSC_8292.JPG_min_y: 1149.75
DSC_8467.JPG_max_x: 1205.86
DSC_8467.JPG_min_x: 619.98
DSC_8467.JPG_max_y: 774.441
DSC_8467.JPG_min_y: 72.8216
