1.810390112942389829e+00 -7.558194829856418329e-02 -6.366839758302442078e+02
3.561955957303651887e-01 1.669708442295144479e+00 -6.596159507604941155e+02
2.715098198237186965e-04 1.784732486465286142e-06 1.000000000000000000e+00
DSC_8334.JPG_max_x: 1312.9
DSC_8334.JPG_min_x: 397.41
DSC_8334.JPG_max_y: 1611.22
DSC_8334.JPG_min_y: 743.379
DSC_8448.JPG_max_x: 1235.74
DSC_8448.JPG_min_x: 15.3389
DSC_8448.JPG_max_y: 1906.68
DSC_8448.JPG_min_y: 698.859
