2.863731977097501713e-01 -1.176199318338221889e-01 9.041420206530528958e+02
-4.286345140416806254e-01 6.624981084652351582e-01 4.138719070955268649e+02
-4.256384932427332711e-04 -2.613325025524944423e-05 1.000000000000000000e+00
DSC_8260.JPG_max_x: 626.114
DSC_8260.JPG_min_x: 15.9092
DSC_8260.JPG_max_y: 1385.28
DSC_8260.JPG_min_y: 494.934
DSC_8454.JPG_max_x: 1330.15
DSC_8454.JPG_min_x: 723.234
DSC_8454.JPG_max_y: 1518.35
DSC_8454.JPG_min_y: 709.128
