-6.110541199348422658e-01 -1.948861634279371383e-02 6.169638962709607313e+02
-1.902227185385168662e+00 -1.012740667049673859e-01 1.740197611200360598e+03
-1.459550466379942691e-03 1.923288090049329966e-04 1.000000000000000000e+00
DSC_8352.JPG_max_x: 1323.65
DSC_8352.JPG_min_x: 667.226
DSC_8352.JPG_max_y: 1744.1
DSC_8352.JPG_min_y: 814.869
DSC_8428.JPG_max_x: 449.782
DSC_8428.JPG_min_x: 10.9735
DSC_8428.JPG_max_y: 1725.03
DSC_8428.JPG_min_y: 939.975
