1.501089741650067991e-02 1.639638699009448863e-01 5.821983485672034249e+02
-5.795657632799473546e-01 7.875593964452840545e-01 5.310894678509915821e+02
-4.605117686959127863e-04 1.753290817768234598e-04 1.000000000000000000e+00
DSC_8404.JPG_max_x: 1237.35
DSC_8404.JPG_min_x: 356.768
DSC_8404.JPG_max_y: 1673.59
DSC_8404.JPG_min_y: 716.117
DSC_8438.JPG_max_x: 1327.0
DSC_8438.JPG_min_x: 759.526
DSC_8438.JPG_max_y: 1548.37
DSC_8438.JPG_min_y: 816.274
