-5.111554679243075494e-01 -1.438811437115662173e+00 3.373584004533055349e+02
-2.011113549005537848e+00 -6.079858195272167087e+00 1.445545067448337477e+03
-1.416257728415017516e-03 -4.170281455744226720e-03 1.000000000000000000e+00
DSC_8295.JPG_max_x: 814.854
DSC_8295.JPG_min_x: 162.317
DSC_8295.JPG_max_y: 331.038
DSC_8295.JPG_min_y: 20.0299
DSC_8474.JPG_max_x: 1056.17
DSC_8474.JPG_min_x: 22.6798
DSC_8474.JPG_max_y: 1541.94
DSC_8474.JPG_min_y: 1297.0
