7.298835283065466806e-01 6.309900104909339780e-02 1.632864767441619449e+02
1.071346393173143972e-02 7.935698823116017486e-01 -2.138282735945122581e-01
-5.876543002429676085e-05 4.845501660004637284e-05 1.000000000000000000e+00
DSC_8309.JPG_max_x: 1314.34
DSC_8309.JPG_min_x: 47.4587
DSC_8309.JPG_max_y: 926.394
DSC_8309.JPG_min_y: 11.5187
DSC_8455.JPG_max_x: 1214.29
DSC_8455.JPG_min_x: 223.335
DSC_8455.JPG_max_y: 787.703
DSC_8455.JPG_min_y: 24.3201
