4.929615132943912514e-01 -5.398027551039061289e-02 2.792381305532547913e+02
1.738804135273031848e-01 3.076044143496151628e-01 8.247284878495058820e+02
1.486471802202428514e-04 -8.504710847669346243e-05 1.000000000000000000e+00
DSC_8318.JPG_max_x: 1286.05
DSC_8318.JPG_min_x: 175.166
DSC_8318.JPG_max_y: 1986.3
DSC_8318.JPG_min_y: 472.424
DSC_8364.JPG_max_x: 772.464
DSC_8364.JPG_min_x: 333.467
DSC_8364.JPG_max_y: 1635.07
DSC_8364.JPG_min_y: 1027.96
