-1.618800948684498420e-01 1.047221129913585430e-01 6.149675556587154688e+02
-6.130639138577783642e-01 1.123713318145881157e+00 4.353551290087419261e+02
-1.109710178540310004e-03 1.035451550863921485e-03 1.000000000000000000e+00
DSC_8275.JPG_max_x: 939.802
DSC_8275.JPG_min_x: 278.489
DSC_8275.JPG_max_y: 630.691
DSC_8275.JPG_min_y: 179.966
DSC_8445.JPG_max_x: 1157.3
DSC_8445.JPG_min_x: 475.916
DSC_8445.JPG_max_y: 937.998
DSC_8445.JPG_min_y: 529.251
