1.149087588803846982e+00 5.776325969483728784e-01 -1.467359748514928697e+03
-1.284158320907572426e-01 1.131591828411599110e+00 2.915877279297712334e+02
6.704041690831999021e-04 -9.370334392227814212e-05 1.000000000000000000e+00
DSC_8465.JPG_max_x: 1292.38
DSC_8465.JPG_min_x: 662.333
DSC_8465.JPG_max_y: 1697.81
DSC_8465.JPG_min_y: 88.7548
DSC_8471.JPG_max_x: 570.826
DSC_8471.JPG_min_x: 15.9126
DSC_8471.JPG_max_y: 1297.19
DSC_8471.JPG_min_y: 99.0651
