1.537520458265778656e+00 2.182602948571102375e-02 -8.549652053490200387e+02
-4.718249856274704945e-01 1.263176001396588699e+00 -2.885282067241054165e+02
-5.932605325468314709e-04 9.608655790328365811e-05 1.000000000000000000e+00
DSC_8198.JPG_max_x: 671.29
DSC_8198.JPG_min_x: 576.84
DSC_8198.JPG_max_y: 1021.86
DSC_8198.JPG_min_y: 654.487
DSC_8280.JPG_max_x: 285.747
DSC_8280.JPG_min_x: 71.5943
DSC_8280.JPG_max_y: 981.363
DSC_8280.JPG_min_y: 365.54
