1.599283690592983254e+00 8.105568299821204192e-01 -1.879320110053070948e+03
-2.965280859085282494e-01 1.664305305694574466e+00 1.168896363637843905e+02
4.723876050336673206e-04 1.746590984050618728e-04 1.000000000000000000e+00
DSC_8359.JPG_max_x: 1195.19
DSC_8359.JPG_min_x: 704.951
DSC_8359.JPG_max_y: 1766.34
DSC_8359.JPG_min_y: 290.651
DSC_8375.JPG_max_x: 764.968
DSC_8375.JPG_min_x: 70.151
DSC_8375.JPG_max_y: 1642.76
DSC_8375.JPG_min_y: 170.665
