-5.594972550759038654e-01 -2.440298108536715638e-01 8.234714298004876127e+02
-4.821333242132625485e-01 -6.928637416615657241e-01 7.072841165931874912e+02
-1.054358906625388944e-03 -3.143361151783507644e-04 1.000000000000000000e+00
DSC_8335.JPG_max_x: 1321.49
DSC_8335.JPG_min_x: 473.654
DSC_8335.JPG_max_y: 968.234
DSC_8335.JPG_min_y: 304.893
DSC_8337.JPG_max_x: 1189.85
DSC_8337.JPG_min_x: 9.35026
DSC_8337.JPG_max_y: 961.489
DSC_8337.JPG_min_y: 625.394
