2.175543167839834258e+00 -3.040636275518967535e-01 1.460963805197562806e+02
1.372553892603313452e-01 1.696296219434223707e+00 3.977989179920325569e+02
7.772726856649365252e-05 2.600222225796633034e-04 1.000000000000000000e+00
DSC_8265.JPG_max_x: 470.974
DSC_8265.JPG_min_x: 6.58745
DSC_8265.JPG_max_y: 675.749
DSC_8265.JPG_min_y: 32.8221
DSC_8421.JPG_max_x: 880.87
DSC_8421.JPG_min_x: 65.1624
DSC_8421.JPG_max_y: 1324.68
DSC_8421.JPG_min_y: 461.992
