5.744178591866513361e-01 -6.566668888255603465e-01 1.466910103522146528e+03
2.469588372965784706e-01 1.311100338718197200e+00 -2.232352622091147509e+02
-4.280631930430009750e-04 2.679766053138186652e-04 1.000000000000000000e+00
DSC_8219.JPG_max_x: 551.581
DSC_8219.JPG_min_x: 149.115
DSC_8219.JPG_max_y: 1097.73
DSC_8219.JPG_min_y: 804.26
DSC_8233.JPG_max_x: 1217.42
DSC_8233.JPG_min_x: 758.99
DSC_8233.JPG_max_y: 1157.0
DSC_8233.JPG_min_y: 795.326
