2.473965035589257955e+00 1.103303406340915727e+00 -3.298001274795757581e+03
7.302789159473849212e-02 2.545048409295236347e+00 -7.443384358544496138e+01
1.141102745669994025e-03 2.321576700963170375e-04 1.000000000000000000e+00
DSC_8309.JPG_max_x: 1325.22
DSC_8309.JPG_min_x: 1084.37
DSC_8309.JPG_max_y: 926.394
DSC_8309.JPG_min_y: 309.597
DSC_8311.JPG_max_x: 291.706
DSC_8311.JPG_min_x: 16.2382
DSC_8311.JPG_max_y: 954.601
DSC_8311.JPG_min_y: 311.215
