6.974418264104859100e-01 1.099534413032380864e-01 -6.764117473781146828e+02
-9.386888026629117143e-02 5.336599097690147842e-01 3.325692195129597053e+02
5.596549696317354504e-05 -2.272250370015700010e-04 1.000000000000000000e+00
DSC_8427.JPG_max_x: 1265.12
DSC_8427.JPG_min_x: 874.521
DSC_8427.JPG_max_y: 988.826
DSC_8427.JPG_min_y: 10.2701
DSC_8441.JPG_max_x: 261.655
DSC_8441.JPG_min_x: 32.9033
DSC_8441.JPG_max_y: 943.881
DSC_8441.JPG_min_y: 215.986
