9.795800473072122649e-01 -2.523202383023178674e-01 5.751584067411337173e+02
1.131128717132259542e-01 1.163478560469582757e+00 -3.784398988962694830e+02
-1.427425162410172023e-04 7.357792612701076441e-05 1.000000000000000000e+00
DSC_8453.JPG_max_x: 752.428
DSC_8453.JPG_min_x: 20.6985
DSC_8453.JPG_max_y: 1601.38
DSC_8453.JPG_min_y: 343.812
DSC_8467.JPG_max_x: 1263.79
DSC_8467.JPG_min_x: 164.693
DSC_8467.JPG_max_y: 1341.18
DSC_8467.JPG_min_y: 22.9842
