4.728895111808420815e+00 1.430667686219152301e+00 -3.064977432109074016e+03
-2.404275268097509632e-01 5.529331733752058220e+00 -6.832694105495691474e+03
-1.250683230487561646e-04 1.736023812170770474e-03 1.000000000000000000e+00
DSC_8200.JPG_max_x: 917.365
DSC_8200.JPG_min_x: 272.015
DSC_8200.JPG_max_y: 1649.86
DSC_8200.JPG_min_y: 1327.81
DSC_8221.JPG_max_x: 988.722
DSC_8221.JPG_min_x: 95.6319
DSC_8221.JPG_max_y: 579.541
DSC_8221.JPG_min_y: 109.212
