1.052789480862597493e+00 -1.691809110348596601e-01 -2.248906462127036434e+02
1.414867033150394027e-01 6.945876350861562853e-01 -4.548825527743856583e+02
2.487904068102761478e-04 -1.504948039524377299e-04 1.000000000000000000e+00
DSC_8324.JPG_max_x: 1323.16
DSC_8324.JPG_min_x: 523.418
DSC_8324.JPG_max_y: 1723.43
DSC_8324.JPG_min_y: 1218.63
DSC_8427.JPG_max_x: 799.526
DSC_8427.JPG_min_x: 113.771
DSC_8427.JPG_max_y: 913.896
DSC_8427.JPG_min_y: 490.315
