6.315238658172874775e-01 -7.377186085209481714e-01 9.692212601139854087e+02
3.036868393717280235e-01 -5.537468729861481087e-01 8.497098548079861757e+02
3.096423383059741644e-04 -7.294707312010429313e-04 9.999999999999998890e-01
DSC_8290.JPG_max_x: 650.021
DSC_8290.JPG_min_x: 22.2439
DSC_8290.JPG_max_y: 1979.46
DSC_8290.JPG_min_y: 260.948
DSC_8448.JPG_max_x: 1318.32
DSC_8448.JPG_min_x: 67.9741
DSC_8448.JPG_max_y: 1215.13
DSC_8448.JPG_min_y: 795.309
