6.866654585954821144e-01 -2.916926064165050181e-01 6.585530107969121900e+02
4.554402429702465033e-02 6.830188275319651892e-01 4.040671195698408837e+02
-1.016801029044722584e-04 -1.777798400146505099e-04 9.999999999999998890e-01
DSC_8276.JPG_max_x: 560.948
DSC_8276.JPG_min_x: 20.1415
DSC_8276.JPG_max_y: 1286.5
DSC_8276.JPG_min_y: 590.319
DSC_8442.JPG_max_x: 947.052
DSC_8442.JPG_min_x: 375.046
DSC_8442.JPG_max_y: 1840.51
DSC_8442.JPG_min_y: 908.908
