3.744193510208564390e-01 2.580433842963097413e-01 9.718303920536317264e+02
-1.044810617246774154e+00 2.425379763493214824e+00 -1.273373723428853737e+03
-1.245170690043794761e-03 3.084986512214804273e-04 1.000000000000000000e+00
DSC_8200.JPG_max_x: 235.516
DSC_8200.JPG_min_x: 85.7765
DSC_8200.JPG_max_y: 1212.44
DSC_8200.JPG_min_y: 862.856
DSC_8250.JPG_max_x: 1290.31
DSC_8250.JPG_min_x: 1055.18
DSC_8250.JPG_max_y: 1295.74
DSC_8250.JPG_min_y: 628.49
