1.678146036143773001e+00 8.106838111743652764e-02 -4.663651501028615343e+01
-3.215626321435244381e-03 1.588025539836011468e+00 -1.974616885064587848e+02
-4.904058315154157991e-05 1.762796088812492096e-04 1.000000000000000000e+00
DSC_8329.JPG_max_x: 917.313
DSC_8329.JPG_min_x: 160.16
DSC_8329.JPG_max_y: 1495.39
DSC_8329.JPG_min_y: 145.861
DSC_8345.JPG_max_x: 1324.51
DSC_8345.JPG_min_x: 245.109
DSC_8345.JPG_max_y: 1787.84
DSC_8345.JPG_min_y: 36.9976
