-3.128791088980396040e+00 -1.156243208604932349e+00 1.172804071039793598e+03
-5.211486924256605313e-01 -1.150611774295152268e+00 1.328023253747036279e+03
-2.109691609866287156e-03 -1.034083091896681114e-03 1.000000000000000000e+00
DSC_8216.JPG_max_x: 1157.91
DSC_8216.JPG_min_x: 39.5146
DSC_8216.JPG_max_y: 1287.75
DSC_8216.JPG_min_y: 858.219
DSC_8345.JPG_max_x: 1320.08
DSC_8345.JPG_min_x: 1036.45
DSC_8345.JPG_max_y: 400.643
DSC_8345.JPG_min_y: 36.9976
