1.190847986671824899e+00 5.226768690805017048e-04 5.070084638286647873e+02
4.735162104030594676e-01 1.749075143774867724e+00 -1.816160325905130094e+03
5.645089118114051036e-05 1.229714961542498859e-04 1.000000000000000000e+00
DSC_8232.JPG_max_x: 949.799
DSC_8232.JPG_min_x: 160.718
DSC_8232.JPG_max_y: 1831.68
DSC_8232.JPG_min_y: 1150.19
DSC_8439.JPG_max_x: 1166.14
DSC_8439.JPG_min_x: 596.563
DSC_8439.JPG_max_y: 1352.37
DSC_8439.JPG_min_y: 320.319
