5.941818769468705241e-01 -1.952279162359087106e-01 9.983931371094672613e+01
6.009067785502643366e-02 2.244505605858189978e-01 1.723386959232744175e+03
1.683008755357920036e-05 -2.077685684368643312e-04 1.000000000000000000e+00
DSC_8205.JPG_max_x: 1035.23
DSC_8205.JPG_min_x: 97.1877
DSC_8205.JPG_max_y: 382.083
DSC_8205.JPG_min_y: 72.4086
DSC_8382.JPG_max_x: 699.595
DSC_8382.JPG_min_x: 114.013
DSC_8382.JPG_max_y: 1979.82
DSC_8382.JPG_min_y: 1781.39
