-1.686030475669199946e+00 -6.952444993784667737e-01 1.084018232206602306e+03
-2.258902074171656782e+00 -7.773490262776235893e-01 1.382192999027367932e+03
-1.607389716164489557e-03 -6.164627003755032740e-04 1.000000000000000000e+00
DSC_8275.JPG_max_x: 629.535
DSC_8275.JPG_min_x: 108.643
DSC_8275.JPG_max_y: 558.819
DSC_8275.JPG_min_y: 166.82
DSC_8472.JPG_max_x: 1325.6
DSC_8472.JPG_min_x: 989.695
DSC_8472.JPG_max_y: 1545.8
DSC_8472.JPG_min_y: 1340.12
