3.187957241101309624e-01 -1.142952298425246704e+00 1.231310562692541907e+03
2.335710022763977933e-01 -5.793573470330235509e-01 7.001269839194501401e+02
4.984936006820581838e-05 -7.944646664153529568e-04 9.999999999999998890e-01
DSC_8217.JPG_max_x: 666.295
DSC_8217.JPG_min_x: 39.0509
DSC_8217.JPG_max_y: 969.915
DSC_8217.JPG_min_y: 784.737
DSC_8231.JPG_max_x: 1323.11
DSC_8231.JPG_min_x: 789.469
DSC_8231.JPG_max_y: 1070.42
DSC_8231.JPG_min_y: 644.312
