-8.821046770595977193e-01 -3.162517484181613936e-01 1.058921330406386005e+03
-1.158704315732546952e+00 3.433629935941656108e-01 4.670212283275453160e+02
-1.178489645705904773e-03 -2.413625220509028164e-04 1.000000000000000000e+00
DSC_8218.JPG_max_x: 1100.97
DSC_8218.JPG_min_x: 7.56417
DSC_8218.JPG_max_y: 1609.36
DSC_8218.JPG_min_y: 530.309
DSC_8232.JPG_max_x: 1322.11
DSC_8232.JPG_min_x: 483.584
DSC_8232.JPG_max_y: 1721.72
DSC_8232.JPG_min_y: 573.432
