1.072193335763938160e+00 -3.763594902871312264e-01 1.741060554338686643e+03
-1.059448030331501950e-01 2.135116760226805077e+00 -1.929382152816798907e+03
-8.128735717342094359e-04 6.287438633780087016e-04 1.000000000000000000e+00
DSC_8308.JPG_max_x: 560.625
DSC_8308.JPG_min_x: 45.3023
DSC_8308.JPG_max_y: 1823.58
DSC_8308.JPG_min_y: 1193.67
DSC_8323.JPG_max_x: 1331.12
DSC_8323.JPG_min_x: 702.416
DSC_8323.JPG_max_y: 1018.34
DSC_8323.JPG_min_y: 415.995
