-1.171582230626759813e+00 7.483718150119864077e-02 2.747759658412494446e+02
-2.626610442751985630e+00 -2.497632399250406532e-01 1.473222021662741554e+03
-1.716096517661005495e-03 -4.371844074286519808e-04 1.000000000000000000e+00
DSC_8199.JPG_max_x: 894.904
DSC_8199.JPG_min_x: 149.524
DSC_8199.JPG_max_y: 1007.64
DSC_8199.JPG_min_y: 171.387
DSC_8332.JPG_max_x: 1304.24
DSC_8332.JPG_min_x: 66.3442
DSC_8332.JPG_max_y: 1927.26
DSC_8332.JPG_min_y: 862.134
