9.323464101323607478e-01 5.790455311562647811e-02 1.413574162719503313e+01
5.399741856359673714e-03 9.642989299836819406e-01 2.182563009711917630e+02
7.946345127584266763e-06 6.187523014436939548e-05 1.000000000000000000e+00
DSC_8354.JPG_max_x: 1272.05
DSC_8354.JPG_min_x: 8.4345
DSC_8354.JPG_max_y: 1900.35
DSC_8354.JPG_min_y: 405.969
DSC_8394.JPG_max_x: 1175.96
DSC_8394.JPG_min_x: 82.8257
DSC_8394.JPG_max_y: 1815.88
DSC_8394.JPG_min_y: 604.323
