5.538481471278517976e-01 1.047376345237820972e-01 1.156862928936849642e+02
-1.009044185923668215e-02 6.792361080594063738e-01 2.449412513484306828e+02
-1.432686057338683082e-04 3.543170130367455004e-04 1.000000000000000000e+00
DSC_8273.JPG_max_x: 1064.26
DSC_8273.JPG_min_x: 130.912
DSC_8273.JPG_max_y: 1444.79
DSC_8273.JPG_min_y: 27.4556
DSC_8453.JPG_max_x: 659.197
DSC_8453.JPG_min_x: 196.156
DSC_8453.JPG_max_y: 850.064
DSC_8453.JPG_min_y: 282.3
