8.739364819579558130e-01 -1.377364915449176830e-01 -4.192733747602632093e+02
9.558009583556298025e-03 6.054888789040078212e-01 4.351861763273449242e+02
-5.371970827208083526e-05 -5.326617189257531592e-05 1.000000000000000000e+00
DSC_8242.JPG_max_x: 1273.18
DSC_8242.JPG_min_x: 806.366
DSC_8242.JPG_max_y: 1757.69
DSC_8242.JPG_min_y: 585.075
DSC_8442.JPG_max_x: 599.471
DSC_8442.JPG_min_x: 70.8783
DSC_8442.JPG_max_y: 1712.45
DSC_8442.JPG_min_y: 867.174
