4.669768782381903405e-01 -6.515973926972633279e-02 6.926426966461680195e+02
-2.172144176555451112e-01 7.404391699985160002e-01 3.841203979585377510e+02
-2.513122023052636960e-04 7.839414152917095646e-06 1.000000000000000000e+00
DSC_8260.JPG_max_x: 792.302
DSC_8260.JPG_min_x: 47.6864
DSC_8260.JPG_max_y: 1401.31
DSC_8260.JPG_min_y: 520.053
DSC_8474.JPG_max_x: 1254.37
DSC_8474.JPG_min_x: 583.17
DSC_8474.JPG_max_y: 1525.63
DSC_8474.JPG_min_y: 744.35
