1.668071647649290981e+02 -7.990529298734818653e+00 -3.179911637149174567e+04
-4.738950665043582866e+00 2.128892017882832306e+02 -2.151950893893101602e+05
6.079102387833892895e-03 1.126129051431173644e-01 9.999999999999998890e-01
DSC_8244.JPG_max_x: 1237.26
DSC_8244.JPG_min_x: 339.322
DSC_8244.JPG_max_y: 1613.08
DSC_8244.JPG_min_y: 1067.74
DSC_8311.JPG_max_x: 1017.92
DSC_8311.JPG_min_x: 86.1021
DSC_8311.JPG_max_y: 684.834
DSC_8311.JPG_min_y: 77.6392
