9.042542348373476813e-01 -1.227397540406800075e-02 2.790815919078293632e+02
-3.168758376665248289e-02 8.461843285542118842e-01 7.519220774614714742e+01
4.985986477909297156e-05 -9.238675011576389868e-07 1.000000000000000000e+00
DSC_8441.JPG_max_x: 1255.81
DSC_8441.JPG_min_x: 452.987
DSC_8441.JPG_max_y: 1619.78
DSC_8441.JPG_min_y: 30.1776
DSC_8457.JPG_max_x: 1324.23
DSC_8457.JPG_min_x: 663.886
DSC_8457.JPG_max_y: 1332.29
DSC_8457.JPG_min_y: 58.6416
