3.210256406292730791e-01 -2.852516117350341052e-01 1.690082439679576964e+02
-1.599022599129118760e-01 -7.420936805504278755e-02 1.038723092717569443e+03
-1.345600465502487487e-04 -2.533160986158375675e-04 1.000000000000000000e+00
DSC_8320.JPG_max_x: 1315.06
DSC_8320.JPG_min_x: 551.499
DSC_8320.JPG_max_y: 1432.41
DSC_8320.JPG_min_y: 974.505
DSC_8380.JPG_max_x: 486.591
DSC_8380.JPG_min_x: 40.4146
DSC_8380.JPG_max_y: 1540.89
DSC_8380.JPG_min_y: 1288.51
