4.882503505346698525e+00 -2.105540546660256696e-01 -3.306668630899658183e+03
2.522178756025565516e+00 2.920985734823883018e+00 -2.183506264350295169e+03
1.882016137896308982e-03 -2.679283317736995103e-04 1.000000000000000000e+00
DSC_8344.JPG_max_x: 1330.39
DSC_8344.JPG_min_x: 1060.42
DSC_8344.JPG_max_y: 1561.51
DSC_8344.JPG_min_y: 661.637
DSC_8374.JPG_max_x: 922.877
DSC_8374.JPG_min_x: 603.649
DSC_8374.JPG_max_y: 1865.86
DSC_8374.JPG_min_y: 911.967
