1.155928019620926062e+00 1.327118861052945797e-01 -3.955090016244284357e+02
2.043658705186669755e-02 1.113371633361722735e+00 -1.069969905331267228e+03
1.041577112764089725e-04 3.892161740880955916e-05 1.000000000000000000e+00
DSC_8260.JPG_max_x: 1025.54
DSC_8260.JPG_min_x: 203.95
DSC_8260.JPG_max_y: 1617.64
DSC_8260.JPG_min_y: 1182.06
DSC_8277.JPG_max_x: 845.911
DSC_8277.JPG_min_x: 14.7205
DSC_8277.JPG_max_y: 653.589
DSC_8277.JPG_min_y: 241.776
