8.507772596677255494e-01 -9.611898199030220746e-02 6.899213827698324621e+02
-9.888738546443361088e-02 9.880638426889764014e-01 1.691844703794956928e+01
-1.923691934470734514e-04 -3.798643078263030969e-05 1.000000000000000000e+00
DSC_8198.JPG_max_x: 606.405
DSC_8198.JPG_min_x: 15.5377
DSC_8198.JPG_max_y: 1699.14
DSC_8198.JPG_min_y: 723.882
DSC_8232.JPG_max_x: 1287.86
DSC_8232.JPG_min_x: 595.694
DSC_8232.JPG_max_y: 1828.28
DSC_8232.JPG_min_y: 740.557
