-3.109069856211720273e-01 1.808450635139315366e-01 1.053090625260953033e+02
-1.965535751763659800e+00 -6.719744257958117917e-01 1.473161549799737486e+03
-1.668103245508791238e-03 8.625009811127701948e-05 1.000000000000000000e+00
DSC_8335.JPG_max_x: 1321.49
DSC_8335.JPG_min_x: 520.34
DSC_8335.JPG_max_y: 968.234
DSC_8335.JPG_min_y: 473.288
DSC_8336.JPG_max_x: 220.567
DSC_8336.JPG_min_x: 25.5258
DSC_8336.JPG_max_y: 1688.86
DSC_8336.JPG_min_y: 765.223
