6.981918276330361106e-01 -5.031331236292610476e-02 4.992444980303361604e+02
1.692953881337700903e-02 6.327487016842334722e-01 5.000673726924697462e+02
8.188917383519723871e-06 -6.162564890105896474e-05 1.000000000000000000e+00
DSC_8348.JPG_max_x: 694.407
DSC_8348.JPG_min_x: 13.7667
DSC_8348.JPG_max_y: 1374.62
DSC_8348.JPG_min_y: 579.266
DSC_8376.JPG_max_x: 974.229
DSC_8376.JPG_min_x: 494.312
DSC_8376.JPG_max_y: 1490.13
DSC_8376.JPG_min_y: 908.696
