-2.840624614701771078e-01 -8.824579825598495297e-01 3.990324910537853498e+02
-2.138211163159877970e-01 -2.800615495050723602e+00 7.629818593304736396e+02
-3.650994467469989005e-04 -3.452960938171369294e-03 1.000000000000000000e+00
DSC_8261.JPG_max_x: 1247.28
DSC_8261.JPG_min_x: 36.3505
DSC_8261.JPG_max_y: 471.279
DSC_8261.JPG_min_y: 120.942
DSC_8327.JPG_max_x: 1299.88
DSC_8327.JPG_min_x: 7.21721
DSC_8327.JPG_max_y: 1157.46
DSC_8327.JPG_min_y: 425.926
