1.265601001077626631e+00 1.297244825785004996e-01 -2.715659495487175832e+02
-1.077442895495137887e-01 1.402601651829799012e+00 -1.493009027078621102e+03
-1.384632136715519067e-04 2.224216602872641454e-04 1.000000000000000000e+00
DSC_8214.JPG_max_x: 1073.4
DSC_8214.JPG_min_x: 276.908
DSC_8214.JPG_max_y: 1938.58
DSC_8214.JPG_min_y: 1233.04
DSC_8215.JPG_max_x: 1037.03
DSC_8215.JPG_min_x: 194.991
DSC_8215.JPG_max_y: 965.491
DSC_8215.JPG_min_y: 106.642
