1.939342119922128349e-01 -8.853642999869368313e-02 8.908465125183488453e+02
-2.421523984012428909e-01 4.042433733173835253e-01 6.697366921485097464e+02
-2.267539650730081367e-04 -7.374756336224831449e-05 1.000000000000000000e+00
DSC_8224.JPG_max_x: 865.0
DSC_8224.JPG_min_x: 40.4402
DSC_8224.JPG_max_y: 1232.51
DSC_8224.JPG_min_y: 724.034
DSC_8366.JPG_max_x: 1330.53
DSC_8366.JPG_min_x: 875.346
DSC_8366.JPG_max_y: 1318.69
DSC_8366.JPG_min_y: 1012.87
