1.062347984250419541e+00 1.003418657776313783e-01 -6.490809961210762822e+02
-7.504499168664562070e-02 1.204913757209769676e+00 -1.108306101103972026e+02
-1.077254833943165347e-04 1.061125248325160323e-04 1.000000000000000000e+00
DSC_8329.JPG_max_x: 1318.62
DSC_8329.JPG_min_x: 527.914
DSC_8329.JPG_max_y: 1561.91
DSC_8329.JPG_min_y: 148.412
DSC_8423.JPG_max_x: 888.66
DSC_8423.JPG_min_x: 33.0431
DSC_8423.JPG_max_y: 1616.68
DSC_8423.JPG_min_y: 15.5868
