7.179305925148672385e-01 -3.424425107068067020e-01 -1.063472763331426449e+02
2.448965088403709800e-01 -4.421029267472299518e-01 1.552920488977833031e+02
4.827137212270123687e-04 -2.009316989777066003e-03 1.000000000000000000e+00
DSC_8321.JPG_max_x: 976.993
DSC_8321.JPG_min_x: 135.627
DSC_8321.JPG_max_y: 804.686
DSC_8321.JPG_min_y: 16.3527
DSC_8367.JPG_max_x: 1188.38
DSC_8367.JPG_min_x: 192.887
DSC_8367.JPG_max_y: 582.115
DSC_8367.JPG_min_y: 191.252
