-2.915888287359347797e-01 -3.536737928008528570e-02 3.304826704764433316e+02
-1.057985328388143964e+00 -4.673925861499236278e-01 1.346358184853711464e+03
-1.008308656969293280e-03 -1.711659182208290209e-04 1.000000000000000000e+00
DSC_8330.JPG_max_x: 1269.32
DSC_8330.JPG_min_x: 757.728
DSC_8330.JPG_max_y: 1948.73
DSC_8330.JPG_min_y: 646.676
DSC_8348.JPG_max_x: 1255.04
DSC_8348.JPG_min_x: 11.4328
DSC_8348.JPG_max_y: 1820.71
DSC_8348.JPG_min_y: 671.677
