7.541953833785358663e-01 4.311451220144950081e-01 -6.410877945164492075e+02
7.055105300834268837e-03 6.415812899122780300e-01 6.410277412744867434e+02
2.690236800612404644e-04 2.052168214076523537e-04 1.000000000000000000e+00
DSC_8205.JPG_max_x: 1256.15
DSC_8205.JPG_min_x: 711.627
DSC_8205.JPG_max_y: 1027.7
DSC_8205.JPG_min_y: 81.4211
DSC_8341.JPG_max_x: 344.148
DSC_8341.JPG_min_x: 6.08263
DSC_8341.JPG_max_y: 912.917
DSC_8341.JPG_min_y: 544.646
