9.906510465186548764e-01 1.732947805278218512e-01 -7.953941630048243496e+02
3.757275291681943519e-01 1.190502531084293159e+00 -5.191768504300777209e+01
4.370542982836152354e-04 1.838060543125252973e-04 1.000000000000000000e+00
DSC_8330.JPG_max_x: 1180.19
DSC_8330.JPG_min_x: 650.112
DSC_8330.JPG_max_y: 1821.15
DSC_8330.JPG_min_y: 602.101
DSC_8198.JPG_max_x: 346.905
DSC_8198.JPG_min_x: 20.4347
DSC_8198.JPG_max_y: 1397.54
DSC_8198.JPG_min_y: 666.145
