9.127230586764618625e-01 -1.953582372333940720e-01 -4.164248573006109382e+02
5.232196832259938812e-01 5.053517842706435337e-01 -2.170853705627761769e+02
-3.985142827428515789e-05 -6.091180132623785727e-04 1.000000000000000000e+00
DSC_8263.JPG_max_x: 1279.71
DSC_8263.JPG_min_x: 511.438
DSC_8263.JPG_max_y: 846.763
DSC_8263.JPG_min_y: 15.5135
DSC_8423.JPG_max_x: 1071.35
DSC_8423.JPG_min_x: 176.615
DSC_8423.JPG_max_y: 1616.68
DSC_8423.JPG_min_y: 223.097
