2.432296416919746207e+02 -7.056029273144794445e+01 -3.640629983802816423e+04
1.597244142231360513e+02 -2.334756004741398385e+02 1.843540462084550236e+05
3.323749156809807648e-01 -1.255818025664609261e-01 1.000000000000000000e+00
DSC_8298.JPG_max_x: 1009.56
DSC_8298.JPG_min_x: 24.2737
DSC_8298.JPG_max_y: 1488.8
DSC_8298.JPG_min_y: 825.282
DSC_8425.JPG_max_x: 1314.09
DSC_8425.JPG_min_x: 728.687
DSC_8425.JPG_max_y: 1055.95
DSC_8425.JPG_min_y: 12.0327
