2.250542933679998026e+00 1.932300469773315266e+00 -3.500600249217405235e+03
-6.103657817046351797e-01 2.496541333270481555e+00 1.257454649331209566e+03
9.189268506760651023e-04 -3.085804645884371148e-05 1.000000000000000000e+00
DSC_8253.JPG_max_x: 1321.82
DSC_8253.JPG_min_x: 969.202
DSC_8253.JPG_max_y: 846.654
DSC_8253.JPG_min_y: 550.37
DSC_8271.JPG_max_x: 376.574
DSC_8271.JPG_min_x: 44.3302
DSC_8271.JPG_max_y: 1477.87
DSC_8271.JPG_min_y: 908.611
