8.103840384759489757e-01 -1.686426492899052026e-02 -4.484594689904540132e+02
2.058437134087414688e-01 9.628992817332098220e-01 1.971914175022487257e+02
1.809364248409429195e-04 1.886731317136180813e-04 1.000000000000000000e+00
DSC_8240.JPG_max_x: 1317.52
DSC_8240.JPG_min_x: 589.923
DSC_8240.JPG_max_y: 1573.72
DSC_8240.JPG_min_y: 903.792
DSC_8428.JPG_max_x: 416.606
DSC_8428.JPG_min_x: 4.60722
DSC_8428.JPG_max_y: 1284.39
DSC_8428.JPG_min_y: 938.797
