1.774863650667601878e-01 -8.352300652655971769e-01 1.250566038880097949e+03
-3.695279498504231569e-02 -6.047354936913286183e-01 1.005731018646211396e+03
4.703286232469782645e-05 -6.346601662039793972e-04 1.000000000000000000e+00
DSC_8224.JPG_max_x: 923.44
DSC_8224.JPG_min_x: 15.25
DSC_8224.JPG_max_y: 1721.24
DSC_8224.JPG_min_y: 728.61
DSC_8430.JPG_max_x: 1322.95
DSC_8430.JPG_min_x: 355.131
DSC_8430.JPG_max_y: 1543.29
DSC_8430.JPG_min_y: 939.06
