3.625206732623041939e-01 -3.317729597552254717e-01 2.694804962426085240e+02
-1.073248788244445945e-01 1.375455887269159683e-01 5.371632129165659535e+02
-5.737562839275218610e-05 -4.904760173347951641e-04 1.000000000000000000e+00
DSC_8432.JPG_max_x: 1210.35
DSC_8432.JPG_min_x: 509.832
DSC_8432.JPG_max_y: 1235.29
DSC_8432.JPG_min_y: 838.595
DSC_8470.JPG_max_x: 837.332
DSC_8470.JPG_min_x: 276.779
DSC_8470.JPG_max_y: 1765.97
DSC_8470.JPG_min_y: 1033.7
