9.059279401242227303e-01 -1.328520268455279651e-01 -1.882173352460496289e+02
-7.905036965339296007e-02 8.586657931300102353e-01 3.093834735619663547e+02
-1.585421514807134312e-04 -1.817266106708595843e-04 1.000000000000000000e+00
DSC_8314.JPG_max_x: 1208.28
DSC_8314.JPG_min_x: 351.801
DSC_8314.JPG_max_y: 1240.88
DSC_8314.JPG_min_y: 239.567
DSC_8436.JPG_max_x: 1159.65
DSC_8436.JPG_min_x: 20.6103
DSC_8436.JPG_max_y: 1880.53
DSC_8436.JPG_min_y: 543.83
