5.557164173173596566e-01 1.374426324282146394e-02 -3.895174464091255118e+02
-3.666551893615459523e-01 -4.471275357657136795e-02 1.138856591719583548e+03
-8.936185231983069391e-05 -6.715876774540746824e-04 1.000000000000000000e+00
DSC_8247.JPG_max_x: 1301.98
DSC_8247.JPG_min_x: 797.733
DSC_8247.JPG_max_y: 688.321
DSC_8247.JPG_min_y: 41.7966
DSC_8331.JPG_max_x: 781.59
DSC_8331.JPG_min_x: 143.442
DSC_8331.JPG_max_y: 1696.04
DSC_8331.JPG_min_y: 778.468
