8.385402905189113243e-01 -2.478494398363044471e-01 1.662938764560175642e+01
-2.488978644280975816e-02 1.031593250289881247e+00 5.087016494664890587e+00
-8.113283351859590885e-05 1.233881232541432453e-05 1.000000000000000000e+00
DSC_8274.JPG_max_x: 1256.66
DSC_8274.JPG_min_x: 389.011
DSC_8274.JPG_max_y: 1496.72
DSC_8274.JPG_min_y: 485.452
DSC_8308.JPG_max_x: 991.843
DSC_8308.JPG_min_x: 32.8358
DSC_8308.JPG_max_y: 1590.64
DSC_8308.JPG_min_y: 540.217
