7.869793661468313939e-01 -8.713688503005826910e-03 1.754353690099256085e+02
2.230318586924089422e-02 7.125883675559998576e-01 1.774513711159056584e+02
1.358811658237084520e-05 -3.199872967935577726e-05 1.000000000000000000e+00
DSC_8339.JPG_max_x: 1329.1
DSC_8339.JPG_min_x: 8.52488
DSC_8339.JPG_max_y: 1409.53
DSC_8339.JPG_min_y: 186.308
DSC_8413.JPG_max_x: 1223.39
DSC_8413.JPG_min_x: 182.015
DSC_8413.JPG_max_y: 1298.47
DSC_8413.JPG_min_y: 319.955
