-2.920576534389094370e-01 -2.163479483378675378e-02 3.396674107954329429e+02
-9.514723410717644825e-01 -1.703403519033761526e-01 1.132157071267159381e+03
-1.033707824583652039e-03 5.907233634866152801e-05 1.000000000000000000e+00
DSC_8278.JPG_max_x: 1322.66
DSC_8278.JPG_min_x: 932.943
DSC_8278.JPG_max_y: 1038.21
DSC_8278.JPG_min_y: 388.201
DSC_8280.JPG_max_x: 303.755
DSC_8280.JPG_min_x: 56.4718
DSC_8280.JPG_max_y: 982.682
DSC_8280.JPG_min_y: 364.86
