3.273181097181680765e-02 -4.622373784913519357e-02 5.798235680691957441e+02
-7.215198747944981950e-01 7.726119760632481626e-01 1.697953534958288344e+02
-7.738366902186868609e-04 -5.166668045709341172e-05 1.000000000000000000e+00
DSC_8218.JPG_max_x: 504.981
DSC_8218.JPG_min_x: 22.1676
DSC_8218.JPG_max_y: 1609.36
DSC_8218.JPG_min_y: 579.265
DSC_8248.JPG_max_x: 1011.58
DSC_8248.JPG_min_x: 543.848
DSC_8248.JPG_max_y: 1576.67
DSC_8248.JPG_min_y: 503.562
