4.495846256215554337e-01 -4.029565985574932729e-01 1.036753483153889874e+03
-1.923410123277914385e-01 4.797753252714095917e-01 8.299475961370291088e+02
-2.774698955434435157e-04 -1.898991380793446085e-04 1.000000000000000000e+00
DSC_8307.JPG_max_x: 430.7
DSC_8307.JPG_min_x: 28.3678
DSC_8307.JPG_max_y: 687.808
DSC_8307.JPG_min_y: 209.762
DSC_8320.JPG_max_x: 1331.56
DSC_8320.JPG_min_x: 942.989
DSC_8320.JPG_max_y: 1367.87
DSC_8320.JPG_min_y: 996.644
