-7.947159475724546729e-01 1.161107318830498225e-01 2.855740007132768596e+02
-2.942728447312418893e+00 -1.279113220348220177e-02 1.488259596207418326e+03
-2.067827172453920014e-03 5.050025354532767841e-05 9.999999999999998890e-01
DSC_8287.JPG_max_x: 853.355
DSC_8287.JPG_min_x: 368.397
DSC_8287.JPG_max_y: 855.146
DSC_8287.JPG_min_y: 110.137
DSC_8414.JPG_max_x: 1268.6
DSC_8414.JPG_min_x: 269.477
DSC_8414.JPG_max_y: 1835.83
DSC_8414.JPG_min_y: 1019.78
