9.425081052596989695e-01 -7.154900104719562337e-02 3.172764548462591279e+02
9.850770544660213124e-02 6.795417271933181791e-01 2.878007131336580073e+02
8.931672235617626847e-05 -1.416732223365380799e-04 1.000000000000000000e+00
DSC_8200.JPG_max_x: 1090.17
DSC_8200.JPG_min_x: 85.7765
DSC_8200.JPG_max_y: 1489.96
DSC_8200.JPG_min_y: 847.516
DSC_8398.JPG_max_x: 1326.5
DSC_8398.JPG_min_x: 383.631
DSC_8398.JPG_max_y: 1613.09
DSC_8398.JPG_min_y: 974.083
