1.116882270160598933e+00 -6.758988182547018796e-03 -1.793734250920616002e+00
3.044793081138243429e-01 8.693579903278322307e-01 7.460959051034012646e+01
3.249118090430440321e-04 -1.029571437754476533e-05 1.000000000000000000e+00
DSC_8332.JPG_max_x: 810.026
DSC_8332.JPG_min_x: 9.18484
DSC_8332.JPG_max_y: 1993.76
DSC_8332.JPG_min_y: 501.739
DSC_8348.JPG_max_x: 690.055
DSC_8348.JPG_min_x: 11.4124
DSC_8348.JPG_max_y: 1797.79
DSC_8348.JPG_min_y: 584.684
