4.741647906173428240e+00 4.702663688871377978e-01 -1.109709456540736255e+03
5.283496633303461643e-01 4.651345192650909510e+00 -3.158127268386430160e+02
1.366695521756563321e-03 1.093438920053659957e-03 1.000000000000000000e+00
DSC_8379.JPG_max_x: 996.255
DSC_8379.JPG_min_x: 211.002
DSC_8379.JPG_max_y: 921.833
DSC_8379.JPG_min_y: 11.4866
DSC_8449.JPG_max_x: 1252.91
DSC_8449.JPG_min_x: 38.849
DSC_8449.JPG_max_y: 1343.26
DSC_8449.JPG_min_y: 41.792
