2.188679468754129775e+00 4.869902027099068387e-01 -9.554185293911616554e+02
-5.422888201285678278e-01 2.576587208657847849e+00 -2.934078405539053165e+03
-2.735063751998679398e-04 7.482771674480248386e-04 1.000000000000000000e+00
DSC_8282.JPG_max_x: 1045.43
DSC_8282.JPG_min_x: 130.656
DSC_8282.JPG_max_y: 1689.72
DSC_8282.JPG_min_y: 1293.31
DSC_8283.JPG_max_x: 1107.99
DSC_8283.JPG_min_x: 17.5919
DSC_8283.JPG_max_y: 409.669
DSC_8283.JPG_min_y: 16.8876
