3.844328935220871379e+00 3.012985013272558188e+00 -3.508807441131347787e+03
5.764497065950266452e-02 3.329656729460964915e+00 1.659016725584648384e+02
1.434900742902382644e-03 1.886315065691173808e-03 1.000000000000000000e+00
DSC_8381.JPG_max_x: 1176.28
DSC_8381.JPG_min_x: 581.82
DSC_8381.JPG_max_y: 654.231
DSC_8381.JPG_min_y: 189.378
DSC_8413.JPG_max_x: 569.059
DSC_8413.JPG_min_x: 21.9413
DSC_8413.JPG_max_y: 784.423
DSC_8413.JPG_min_y: 303.387
