3.794658110357027048e-01 -5.495345866447407523e-01 6.287901771846669590e+02
3.585901309300469353e-01 -3.486793861479859369e-01 3.858504140749710700e+02
5.793972149579258582e-04 -8.272165569096533513e-04 1.000000000000000000e+00
DSC_8278.JPG_max_x: 892.218
DSC_8278.JPG_min_x: 30.8785
DSC_8278.JPG_max_y: 1660.0
DSC_8278.JPG_min_y: 638.882
DSC_8311.JPG_max_x: 1306.25
DSC_8311.JPG_min_x: 47.5501
DSC_8311.JPG_max_y: 1133.61
DSC_8311.JPG_min_y: 118.532
