6.563055473426832043e-01 -4.648574103867336021e-02 3.953453226124404409e+02
1.198346867721100384e-01 4.817308807916276803e-01 6.822456146698433486e+02
9.792613544656583919e-05 -7.409380640029459956e-05 9.999999999999998890e-01
DSC_8236.JPG_max_x: 1211.51
DSC_8236.JPG_min_x: 9.89303
DSC_8236.JPG_max_y: 1619.94
DSC_8236.JPG_min_y: 650.339
DSC_8378.JPG_max_x: 1091.28
DSC_8378.JPG_min_x: 376.145
DSC_8378.JPG_max_y: 1642.53
DSC_8378.JPG_min_y: 1054.43
