-3.305222774851848122e-01 -2.669094685065265260e-01 5.383599098765025701e+02
-1.018334309076391664e+00 -4.971652177540765716e-01 1.289647901756012288e+03
-8.464246222243255839e-04 -3.360178651723138145e-04 1.000000000000000000e+00
DSC_8350.JPG_max_x: 1082.79
DSC_8350.JPG_min_x: 688.919
DSC_8350.JPG_max_y: 1449.02
DSC_8350.JPG_min_y: 782.62
DSC_8466.JPG_max_x: 1112.25
DSC_8466.JPG_min_x: 24.1886
DSC_8466.JPG_max_y: 1832.79
DSC_8466.JPG_min_y: 1003.26
