2.794964152688678150e-01 -5.055817393433424956e-01 1.071468655260777496e+03
-3.856369861227955664e-01 2.602751981199334375e-01 9.600289185678332160e+02
-3.771117117335024988e-04 -3.379938051238834439e-04 1.000000000000000000e+00
DSC_8443.JPG_max_x: 346.888
DSC_8443.JPG_min_x: 11.6264
DSC_8443.JPG_max_y: 905.155
DSC_8443.JPG_min_y: 467.358
DSC_8444.JPG_max_x: 1303.11
DSC_8444.JPG_min_x: 905.18
DSC_8444.JPG_max_y: 1732.36
DSC_8444.JPG_min_y: 1295.31
