2.680796241268530444e+00 5.985100902054963923e-01 3.304233574068105099e+02
-2.011650188656704530e-01 3.233667287197258045e+00 -2.826860432169408796e+03
1.543688745805300435e-05 9.432091457963734295e-04 1.000000000000000000e+00
DSC_8314.JPG_max_x: 575.758
DSC_8314.JPG_min_x: 21.7721
DSC_8314.JPG_max_y: 1781.55
DSC_8314.JPG_min_y: 915.082
DSC_8331.JPG_max_x: 1169.53
DSC_8331.JPG_min_x: 524.193
DSC_8331.JPG_max_y: 1081.31
DSC_8331.JPG_min_y: 81.9449
