3.226928633105415334e-01 -2.684563574914810569e-01 6.507458111718120790e+02
-8.296678858488451547e-02 5.204211404155571069e-02 1.128612993803458039e+03
-1.071883169215651131e-04 -2.528920771786820148e-04 1.000000000000000000e+00
DSC_8257.JPG_max_x: 1258.48
DSC_8257.JPG_min_x: 6.02175
DSC_8257.JPG_max_y: 1017.55
DSC_8257.JPG_min_y: 124.24
DSC_8446.JPG_max_x: 1232.02
DSC_8446.JPG_min_x: 587.861
DSC_8446.JPG_max_y: 1602.1
DSC_8446.JPG_min_y: 1211.76
