9.990365898235896713e-01 -3.869012924809294707e-01 1.860331357849129574e+02
-3.198776515872360227e-01 9.945056083686802939e-01 1.445602432610155574e+02
-2.283085293625226582e-04 6.776983507447839269e-05 1.000000000000000000e+00
DSC_8228.JPG_max_x: 1191.51
DSC_8228.JPG_min_x: 256.385
DSC_8228.JPG_max_y: 1971.77
DSC_8228.JPG_min_y: 359.713
DSC_8326.JPG_max_x: 916.861
DSC_8326.JPG_min_x: 53.3283
DSC_8326.JPG_max_y: 1984.54
DSC_8326.JPG_min_y: 421.218
