-1.897256903663831151e+00 2.848766719491168664e-01 1.504637862827843264e+03
-2.606361549555151758e+00 1.776810016499759670e-01 1.865877663522472176e+03
-1.590907059246170598e-03 5.331435835741774000e-04 1.000000000000000000e+00
DSC_8197.JPG_max_x: 1321.87
DSC_8197.JPG_min_x: 392.042
DSC_8197.JPG_max_y: 1004.96
DSC_8197.JPG_min_y: 30.7177
DSC_8346.JPG_max_x: 1174.86
DSC_8346.JPG_min_x: 555.604
DSC_8346.JPG_max_y: 1934.2
DSC_8346.JPG_min_y: 1144.06
