7.496109163805365905e-02 -9.844576427966620358e-01 1.335190989136057851e+03
6.388626032441514779e-02 -4.459713264315787185e-01 6.104629605550713904e+02
3.565005225766710553e-04 -9.529808417071293156e-04 1.000000000000000000e+00
DSC_8222.JPG_max_x: 1202.58
DSC_8222.JPG_min_x: 216.259
DSC_8222.JPG_max_y: 1918.42
DSC_8222.JPG_min_y: 1388.81
DSC_8223.JPG_max_x: 1292.13
DSC_8223.JPG_min_x: 187.319
DSC_8223.JPG_max_y: 1010.0
DSC_8223.JPG_min_y: 58.0527
