-1.108478133562239121e+00 -1.627117320130893940e+00 1.266583812734225148e+03
-5.274276765556716873e-01 -3.151496347560985178e+00 1.787111317785228948e+03
-7.050526498115702867e-04 -2.095477649754874140e-03 9.999999999999998890e-01
DSC_8272.JPG_max_x: 1314.25
DSC_8272.JPG_min_x: 436.925
DSC_8272.JPG_max_y: 1800.7
DSC_8272.JPG_min_y: 670.025
DSC_8352.JPG_max_x: 1223.21
DSC_8352.JPG_min_x: 487.312
DSC_8352.JPG_max_y: 1410.62
DSC_8352.JPG_min_y: 824.742
