2.953062083338940935e-01 -4.460827404187572287e-01 1.343917890323304164e+03
-6.059197734488562803e-01 9.301344758374279209e-01 1.536797358432436589e+01
-6.172011736515450224e-04 2.266318468373105946e-05 1.000000000000000000e+00
DSC_8308.JPG_max_x: 560.625
DSC_8308.JPG_min_x: 37.9758
DSC_8308.JPG_max_y: 1816.95
DSC_8308.JPG_min_y: 1193.67
DSC_8322.JPG_max_x: 1325.13
DSC_8322.JPG_min_x: 725.877
DSC_8322.JPG_max_y: 1785.43
DSC_8322.JPG_min_y: 1141.04
