-2.396253192733054149e+00 -2.226449471913359179e+00 3.476376609161965916e+03
-6.283643749660842381e+00 -4.669301047694176532e+00 6.780435082960683758e+03
-6.171337830172322209e-03 7.414960848108093257e-04 1.000000000000000000e+00
DSC_8236.JPG_max_x: 1230.17
DSC_8236.JPG_min_x: 67.399
DSC_8236.JPG_max_y: 1663.96
DSC_8236.JPG_min_y: 657.165
DSC_8320.JPG_max_x: 1135.91
DSC_8320.JPG_min_x: 55.8778
DSC_8320.JPG_max_y: 1757.99
DSC_8320.JPG_min_y: 507.265
