2.598729643800142597e+00 1.437264507221424514e+00 -1.242963781753797548e+03
-2.248879063520092259e-01 3.445232676298206620e+00 -3.423923740991541763e+03
-3.639943863852897828e-04 1.735084865721123063e-03 1.000000000000000000e+00
DSC_8442.JPG_max_x: 1160.68
DSC_8442.JPG_min_x: 10.0009
DSC_8442.JPG_max_y: 1924.85
DSC_8442.JPG_min_y: 1176.0
DSC_8475.JPG_max_x: 1161.6
DSC_8475.JPG_min_x: 257.374
DSC_8475.JPG_max_y: 768.347
DSC_8475.JPG_min_y: 170.729
