6.586722086092428041e-01 -2.331038203255241525e-01 4.666281118028933292e+02
1.879722159944411108e-01 -1.396769605105293854e-01 1.482082885004120271e+03
1.351651077132245136e-04 -3.709850125972507704e-04 1.000000000000000000e+00
DSC_8237.JPG_max_x: 1297.5
DSC_8237.JPG_min_x: 102.699
DSC_8237.JPG_max_y: 655.941
DSC_8237.JPG_min_y: 155.536
DSC_8378.JPG_max_x: 1163.99
DSC_8378.JPG_min_x: 495.575
DSC_8378.JPG_max_y: 1828.14
DSC_8378.JPG_min_y: 1529.88
