8.341483118566157540e-01 -2.827764641669873180e-01 2.217992224770835037e+02
1.140932383882184709e-01 8.066490566674363594e-01 1.429687995024605698e+02
-8.587566953389844321e-05 -1.315719375753498545e-04 1.000000000000000000e+00
DSC_8235.JPG_max_x: 1226.52
DSC_8235.JPG_min_x: 26.0714
DSC_8235.JPG_max_y: 1023.45
DSC_8235.JPG_min_y: 347.008
DSC_8251.JPG_max_x: 1313.9
DSC_8251.JPG_min_x: 26.4264
DSC_8251.JPG_max_y: 1252.83
DSC_8251.JPG_min_y: 615.668
