9.632493982666953114e-01 4.181281078560589171e-02 2.007374687507341662e+02
-1.113796517317787588e-01 9.612621493273176831e-01 1.605652419303562226e+02
-2.885372550421078813e-05 -8.237951687805228655e-05 1.000000000000000000e+00
DSC_8446.JPG_max_x: 905.678
DSC_8446.JPG_min_x: 257.355
DSC_8446.JPG_max_y: 1596.21
DSC_8446.JPG_min_y: 965.613
DSC_8466.JPG_max_x: 1318.77
DSC_8466.JPG_min_x: 575.674
DSC_8466.JPG_max_y: 1968.94
DSC_8466.JPG_min_y: 1121.42
