8.367672795065883573e-01 -3.023795933746679654e-01 1.328970076678605892e+03
2.203484830435509592e-02 1.146796639905829585e+00 -1.058450949425067165e+03
-3.240994356242171475e-04 1.877764845401793683e-04 1.000000000000000000e+00
DSC_8340.JPG_max_x: 797.041
DSC_8340.JPG_min_x: 11.8831
DSC_8340.JPG_max_y: 1936.18
DSC_8340.JPG_min_y: 1279.5
DSC_8369.JPG_max_x: 1295.68
DSC_8369.JPG_min_x: 629.254
DSC_8369.JPG_max_y: 1073.7
DSC_8369.JPG_min_y: 372.119
