-3.377101724273404937e+00 -9.530494673660240279e-01 4.679431230986821902e+03
5.416341387971421728e-01 -3.575615389894621909e+00 3.770385016563481258e+03
-1.124443229488813947e-03 -1.300588920729725192e-03 1.000000000000000000e+00
DSC_8344.JPG_max_x: 1326.94
DSC_8344.JPG_min_x: 1060.51
DSC_8344.JPG_max_y: 1561.51
DSC_8344.JPG_min_y: 1268.58
DSC_8361.JPG_max_x: 506.764
DSC_8361.JPG_min_x: 107.756
DSC_8361.JPG_max_y: 457.436
DSC_8361.JPG_min_y: 50.1978
