-1.185791853462657558e-01 -5.417568474068600037e-02 2.299785786380273009e+02
-3.871233912046273540e-01 -2.821852790211201722e-01 8.907463714957096954e+02
-4.896456339490279624e-04 -2.763289497035777706e-04 1.000000000000000000e+00
DSC_8196.JPG_max_x: 1314.1
DSC_8196.JPG_min_x: 1068.48
DSC_8196.JPG_max_y: 1914.74
DSC_8196.JPG_min_y: 1419.87
DSC_8363.JPG_max_x: 954.341
DSC_8363.JPG_min_x: 16.0396
DSC_8363.JPG_max_y: 1220.79
DSC_8363.JPG_min_y: 544.821
