8.674924806453687687e-01 -5.691402166901615711e-01 1.030896939814732377e+03
2.093674262611344428e-01 1.414124380956789162e+00 -4.291994322431613682e+02
-2.805730318399106979e-04 2.599764724747496785e-04 1.000000000000000000e+00
DSC_8325.JPG_max_x: 714.162
DSC_8325.JPG_min_x: 47.1746
DSC_8325.JPG_max_y: 858.623
DSC_8325.JPG_min_y: 490.888
DSC_8339.JPG_max_x: 1310.45
DSC_8339.JPG_min_x: 626.158
DSC_8339.JPG_max_y: 892.714
DSC_8339.JPG_min_y: 262.188
