9.601587088843027695e-01 -1.116551090137110486e-01 -5.034680270898204668e+01
7.041623987803161122e-02 8.719657362742293527e-01 2.408765436824093342e+02
-2.917760567467831161e-06 -1.024753951068227447e-04 1.000000000000000000e+00
DSC_8298.JPG_max_x: 1105.72
DSC_8298.JPG_min_x: 193.679
DSC_8298.JPG_max_y: 1529.46
DSC_8298.JPG_min_y: 372.877
DSC_8458.JPG_max_x: 1001.23
DSC_8458.JPG_min_x: 35.9075
DSC_8458.JPG_max_y: 1963.29
DSC_8458.JPG_min_y: 618.042
