8.185236506275814783e-01 4.676230900357213893e-01 -1.200559573388672334e+03
-1.352394938586122253e-01 1.017912979286094144e+00 3.564051349270056903e+02
8.996213234015493806e-05 2.597813976249200760e-04 1.000000000000000000e+00
DSC_8323.JPG_max_x: 1331.12
DSC_8323.JPG_min_x: 937.879
DSC_8323.JPG_max_y: 961.998
DSC_8323.JPG_min_y: 416.113
DSC_8443.JPG_max_x: 180.575
DSC_8443.JPG_min_x: 11.6264
DSC_8443.JPG_max_y: 905.155
DSC_8443.JPG_min_y: 496.754
