-6.943185876763331876e+00 1.604733974200715174e+00 1.407402714554359591e+03
-9.286214423841657961e+00 2.762167394003018916e+00 3.000369554006941826e+02
-6.554771033244689155e-03 1.549228092130025981e-03 1.000000000000000000e+00
DSC_8428.JPG_max_x: 675.75
DSC_8428.JPG_min_x: 4.60722
DSC_8428.JPG_max_y: 1820.17
DSC_8428.JPG_min_y: 938.797
DSC_8446.JPG_max_x: 1323.23
DSC_8446.JPG_min_x: 247.914
DSC_8446.JPG_max_y: 1730.56
DSC_8446.JPG_min_y: 979.278
