9.436756580604339639e-01 -2.743563461287198274e-02 -4.244090905558640543e+02
-4.472043964270364796e-02 1.038651333093192353e+00 -6.826773572095283349e+00
-3.329142517247817435e-05 9.179187646993326131e-06 1.000000000000000000e+00
DSC_8262.JPG_max_x: 1268.76
DSC_8262.JPG_min_x: 505.439
DSC_8262.JPG_max_y: 1815.11
DSC_8262.JPG_min_y: 480.444
DSC_8298.JPG_max_x: 768.005
DSC_8298.JPG_min_x: 30.3021
DSC_8298.JPG_max_y: 1871.47
DSC_8298.JPG_min_y: 471.925
