-3.740492890152065986e+00 -1.155692573426244651e+00 2.053823490580124599e+03
-5.624601298417454542e-02 -4.241449618505376939e+00 4.501590859715372062e+03
-2.980232120883746566e-04 -1.636485318398348942e-03 1.000000000000000000e+00
DSC_8334.JPG_max_x: 546.289
DSC_8334.JPG_min_x: 436.349
DSC_8334.JPG_max_y: 1314.57
DSC_8334.JPG_min_y: 1103.3
DSC_8469.JPG_max_x: 1302.51
DSC_8469.JPG_min_x: 854.655
DSC_8469.JPG_max_y: 849.714
DSC_8469.JPG_min_y: 216.995
