7.504371887458457513e-01 1.189536686223124397e-02 2.954719297791699546e+02
4.486635457914091296e-02 6.741157110514983675e-01 5.648152686075383144e+02
2.904924574583224870e-05 -3.391518521214669538e-05 1.000000000000000000e+00
DSC_8306.JPG_max_x: 1307.73
DSC_8306.JPG_min_x: 15.432
DSC_8306.JPG_max_y: 1448.93
DSC_8306.JPG_min_y: 685.696
DSC_8472.JPG_max_x: 1289.33
DSC_8472.JPG_min_x: 355.438
DSC_8472.JPG_max_y: 1607.08
DSC_8472.JPG_min_y: 1069.5
