-3.438298413424636935e-01 -6.393939215115254093e-01 7.683781000615158518e+02
-7.429736024370976744e-02 -8.368952389240967848e-01 9.355658893785310966e+02
-1.825171288243318047e-04 -9.338573713801190000e-04 1.000000000000000000e+00
DSC_8200.JPG_max_x: 500.026
DSC_8200.JPG_min_x: 105.185
DSC_8200.JPG_max_y: 1458.3
DSC_8200.JPG_min_y: 963.262
DSC_8449.JPG_max_x: 1228.43
DSC_8449.JPG_min_x: 38.849
DSC_8449.JPG_max_y: 995.626
DSC_8449.JPG_min_y: 62.1283
