4.245381921079735221e+00 1.582832615792879150e+00 -2.966520180966996122e+03
-1.604850751228964201e-01 4.224436546094089806e+00 -4.301673823969126715e+03
1.825279758623481869e-04 1.631690202123439390e-03 1.000000000000000000e+00
DSC_8290.JPG_max_x: 1329.08
DSC_8290.JPG_min_x: 698.821
DSC_8290.JPG_max_y: 1976.18
DSC_8290.JPG_min_y: 1266.6
DSC_8291.JPG_max_x: 1330.11
DSC_8291.JPG_min_x: 709.313
DSC_8291.JPG_max_y: 902.937
DSC_8291.JPG_min_y: 259.685
