5.939687425412043531e-01 1.720903790689337631e-01 1.089123938414464305e+02
3.384197277067278048e-02 6.808391805917093365e-01 3.147417160132703771e+02
-3.175338173528908245e-05 4.720201423330493964e-04 9.999999999999998890e-01
DSC_8243.JPG_max_x: 947.08
DSC_8243.JPG_min_x: 16.7683
DSC_8243.JPG_max_y: 560.899
DSC_8243.JPG_min_y: 86.1955
DSC_8455.JPG_max_x: 658.927
DSC_8455.JPG_min_x: 160.973
DSC_8455.JPG_max_y: 574.991
DSC_8455.JPG_min_y: 381.324
