-6.329979848970920808e-02 -1.997973407984122707e-01 2.012604640520698354e+02
-1.148139760100442552e-01 -1.354605088440316685e+00 1.250331191187646709e+03
-1.223558060554943028e-03 -4.570403935641445189e-04 1.000000000000000000e+00
DSC_8330.JPG_max_x: 1032.65
DSC_8330.JPG_min_x: 365.554
DSC_8330.JPG_max_y: 1866.31
DSC_8330.JPG_min_y: 643.557
DSC_8437.JPG_max_x: 1145.57
DSC_8437.JPG_min_x: 30.6123
DSC_8437.JPG_max_y: 1300.31
DSC_8437.JPG_min_y: 23.7683
