4.303393160304421761e-01 -6.055246203843580449e-02 2.852951987433370391e+02
2.473765127500236749e-02 6.828499125567143169e-02 1.198614365294100480e+03
1.801667115293492636e-05 -1.496198632723762234e-04 1.000000000000000000e+00
DSC_8193.JPG_max_x: 1023.33
DSC_8193.JPG_min_x: 163.153
DSC_8193.JPG_max_y: 1402.58
DSC_8193.JPG_min_y: 1091.2
DSC_8228.JPG_max_x: 788.743
DSC_8228.JPG_min_x: 343.881
DSC_8228.JPG_max_y: 1647.98
DSC_8228.JPG_min_y: 1521.47
