3.674243123222337704e-01 1.505785255060892724e-01 -7.806423671847035450e+01
-5.103934370362067652e-01 1.363116087960244860e+00 -3.182077738980555637e+02
-5.866768662404997460e-04 1.298948576131273513e-04 1.000000000000000000e+00
DSC_8234.JPG_max_x: 1238.41
DSC_8234.JPG_min_x: 832.667
DSC_8234.JPG_max_y: 1240.33
DSC_8234.JPG_min_y: 868.212
DSC_8282.JPG_max_x: 1315.0
DSC_8282.JPG_min_x: 565.044
DSC_8282.JPG_max_y: 1650.45
DSC_8282.JPG_min_y: 656.739
