-2.651261908770973452e+00 -3.999068067851577757e-01 1.381445669116418230e+03
-3.669551671350388844e+00 5.527098248760949906e-01 1.183248188191137388e+03
-2.329434662780856258e-03 -1.187462631074748579e-04 1.000000000000000000e+00
DSC_8241.JPG_max_x: 1284.72
DSC_8241.JPG_min_x: 15.3349
DSC_8241.JPG_max_y: 891.499
DSC_8241.JPG_min_y: 386.761
DSC_8254.JPG_max_x: 1322.68
DSC_8254.JPG_min_x: 1072.82
DSC_8254.JPG_max_y: 1754.52
DSC_8254.JPG_min_y: 1420.08
