1.122880885305966636e+00 -1.663156028205736159e-01 3.335725176473929423e+02
8.988963836830160536e-01 8.569208693689647216e-01 2.837345687195945629e+02
7.272402588143548046e-04 -2.083206650085954567e-04 1.000000000000000000e+00
DSC_8252.JPG_max_x: 813.188
DSC_8252.JPG_min_x: 23.6754
DSC_8252.JPG_max_y: 1356.62
DSC_8252.JPG_min_y: 603.903
DSC_8470.JPG_max_x: 795.256
DSC_8470.JPG_min_x: 197.381
DSC_8470.JPG_max_y: 1877.95
DSC_8470.JPG_min_y: 938.175
