6.779831330006411694e-01 -4.748057640098631849e-01 7.192158671807475230e+02
2.385989555606097823e-01 3.220002920904505572e-01 1.084255162505209000e+03
-8.315088268516375957e-05 -3.270097456206227655e-04 1.000000000000000000e+00
DSC_8329.JPG_max_x: 770.826
DSC_8329.JPG_min_x: 432.656
DSC_8329.JPG_max_y: 647.701
DSC_8329.JPG_min_y: 37.2677
DSC_8424.JPG_max_x: 1318.22
DSC_8424.JPG_min_x: 966.707
DSC_8424.JPG_max_y: 1868.43
DSC_8424.JPG_min_y: 1281.96
