4.631172460952970860e-01 -7.846406464317037810e-02 1.322838804122096406e+02
5.934382533175869105e-04 3.139005870143212751e-01 8.136454699709206579e+02
-5.299277208258959039e-05 -2.148554425818277254e-06 1.000000000000000000e+00
DSC_8286.JPG_max_x: 1130.27
DSC_8286.JPG_min_x: 63.6418
DSC_8286.JPG_max_y: 1967.59
DSC_8286.JPG_min_y: 624.856
DSC_8414.JPG_max_x: 578.977
DSC_8414.JPG_min_x: 98.7192
DSC_8414.JPG_max_y: 1487.53
DSC_8414.JPG_min_y: 1024.99
