1.774563571139171181e+00 -8.263877003527621279e-02 -1.317015403930570073e+03
2.187998727401973542e-01 1.375206162764005979e+00 -4.103996501611487702e+01
1.931705756580383770e-04 -2.268093028795132888e-04 1.000000000000000000e+00
DSC_8214.JPG_max_x: 1332.01
DSC_8214.JPG_min_x: 935.017
DSC_8214.JPG_max_y: 1167.49
DSC_8214.JPG_min_y: 507.584
DSC_8374.JPG_max_x: 947.805
DSC_8374.JPG_min_x: 281.124
DSC_8374.JPG_max_y: 1864.34
DSC_8374.JPG_min_y: 810.732
