8.420451841841174456e-01 -1.653326866194356273e-02 1.726410388811331416e+02
-6.287349431700797742e-02 8.511473566548809488e-01 1.800995470274989714e+02
-5.367194866123511308e-05 -3.162523774585397868e-05 1.000000000000000000e+00
DSC_8362.JPG_max_x: 1065.51
DSC_8362.JPG_min_x: 23.2325
DSC_8362.JPG_max_y: 1896.97
DSC_8362.JPG_min_y: 15.1887
DSC_8376.JPG_max_x: 1162.37
DSC_8376.JPG_min_x: 144.886
DSC_8376.JPG_max_y: 1928.25
DSC_8376.JPG_min_y: 162.689
