2.404450578414246475e+00 6.151586730940897807e-01 -1.532899264962716188e+03
-4.084751639901869069e-01 2.501090282479969673e+00 -1.995349331168004028e+03
-6.860935446168615155e-05 4.841103852619007219e-04 1.000000000000000000e+00
DSC_8312.JPG_max_x: 876.501
DSC_8312.JPG_min_x: 423.461
DSC_8312.JPG_max_y: 1725.88
DSC_8312.JPG_min_y: 952.491
DSC_8329.JPG_max_x: 860.826
DSC_8329.JPG_min_x: 92.4017
DSC_8329.JPG_max_y: 1187.57
DSC_8329.JPG_min_y: 13.7676
