7.182841939219761773e-01 -1.519683662969108576e-02 -7.793298952953348291e+00
6.797086523438275463e-02 8.850356076875151023e-01 2.791944589054103858e+02
1.662292570555598658e-05 5.212391806622160371e-04 1.000000000000000000e+00
DSC_8227.JPG_max_x: 899.382
DSC_8227.JPG_min_x: 42.2549
DSC_8227.JPG_max_y: 1222.93
DSC_8227.JPG_min_y: 224.62
DSC_8443.JPG_max_x: 557.265
DSC_8443.JPG_min_x: 17.723
DSC_8443.JPG_max_y: 831.726
DSC_8443.JPG_min_y: 471.167
