1.195210938857431016e+00 1.496831188053276140e-01 -1.117162556696994670e+03
2.071801446311605788e-01 5.886392357148541032e-01 1.251915493170123000e+03
3.270865568939787180e-04 -3.616053078214490264e-04 1.000000000000000000e+00
DSC_8297.JPG_max_x: 1308.32
DSC_8297.JPG_min_x: 946.877
DSC_8297.JPG_max_y: 870.845
DSC_8297.JPG_min_y: 86.5849
DSC_8298.JPG_max_x: 490.174
DSC_8298.JPG_min_x: 68.8078
DSC_8298.JPG_max_y: 1871.47
DSC_8298.JPG_min_y: 1118.59
