1.054515054997137380e+00 -5.556742255962807131e-02 -2.452320265567437616e+02
2.063404890821060947e-02 1.184967239352011648e+00 3.333015551731480031e+01
7.147270786628237416e-06 4.406090944252206900e-04 1.000000000000000000e+00
DSC_8339.JPG_max_x: 1308.46
DSC_8339.JPG_min_x: 211.139
DSC_8339.JPG_max_y: 892.714
DSC_8339.JPG_min_y: 172.431
DSC_8395.JPG_max_x: 934.998
DSC_8395.JPG_min_x: 20.4326
DSC_8395.JPG_max_y: 828.742
DSC_8395.JPG_min_y: 239.633
