4.396602746350872337e+00 2.144906290965858719e+00 -5.770043761368234300e+03
-7.878773578467771488e-01 6.307305792098284236e+00 -6.980291570596570637e+03
-4.258703398743788715e-04 2.635832438686347076e-03 1.000000000000000000e+00
DSC_8330.JPG_max_x: 1123.92
DSC_8330.JPG_min_x: 563.359
DSC_8330.JPG_max_y: 1971.55
DSC_8330.JPG_min_y: 1218.67
DSC_8315.JPG_max_x: 580.843
DSC_8315.JPG_min_x: 81.0247
DSC_8315.JPG_max_y: 841.642
DSC_8315.JPG_min_y: 29.3626
