5.966197169086894014e+00 1.810127093223335759e+00 -3.051564222577605960e+03
-3.050618067279426970e-01 6.945403114815829504e+00 -8.491952367373860397e+03
-9.461367865148801706e-05 2.101652235538279279e-03 1.000000000000000000e+00
DSC_8378.JPG_max_x: 962.096
DSC_8378.JPG_min_x: 309.252
DSC_8378.JPG_max_y: 1711.55
DSC_8378.JPG_min_y: 1265.41
DSC_8417.JPG_max_x: 1290.16
DSC_8417.JPG_min_x: 298.347
DSC_8417.JPG_max_y: 694.216
DSC_8417.JPG_min_y: 28.447
