5.380542181244303279e+00 9.488185282395108500e-01 -6.151130435699626105e+03
3.142664098317567767e+00 7.105826654884853433e+00 -5.109400520066236822e+03
3.738644200028239800e-03 2.771302927306833544e-03 1.000000000000000000e+00
DSC_8240.JPG_max_x: 1268.38
DSC_8240.JPG_min_x: 1002.53
DSC_8240.JPG_max_y: 1731.0
DSC_8240.JPG_min_y: 940.234
DSC_8294.JPG_max_x: 196.949
DSC_8294.JPG_min_x: 80.4357
DSC_8294.JPG_max_y: 1066.93
DSC_8294.JPG_min_y: 663.182
