-5.086285538529036199e-01 -4.607903295973692082e-01 5.215472583667871049e+02
-2.364115494377392324e+00 -8.511185895034223403e-01 1.184604058057084103e+03
-1.587754738556685025e-03 -7.980390087612810419e-04 1.000000000000000000e+00
DSC_8220.JPG_max_x: 1292.82
DSC_8220.JPG_min_x: 14.1375
DSC_8220.JPG_max_y: 1162.18
DSC_8220.JPG_min_y: 757.956
DSC_8464.JPG_max_x: 1076.13
DSC_8464.JPG_min_x: 100.769
DSC_8464.JPG_max_y: 1880.57
DSC_8464.JPG_min_y: 951.368
