6.625740282634626777e-01 -2.977393478509355318e-01 6.904041426086614592e+02
2.904409174930678295e-01 1.413731553994639623e-01 2.990424057815855008e+02
2.823922230190816797e-04 -4.067510399818432035e-04 1.000000000000000000e+00
DSC_8242.JPG_max_x: 1013.56
DSC_8242.JPG_min_x: 10.5359
DSC_8242.JPG_max_y: 1588.73
DSC_8242.JPG_min_y: 777.636
DSC_8322.JPG_max_x: 1316.86
DSC_8322.JPG_min_x: 674.255
DSC_8322.JPG_max_y: 1294.44
DSC_8322.JPG_min_y: 610.823
