-5.199297992820197667e-01 -1.434934655805123915e+00 6.908233273611743925e+02
-1.808404599443908634e+00 -1.592953342601588718e+00 1.715494148949586815e+03
-1.028836106016500470e-03 -1.355142921392421280e-03 1.000000000000000000e+00
DSC_8197.JPG_max_x: 1171.56
DSC_8197.JPG_min_x: 393.764
DSC_8197.JPG_max_y: 1001.54
DSC_8197.JPG_min_y: 5.64105
DSC_8374.JPG_max_x: 1091.14
DSC_8374.JPG_min_x: 688.143
DSC_8374.JPG_max_y: 1866.16
DSC_8374.JPG_min_y: 1088.22
