-6.750656290596128706e-01 -2.232341129616067787e-01 1.012245704856773045e+03
-9.425669656802923013e-01 -9.482340399809400244e-01 1.560589045471092732e+03
-1.102677882103689829e-03 -2.907238121953311738e-04 1.000000000000000000e+00
DSC_8414.JPG_max_x: 1310.48
DSC_8414.JPG_min_x: 30.5342
DSC_8414.JPG_max_y: 1656.15
DSC_8414.JPG_min_y: 1009.94
DSC_8454.JPG_max_x: 1138.47
DSC_8454.JPG_min_x: 22.3987
DSC_8454.JPG_max_y: 1502.67
DSC_8454.JPG_min_y: 845.643
