6.899052407436174761e-01 1.049230280475520888e-01 8.417807700915790292e+02
-5.935754727595167479e-02 1.223852625937926986e+00 -8.099282458384490155e+02
-3.367164150501855517e-04 3.281734122347215819e-04 1.000000000000000000e+00
DSC_8310.JPG_max_x: 565.78
DSC_8310.JPG_min_x: 15.7599
DSC_8310.JPG_max_y: 1692.51
DSC_8310.JPG_min_y: 874.495
DSC_8475.JPG_max_x: 1087.32
DSC_8475.JPG_min_x: 689.755
DSC_8475.JPG_max_y: 913.584
DSC_8475.JPG_min_y: 193.8
