3.013819905044537339e+00 1.108450907494136661e+00 -4.272718747272968358e+03
-1.119590311586619036e+00 5.035980210436060034e+00 -3.666057207334320083e+03
8.646028746319105033e-05 1.417739900013438451e-03 1.000000000000000000e+00
DSC_8216.JPG_max_x: 1256.46
DSC_8216.JPG_min_x: 981.165
DSC_8216.JPG_max_y: 1880.42
DSC_8216.JPG_min_y: 1084.84
DSC_8401.JPG_max_x: 316.008
DSC_8401.JPG_min_x: 99.3284
DSC_8401.JPG_max_y: 1199.07
DSC_8401.JPG_min_y: 189.73
