5.609054881263753067e-01 -3.960117682159125822e-04 1.100703036619944669e+03
9.700538398503352755e-02 8.982188231789725030e-01 -1.179637150054734285e+01
-2.491231800136230602e-04 2.220967910829451048e-04 1.000000000000000000e+00
DSC_8341.JPG_max_x: 417.342
DSC_8341.JPG_min_x: 9.03654
DSC_8341.JPG_max_y: 930.246
DSC_8341.JPG_min_y: 483.376
DSC_8413.JPG_max_x: 1253.13
DSC_8413.JPG_min_x: 975.517
DSC_8413.JPG_max_y: 759.59
DSC_8413.JPG_min_y: 429.161
