1.528432305924309631e+01 -1.110079229874385831e+01 5.601987328758663125e+02
1.495799922383077352e+01 -1.336883257490817734e+01 2.658351505343229292e+03
9.739984448003622189e-03 -8.247822066020505175e-03 1.000000000000000000e+00
DSC_8334.JPG_max_x: 899.903
DSC_8334.JPG_min_x: 384.282
DSC_8334.JPG_max_y: 1317.18
DSC_8334.JPG_min_y: 747.433
DSC_8400.JPG_max_x: 1330.86
DSC_8400.JPG_min_x: 143.944
DSC_8400.JPG_max_y: 1592.55
DSC_8400.JPG_min_y: 1174.9
