-1.115042087806122311e+02 7.266669237844220675e+01 -9.209472251853145281e+03
-3.889776828968312827e+01 6.452752285579073543e+01 -4.867127327126455202e+04
-1.288020221016099864e-01 6.510103410547368741e-02 1.000000000000000000e+00
DSC_8306.JPG_max_x: 907.914
DSC_8306.JPG_min_x: 15.432
DSC_8306.JPG_max_y: 1294.88
DSC_8306.JPG_min_y: 950.416
DSC_8337.JPG_max_x: 1288.66
DSC_8337.JPG_min_x: 561.441
DSC_8337.JPG_max_y: 619.431
DSC_8337.JPG_min_y: 188.846
