3.228891720748286343e+00 -1.864599184302040691e-01 -3.217869165965657885e+03
1.348152297968189917e+00 2.243089938113314918e+00 -1.123291862436021802e+03
8.997582326195882651e-04 -5.066887894448269310e-04 9.999999999999998890e-01
DSC_8214.JPG_max_x: 1332.01
DSC_8214.JPG_min_x: 1133.16
DSC_8214.JPG_max_y: 1116.88
DSC_8214.JPG_min_y: 460.819
DSC_8360.JPG_max_x: 531.783
DSC_8360.JPG_min_x: 169.596
DSC_8360.JPG_max_y: 1965.96
DSC_8360.JPG_min_y: 856.402
