2.884027439607714349e+00 -8.792668160511917241e-01 1.899888636739189224e+03
1.190619051389546712e+00 4.417857394812044980e+00 -5.946286342828870147e+03
-7.488102924347323896e-04 1.567321368387243662e-03 1.000000000000000000e+00
DSC_8198.JPG_max_x: 769.294
DSC_8198.JPG_min_x: 67.9591
DSC_8198.JPG_max_y: 1879.41
DSC_8198.JPG_min_y: 1397.54
DSC_8249.JPG_max_x: 728.12
DSC_8249.JPG_min_x: 176.565
DSC_8249.JPG_max_y: 968.147
DSC_8249.JPG_min_y: 204.771
