6.096955594846127369e-01 -6.732543495043932791e-02 -6.086500104244945533e+02
-2.962333609752149655e-01 6.011020075953453778e-01 4.254455023566517298e+02
-4.165380145893962487e-04 -9.345560400538525025e-05 1.000000000000000000e+00
DSC_8296.JPG_max_x: 1303.66
DSC_8296.JPG_min_x: 1150.54
DSC_8296.JPG_max_y: 1061.3
DSC_8296.JPG_min_y: 435.155
DSC_8422.JPG_max_x: 362.456
DSC_8422.JPG_min_x: 64.0767
DSC_8422.JPG_max_y: 1765.27
DSC_8422.JPG_min_y: 735.454
