2.894409600473334176e+00 9.602757216995945200e-01 -1.579382534827769405e+03
-2.489038992186690391e-01 3.671606939058431607e+00 -3.846093900001440943e+03
1.934327577839571258e-05 1.164114537293377922e-03 1.000000000000000000e+00
DSC_8314.JPG_max_x: 591.381
DSC_8314.JPG_min_x: 102.973
DSC_8314.JPG_max_y: 1909.31
DSC_8314.JPG_min_y: 1082.59
DSC_8315.JPG_max_x: 596.996
DSC_8315.JPG_min_x: 8.84643
DSC_8315.JPG_max_y: 957.558
DSC_8315.JPG_min_y: 32.6462
