-1.099865816942314778e+00 -1.360455903485076279e+00 2.428232259101960153e+03
-1.545998226643219564e-01 -1.215299958283171833e+00 1.562448607228899618e+03
-4.614675699828664794e-04 -7.861927134741127001e-04 1.000000000000000000e+00
DSC_8202.JPG_max_x: 810.599
DSC_8202.JPG_min_x: 312.161
DSC_8202.JPG_max_y: 1940.69
DSC_8202.JPG_min_y: 1287.35
DSC_8225.JPG_max_x: 1153.53
DSC_8225.JPG_min_x: 193.424
DSC_8225.JPG_max_y: 1186.1
DSC_8225.JPG_min_y: 359.407
