-1.806967125563291310e+00 -5.292064487913431536e-01 1.523833092418247816e+03
-1.293492776545879464e+00 -7.708408131738804236e-01 1.461721164983348217e+03
-1.218392273320812380e-03 -4.482664780987013152e-04 1.000000000000000000e+00
DSC_8226.JPG_max_x: 1056.39
DSC_8226.JPG_min_x: 583.382
DSC_8226.JPG_max_y: 1637.94
DSC_8226.JPG_min_y: 432.669
DSC_8274.JPG_max_x: 1264.81
DSC_8274.JPG_min_x: 675.649
DSC_8274.JPG_max_y: 1196.51
DSC_8274.JPG_min_y: 496.516
