1.316937634017335101e+00 -1.325911025401636245e-01 -9.863579399071866760e+01
4.019396057847434908e-03 1.101524456923086648e+00 4.496361415760608793e+02
-1.894900484716159389e-04 -7.941562083884756013e-05 1.000000000000000000e+00
DSC_8299.JPG_max_x: 899.156
DSC_8299.JPG_min_x: 311.091
DSC_8299.JPG_max_y: 782.943
DSC_8299.JPG_min_y: 158.011
DSC_8423.JPG_max_x: 1329.19
DSC_8423.JPG_min_x: 261.619
DSC_8423.JPG_max_y: 1607.36
DSC_8423.JPG_min_y: 744.064
