5.482407419321164710e-01 -3.589590005039177134e-01 1.225692024348795030e+03
-3.652329433198303610e-02 8.907200056497857066e-01 1.449360815888020113e+02
-3.290960235750854820e-04 1.066339834185605137e-05 9.999999999999998890e-01
DSC_8423.JPG_max_x: 635.194
DSC_8423.JPG_min_x: 16.2656
DSC_8423.JPG_max_y: 1617.67
DSC_8423.JPG_min_y: 275.423
DSC_8425.JPG_max_x: 1292.51
DSC_8425.JPG_min_x: 825.805
DSC_8425.JPG_max_y: 1907.18
DSC_8425.JPG_min_y: 403.432
