8.076252317304838391e-01 -1.642665460780635467e+00 1.251439485108985082e+03
1.733886947289787095e+00 -2.622120077350416523e+00 1.926868940772427322e+03
1.361520239476593248e-03 -1.754262499322110057e-03 1.000000000000000000e+00
DSC_8333.JPG_max_x: 766.791
DSC_8333.JPG_min_x: 55.3406
DSC_8333.JPG_max_y: 1803.41
DSC_8333.JPG_min_y: 926.771
DSC_8401.JPG_max_x: 1029.33
DSC_8401.JPG_min_x: 460.869
DSC_8401.JPG_max_y: 1394.11
DSC_8401.JPG_min_y: 766.78
