6.600319373767322695e-01 8.942920844221934062e-02 1.136056440273595172e+03
1.329086378457959294e-01 1.125277924971789911e+00 -1.448098733818667142e+03
-2.345816166061302592e-04 2.580381473741191322e-04 1.000000000000000000e+00
DSC_8256.JPG_max_x: 527.84
DSC_8256.JPG_min_x: 43.0051
DSC_8256.JPG_max_y: 1761.92
DSC_8256.JPG_min_y: 1484.25
DSC_8321.JPG_max_x: 1238.44
DSC_8321.JPG_min_x: 943.687
DSC_8321.JPG_max_y: 434.326
DSC_8321.JPG_min_y: 173.941
