-1.867957170537192652e-02 -4.246410538820460379e-01 9.229531242694774846e+02
-5.878040933709448579e-01 -4.232572856589426891e-02 1.373844688699833796e+03
-4.482927708522315845e-04 -3.271367073219589856e-04 1.000000000000000000e+00
DSC_8421.JPG_max_x: 610.697
DSC_8421.JPG_min_x: 37.6756
DSC_8421.JPG_max_y: 857.913
DSC_8421.JPG_min_y: 48.8728
DSC_8438.JPG_max_x: 1259.63
DSC_8438.JPG_min_x: 786.54
DSC_8438.JPG_max_y: 1880.25
DSC_8438.JPG_min_y: 1421.38
