4.126201142609011718e-01 -2.583809787105673106e-01 1.401484207641556168e+02
1.486450510900576560e-01 -1.562979941539057588e-02 -2.473959874462974184e+01
7.381470178362548040e-04 -9.999664824393748267e-04 1.000000000000000000e+00
DSC_8254.JPG_max_x: 1201.12
DSC_8254.JPG_min_x: 266.471
DSC_8254.JPG_max_y: 1848.34
DSC_8254.JPG_min_y: 1057.66
DSC_8353.JPG_max_x: 650.053
DSC_8353.JPG_min_x: 155.472
DSC_8353.JPG_max_y: 387.66
DSC_8353.JPG_min_y: 96.371
