-3.374053570293617521e-01 -7.312335432861885587e-02 1.082642026613559210e+03
-5.666839568114210302e-01 2.372758676200811545e-01 7.343100713797782646e+02
-5.898565382822472652e-04 -4.991747702168246607e-05 1.000000000000000000e+00
DSC_8290.JPG_max_x: 567.726
DSC_8290.JPG_min_x: 22.2439
DSC_8290.JPG_max_y: 1160.21
DSC_8290.JPG_min_y: 285.846
DSC_8334.JPG_max_x: 1327.31
DSC_8334.JPG_min_x: 1080.26
DSC_8334.JPG_max_y: 1092.16
DSC_8334.JPG_min_y: 767.452
