1.510770483210727821e+00 2.982166058351670146e-01 -5.100517400809335413e+02
-8.635446978180393030e-02 1.652495349745551012e+00 -1.597655999219574596e+03
-3.168651222559679863e-05 2.985324848186007461e-04 1.000000000000000000e+00
DSC_8260.JPG_max_x: 1241.06
DSC_8260.JPG_min_x: 100.762
DSC_8260.JPG_max_y: 1651.1
DSC_8260.JPG_min_y: 1073.66
DSC_8261.JPG_max_x: 1263.97
DSC_8261.JPG_min_x: 26.3377
DSC_8261.JPG_max_y: 739.026
DSC_8261.JPG_min_y: 37.4911
