4.751320533642754973e-01 4.172707136703062147e-01 -2.115796688799373726e+02
-4.367976431674969739e-01 1.666395793810851123e+00 2.295173245775666544e+02
-7.416414839694911339e-04 1.268296496113352143e-03 1.000000000000000000e+00
DSC_8339.JPG_max_x: 1273.69
DSC_8339.JPG_min_x: 155.726
DSC_8339.JPG_max_y: 753.121
DSC_8339.JPG_min_y: 186.308
DSC_8355.JPG_max_x: 842.435
DSC_8355.JPG_min_x: 8.57664
DSC_8355.JPG_max_y: 948.602
DSC_8355.JPG_min_y: 388.663
