1.076593185514314266e+00 -5.445352771567493061e-02 1.461406372198297561e+02
-6.528080237758715487e-02 1.119292649152167529e+00 -8.787676844224969841e+01
-9.788581736261394112e-05 -3.552671960779640447e-05 1.000000000000000000e+00
DSC_8296.JPG_max_x: 981.257
DSC_8296.JPG_min_x: 5.57712
DSC_8296.JPG_max_y: 1404.19
DSC_8296.JPG_min_y: 482.321
DSC_8310.JPG_max_x: 1324.23
DSC_8310.JPG_min_x: 64.1737
DSC_8310.JPG_max_y: 1655.1
DSC_8310.JPG_min_y: 438.025
