3.236294604622263482e-01 -2.716931654627612880e-01 4.021781559580873591e+02
-3.320664442469939415e-02 2.706051533465118064e-01 -8.396324725779622611e+01
-1.999460224466787113e-05 -4.845071478489174771e-04 1.000000000000000000e+00
DSC_8213.JPG_max_x: 807.674
DSC_8213.JPG_min_x: 113.32
DSC_8213.JPG_max_y: 1029.53
DSC_8213.JPG_min_y: 706.312
DSC_8245.JPG_max_x: 760.588
DSC_8245.JPG_min_x: 359.432
DSC_8245.JPG_max_y: 373.056
DSC_8245.JPG_min_y: 135.7
