7.230932205866775764e-01 -4.293372221507414932e-01 1.278154573746945516e+03
1.241376817832861856e-01 8.802799848244940994e-01 9.874397426008454204e+01
-2.907813018933871809e-04 9.417930119418332376e-06 1.000000000000000000e+00
DSC_8393.JPG_max_x: 397.934
DSC_8393.JPG_min_x: 84.3619
DSC_8393.JPG_max_y: 1253.62
DSC_8393.JPG_min_y: 385.286
DSC_8395.JPG_max_x: 1275.22
DSC_8395.JPG_min_x: 955.074
DSC_8395.JPG_max_y: 1302.77
DSC_8395.JPG_min_y: 449.245
