5.975223050349754983e-01 1.376269509208062070e-01 3.052740904433319429e+02
-3.811597704686755378e-02 1.588454580860831911e+00 -1.481784532328485284e+03
-1.378348099141750958e-04 1.858926942538633841e-04 1.000000000000000000e+00
DSC_8232.JPG_max_x: 1295.08
DSC_8232.JPG_min_x: 327.968
DSC_8232.JPG_max_y: 1626.91
DSC_8232.JPG_min_y: 1029.1
DSC_8459.JPG_max_x: 1211.6
DSC_8459.JPG_min_x: 546.047
DSC_8459.JPG_max_y: 896.217
DSC_8459.JPG_min_y: 106.373
