7.759578737287932126e-01 -2.039145319269587697e-02 -1.028781099830904679e+02
8.667579295539983020e-02 8.447017628831344771e-01 4.864636937955960434e+02
2.105666076171205210e-05 1.222131166429636293e-04 1.000000000000000000e+00
DSC_8226.JPG_max_x: 1287.34
DSC_8226.JPG_min_x: 179.661
DSC_8226.JPG_max_y: 1887.11
DSC_8226.JPG_min_y: 420.949
DSC_8442.JPG_max_x: 745.24
DSC_8442.JPG_min_x: 14.4047
DSC_8442.JPG_max_y: 1696.46
DSC_8442.JPG_min_y: 861.632
