4.243251095264476969e-01 -2.431796304828877986e+00 2.668964283729709678e+03
1.206951999775782269e+00 -2.345577966275458781e+00 2.501968193171631356e+03
3.409953984554076577e-03 -2.966247084868472907e-03 1.000000000000000000e+00
DSC_8478.JPG_max_x: 962.817
DSC_8478.JPG_min_x: 441.777
DSC_8478.JPG_max_y: 1902.91
DSC_8478.JPG_min_y: 514.236
DSC_8479.JPG_max_x: 751.672
DSC_8479.JPG_min_x: 383.129
DSC_8479.JPG_max_y: 846.483
DSC_8479.JPG_min_y: 52.8915
