6.365971969058895619e-01 -3.967790323682812703e-01 2.144680739629253026e+02
-2.174087114175743407e-01 -5.524694375824532738e-02 1.160567508618871898e+03
-1.923111751027362071e-04 -4.545224879683879286e-04 1.000000000000000000e+00
DSC_8353.JPG_max_x: 1054.86
DSC_8353.JPG_min_x: 155.472
DSC_8353.JPG_max_y: 569.878
DSC_8353.JPG_min_y: 109.214
DSC_8430.JPG_max_x: 1244.33
DSC_8430.JPG_min_x: 265.621
DSC_8430.JPG_max_y: 1662.28
DSC_8430.JPG_min_y: 1204.5
