1.592331224687332458e+01 -1.256250668257788305e+01 -9.650148319127758896e+02
1.537807219912228440e+01 -1.880811462302301607e+01 5.561416269038831160e+03
1.631263724960348160e-02 -1.353912065913619872e-02 1.000000000000000000e+00
DSC_8249.JPG_max_x: 498.602
DSC_8249.JPG_min_x: 13.6617
DSC_8249.JPG_max_y: 1061.82
DSC_8249.JPG_min_y: 493.665
DSC_8263.JPG_max_x: 1325.24
DSC_8263.JPG_min_x: 1165.49
DSC_8263.JPG_max_y: 1262.12
DSC_8263.JPG_min_y: 665.152
