-8.144690044673735807e-01 -4.747152446500601392e-02 7.711531991227274148e+02
-2.411050170509706714e+00 -3.395238905733682366e-01 1.928693234105525562e+03
-1.910829646007265433e-03 2.076100669139821400e-04 1.000000000000000000e+00
DSC_8306.JPG_max_x: 1321.56
DSC_8306.JPG_min_x: 67.9116
DSC_8306.JPG_max_y: 1460.45
DSC_8306.JPG_min_y: 587.867
DSC_8454.JPG_max_x: 415.061
DSC_8454.JPG_min_x: 6.12439
DSC_8454.JPG_max_y: 1556.15
DSC_8454.JPG_min_y: 844.943
