5.174457915844200562e-01 -3.344950960629965997e-01 6.721850035557544061e+02
-7.915750594572860954e-02 2.580425111941618277e-01 1.104604415194443391e+03
-1.305007290849051341e-04 -2.535283563870740294e-04 1.000000000000000000e+00
DSC_8307.JPG_max_x: 955.963
DSC_8307.JPG_min_x: 28.1831
DSC_8307.JPG_max_y: 724.14
DSC_8307.JPG_min_y: 104.62
DSC_8446.JPG_max_x: 1328.42
DSC_8446.JPG_min_x: 592.069
DSC_8446.JPG_max_y: 1688.91
DSC_8446.JPG_min_y: 1211.76
