3.578340530647750040e+00 6.861223653638929276e-01 -3.687473602730098719e+03
1.653858126049259303e+00 2.856172212526208565e+00 -1.964060502995014303e+03
1.613000273961993783e-03 1.163899063103096239e-04 9.999999999999998890e-01
DSC_8366.JPG_max_x: 1330.53
DSC_8366.JPG_min_x: 825.477
DSC_8366.JPG_max_y: 1803.62
DSC_8366.JPG_min_y: 1019.69
DSC_8428.JPG_max_x: 740.507
DSC_8428.JPG_min_x: 14.9066
DSC_8428.JPG_max_y: 1657.05
DSC_8428.JPG_min_y: 942.387
