4.755012438260512453e-01 8.383529897484769122e-02 1.072054018506898046e+03
-4.156930657619034575e-02 5.795146304640673707e-01 3.187746817600986446e+02
-5.941042354514776804e-05 1.077883320600370382e-04 1.000000000000000000e+00
DSC_8284.JPG_max_x: 454.6
DSC_8284.JPG_min_x: 139.655
DSC_8284.JPG_max_y: 956.881
DSC_8284.JPG_min_y: 473.964
DSC_8318.JPG_max_x: 1287.44
DSC_8318.JPG_min_x: 950.024
DSC_8318.JPG_max_y: 791.409
DSC_8318.JPG_min_y: 566.292
