5.382742184789016671e-01 -2.151161397150565951e-02 6.276886420507791087e+01
-6.077106581942433999e-02 6.630484235225320155e-01 4.371379143195069332e+02
-6.688158806637426812e-05 7.025644626824773778e-05 1.000000000000000000e+00
DSC_8228.JPG_max_x: 818.236
DSC_8228.JPG_min_x: 139.292
DSC_8228.JPG_max_y: 1765.66
DSC_8228.JPG_min_y: 377.307
DSC_8456.JPG_max_x: 434.272
DSC_8456.JPG_min_x: 110.203
DSC_8456.JPG_max_y: 1457.17
DSC_8456.JPG_min_y: 668.461
