-6.126866706324272938e-02 -2.172555304628235318e-01 2.167894090070527113e+02
-1.466892781113997846e-01 -3.764342551931487701e-01 4.128411148394784504e+02
-3.731323775206013462e-04 -8.635751053821836632e-04 1.000000000000000000e+00
DSC_8217.JPG_max_x: 1324.97
DSC_8217.JPG_min_x: 535.669
DSC_8217.JPG_max_y: 963.449
DSC_8217.JPG_min_y: 257.519
DSC_8249.JPG_max_x: 738.736
DSC_8249.JPG_min_x: 13.6617
DSC_8249.JPG_max_y: 949.707
DSC_8249.JPG_min_y: 206.287
