7.144533789468910934e-01 -2.679875716210866621e-01 1.136177260973038301e+03
-1.232562200620044984e-01 9.136569146217869974e-01 9.372159512925749141e+02
-1.937814542831429977e-04 -7.313983500705475754e-05 1.000000000000000000e+00
DSC_8441.JPG_max_x: 264.404
DSC_8441.JPG_min_x: 12.0405
DSC_8441.JPG_max_y: 944.962
DSC_8441.JPG_min_y: 612.472
DSC_8442.JPG_max_x: 1280.79
DSC_8442.JPG_min_x: 991.445
DSC_8442.JPG_max_y: 1963.22
DSC_8442.JPG_min_y: 1589.94
