8.011463065182242715e-01 -2.414385699212201752e-01 -1.243348570371820330e+02
2.031067369337316575e-01 3.626768211083782334e-01 1.112314140002335989e+03
1.118751723954725807e-04 -2.645277820603421826e-04 1.000000000000000000e+00
DSC_8341.JPG_max_x: 1234.38
DSC_8341.JPG_min_x: 394.114
DSC_8341.JPG_max_y: 994.767
DSC_8341.JPG_min_y: 471.743
DSC_8410.JPG_max_x: 718.987
DSC_8410.JPG_min_x: 9.65206
DSC_8410.JPG_max_y: 1972.58
DSC_8410.JPG_min_y: 1489.43
