1.598996323083071713e+00 6.064388740398166666e-01 -2.421398927486736284e+03
1.615213064168092572e-01 1.070180503360137703e+00 -6.939694384023447356e+02
8.954345412596014485e-04 -3.669694320101766312e-04 1.000000000000000000e+00
DSC_8350.JPG_max_x: 1323.25
DSC_8350.JPG_min_x: 996.059
DSC_8350.JPG_max_y: 1492.22
DSC_8350.JPG_min_y: 1322.19
DSC_8415.JPG_max_x: 330.366
DSC_8415.JPG_min_x: 17.078
DSC_8415.JPG_max_y: 766.151
DSC_8415.JPG_min_y: 555.993
