1.959236000904660768e+00 4.415494314163359579e-01 -2.009610954163905944e+03
1.260377252912281976e-01 2.731086417326974658e+00 -1.030636498557170171e+03
4.036959653407672056e-04 4.975776207477665804e-04 9.999999999999998890e-01
DSC_8200.JPG_max_x: 1304.22
DSC_8200.JPG_min_x: 773.292
DSC_8200.JPG_max_y: 1454.26
DSC_8200.JPG_min_y: 876.545
DSC_8352.JPG_max_x: 526.987
DSC_8352.JPG_min_x: 33.9285
DSC_8352.JPG_max_y: 1500.64
DSC_8352.JPG_min_y: 812.07
