6.168151270559161237e-01 -1.603726473142496819e-02 1.996047171077670441e+02
-4.524091998010695836e-02 6.149122143793314121e-01 6.648665215283635916e+02
-3.356851661752350804e-05 -3.464459378622631322e-05 1.000000000000000000e+00
DSC_8286.JPG_max_x: 1329.59
DSC_8286.JPG_min_x: 578.493
DSC_8286.JPG_max_y: 1874.08
DSC_8286.JPG_min_y: 708.755
DSC_8466.JPG_max_x: 1102.84
DSC_8466.JPG_min_x: 575.674
DSC_8466.JPG_max_y: 1950.51
DSC_8466.JPG_min_y: 1120.91
