1.553028747827382150e-01 7.931369401467600611e-01 1.827296340218254500e+03
-2.147162591255163733e+00 5.595040910155800518e+00 -3.638456955167663409e+02
-1.765149746408308136e-03 2.123275672835528601e-03 1.000000000000000000e+00
DSC_8193.JPG_max_x: 541.792
DSC_8193.JPG_min_x: 163.153
DSC_8193.JPG_max_y: 1406.73
DSC_8193.JPG_min_y: 1083.97
DSC_8340.JPG_max_x: 1141.64
DSC_8340.JPG_min_x: 797.041
DSC_8340.JPG_max_y: 1972.21
DSC_8340.JPG_min_y: 1816.45
