-3.348179899736352660e-01 -5.261010615040222493e-01 1.186276625810869746e+03
-3.404341719476315919e-01 6.547964308878381767e-02 1.150375370059376223e+02
-6.247016916592695391e-04 -3.683292978325143239e-04 1.000000000000000000e+00
DSC_8292.JPG_max_x: 570.846
DSC_8292.JPG_min_x: 35.0295
DSC_8292.JPG_max_y: 1803.5
DSC_8292.JPG_min_y: 1060.09
DSC_8471.JPG_max_x: 1306.53
DSC_8471.JPG_min_x: 144.359
DSC_8471.JPG_max_y: 1801.37
DSC_8471.JPG_min_y: 134.247
