-3.631804416692437920e-01 -6.452559504385051159e-02 5.686909611713715549e+02
-1.376796067608938579e-01 -6.168886854711424367e-02 2.651550156204930317e+02
-6.818619651250114539e-04 -8.268367858019565002e-05 9.999999999999998890e-01
DSC_8250.JPG_max_x: 1304.35
DSC_8250.JPG_min_x: 1073.87
DSC_8250.JPG_max_y: 1850.18
DSC_8250.JPG_min_y: 1028.99
DSC_8283.JPG_max_x: 947.24
DSC_8283.JPG_min_x: 594.628
DSC_8283.JPG_max_y: 1247.26
DSC_8283.JPG_min_y: 19.4771
