-4.654708001157996655e-01 -5.459397894079363184e-02 5.340847072140641103e+02
-9.896513131548494435e-01 -5.092869470122483033e-01 1.375011149226319958e+03
-9.418046912401698912e-04 -1.811608396343459171e-04 9.999999999999998890e-01
DSC_8260.JPG_max_x: 1242.53
DSC_8260.JPG_min_x: 271.878
DSC_8260.JPG_max_y: 1591.7
DSC_8260.JPG_min_y: 548.961
DSC_8312.JPG_max_x: 840.829
DSC_8312.JPG_min_x: 57.9234
DSC_8312.JPG_max_y: 1766.14
DSC_8312.JPG_min_y: 506.242
