2.011416049692310803e+00 5.732057388155280542e-01 -9.051227767930452046e+02
-2.038178173118089798e-01 2.487393803714057494e+00 -2.226585344084649023e+03
-5.174237110713563603e-05 7.178955784615015422e-04 1.000000000000000000e+00
DSC_8312.JPG_max_x: 1325.58
DSC_8312.JPG_min_x: 200.392
DSC_8312.JPG_max_y: 1974.59
DSC_8312.JPG_min_y: 954.512
DSC_8313.JPG_max_x: 1317.6
DSC_8313.JPG_min_x: 118.097
DSC_8313.JPG_max_y: 1061.71
DSC_8313.JPG_min_y: 15.7931
