1.422823788182893345e+00 -6.091523905061656252e-02 -5.241962557175942266e+02
-4.011125678463012267e-02 1.403497557820991393e+00 2.549907604938120187e+02
-4.167460913703026652e-05 -7.037244226874263470e-05 1.000000000000000000e+00
DSC_8277.JPG_max_x: 1234.75
DSC_8277.JPG_min_x: 378.744
DSC_8277.JPG_max_y: 546.953
DSC_8277.JPG_min_y: 78.2539
DSC_8327.JPG_max_x: 1306.09
DSC_8327.JPG_min_x: 22.3177
DSC_8327.JPG_max_y: 1078.04
DSC_8327.JPG_min_y: 339.539
