-1.128997238426374006e+00 -9.291196748197512179e-01 1.523444063355089611e+03
-1.659857413970385054e-01 -1.685650391715662666e+00 1.876024115564124713e+03
-4.483067506260975067e-05 -1.794105506374420091e-03 1.000000000000000000e+00
DSC_8286.JPG_max_x: 1296.73
DSC_8286.JPG_min_x: 578.493
DSC_8286.JPG_max_y: 1685.44
DSC_8286.JPG_min_y: 1206.02
DSC_8447.JPG_max_x: 1085.67
DSC_8447.JPG_min_x: 273.479
DSC_8447.JPG_max_y: 653.088
DSC_8447.JPG_min_y: 269.413
