-1.436208634407857954e+00 2.182392787028439030e-01 5.416713383854099675e+02
-2.095813267688022119e+00 1.739163473680075123e-01 8.872361313702930374e+02
-2.124944139625278925e-03 -6.917598225346159276e-05 1.000000000000000000e+00
DSC_8365.JPG_max_x: 524.803
DSC_8365.JPG_min_x: 20.0422
DSC_8365.JPG_max_y: 1422.93
DSC_8365.JPG_min_y: 183.049
DSC_8401.JPG_max_x: 1038.47
DSC_8401.JPG_min_x: 185.914
DSC_8401.JPG_max_y: 1427.72
DSC_8401.JPG_min_y: 725.366
