-3.930290877496920854e-01 -2.530463810543698289e-01 6.519784425141029942e+02
-4.498064104509837957e-01 -7.979493090440558101e-01 9.538466324707541162e+02
-7.141356150977822437e-04 -5.661022636053074722e-04 1.000000000000000000e+00
DSC_8233.JPG_max_x: 1301.7
DSC_8233.JPG_min_x: 394.239
DSC_8233.JPG_max_y: 1124.62
DSC_8233.JPG_min_y: 711.945
DSC_8235.JPG_max_x: 1003.22
DSC_8235.JPG_min_x: 17.2194
DSC_8235.JPG_max_y: 1160.88
DSC_8235.JPG_min_y: 660.219
