-1.797381537192082268e+00 1.398030872149791659e-01 1.107307422531989005e+03
-2.324788343968095639e+00 6.428198894741720126e-01 8.127551260052484849e+02
-1.802841947883200222e-03 8.470867637238358686e-05 9.999999999999998890e-01
DSC_8350.JPG_max_x: 728.324
DSC_8350.JPG_min_x: 243.122
DSC_8350.JPG_max_y: 1202.26
DSC_8350.JPG_min_y: 764.896
DSC_8400.JPG_max_x: 1330.75
DSC_8400.JPG_min_x: 296.799
DSC_8400.JPG_max_y: 1588.3
DSC_8400.JPG_min_y: 1154.19
