3.031925865816063048e+00 9.495868677655666668e-01 -1.504969201141022950e+03
-3.677682371112597770e-01 3.735932661085529016e+00 -5.138112187192080455e+03
1.965240045415274502e-04 1.407984870123925964e-03 1.000000000000000000e+00
DSC_8314.JPG_max_x: 589.718
DSC_8314.JPG_min_x: 138.262
DSC_8314.JPG_max_y: 1907.94
DSC_8314.JPG_min_y: 1476.83
DSC_8249.JPG_max_x: 539.186
DSC_8249.JPG_min_x: 136.834
DSC_8249.JPG_max_y: 503.083
DSC_8249.JPG_min_y: 69.725
