3.183342815403232273e-01 -1.204586443464561174e-01 2.990459359455817889e+02
-5.099924754342304023e-02 2.083338713775806095e-01 4.515054591595990274e+01
-3.920485602569921099e-05 -2.685523050773745766e-04 1.000000000000000000e+00
DSC_8193.JPG_max_x: 996.933
DSC_8193.JPG_min_x: 163.153
DSC_8193.JPG_max_y: 1764.71
DSC_8193.JPG_min_y: 1085.33
DSC_8229.JPG_max_x: 752.49
DSC_8229.JPG_min_x: 294.401
DSC_8229.JPG_max_y: 763.994
DSC_8229.JPG_min_y: 367.354
