2.608344282798540914e-01 -1.079603545245517049e+00 6.685736276810478103e+02
7.303873295336169580e-01 -2.203420158208081236e+00 1.273681173989520858e+03
6.448431163117051461e-04 -1.841257753025753088e-03 9.999999999999998890e-01
DSC_8288.JPG_max_x: 1181.41
DSC_8288.JPG_min_x: 447.345
DSC_8288.JPG_max_y: 1898.72
DSC_8288.JPG_min_y: 818.479
DSC_8432.JPG_max_x: 679.263
DSC_8432.JPG_min_x: 307.678
DSC_8432.JPG_max_y: 1651.99
DSC_8432.JPG_min_y: 979.507
