-5.063504405288886012e+00 -1.370827198338444797e+00 1.487427252269680139e+03
-2.256227727129554023e-02 -6.165506195346012852e+00 6.168525536235963045e+03
-1.320253880833879324e-04 -2.026406388779930685e-03 9.999999999999998890e-01
DSC_8220.JPG_max_x: 317.908
DSC_8220.JPG_min_x: 37.7635
DSC_8220.JPG_max_y: 1204.0
DSC_8220.JPG_min_y: 1042.92
DSC_8465.JPG_max_x: 1207.87
DSC_8465.JPG_min_x: 131.065
DSC_8465.JPG_max_y: 848.944
DSC_8465.JPG_min_y: 242.94
