3.233454000377589121e-01 1.605460897597210668e-01 -3.487209398295279357e+02
-3.818490186040265355e-01 3.573174215273262067e-01 6.732184069507749200e+02
-4.071668898329164820e-04 1.225110911310572427e-04 1.000000000000000000e+00
DSC_8203.JPG_max_x: 1238.9
DSC_8203.JPG_min_x: 915.788
DSC_8203.JPG_max_y: 505.295
DSC_8203.JPG_min_y: 87.1035
DSC_8369.JPG_max_x: 176.819
DSC_8369.JPG_min_x: 23.3147
DSC_8369.JPG_max_y: 712.182
DSC_8369.JPG_min_y: 468.238
