5.676807602259238417e-01 5.052501887779290574e-02 2.726663790453986849e+02
-8.478204652348542841e-03 6.705505875754226297e-01 3.012054585597059031e+02
-4.535836498099853043e-05 5.473808964028038397e-05 1.000000000000000000e+00
DSC_8210.JPG_max_x: 1314.01
DSC_8210.JPG_min_x: 63.2732
DSC_8210.JPG_max_y: 1880.12
DSC_8210.JPG_min_y: 210.414
DSC_8324.JPG_max_x: 1068.29
DSC_8324.JPG_min_x: 374.118
DSC_8324.JPG_max_y: 1412.97
DSC_8324.JPG_min_y: 472.246
