1.262936263361211342e+00 -3.299136717802553798e-01 -8.135587871984371588e+01
-1.313236959884299671e-01 8.794275062548857491e-01 4.182894979840225460e+02
-8.788614001791131953e-05 -3.058321208591936063e-04 1.000000000000000000e+00
DSC_8199.JPG_max_x: 895.826
DSC_8199.JPG_min_x: 222.556
DSC_8199.JPG_max_y: 937.843
DSC_8199.JPG_min_y: 157.015
DSC_8333.JPG_max_x: 1148.89
DSC_8333.JPG_min_x: 44.1831
DSC_8333.JPG_max_y: 1803.41
DSC_8333.JPG_min_y: 507.886
