1.068267756098165933e+00 -4.476685928175536816e-02 1.547723570368921457e+02
-6.483014268265520352e-02 1.063727319620000555e+00 5.333497907137799388e+01
-2.988382880660466777e-05 -7.954422489603472023e-05 1.000000000000000000e+00
DSC_8349.JPG_max_x: 956.208
DSC_8349.JPG_min_x: 4.18037
DSC_8349.JPG_max_y: 1353.36
DSC_8349.JPG_min_y: 283.492
DSC_8419.JPG_max_x: 1252.25
DSC_8419.JPG_min_x: 116.699
DSC_8419.JPG_max_y: 1718.71
DSC_8419.JPG_min_y: 316.374
