1.992642354312578190e+00 1.037676762707674394e-01 -8.341572121782866134e+02
1.752427357160254648e-02 1.953804827953532497e+00 -2.094234445605651672e+03
2.053108773409842295e-04 3.017939507391840647e-04 1.000000000000000000e+00
DSC_8198.JPG_max_x: 795.829
DSC_8198.JPG_min_x: 343.061
DSC_8198.JPG_max_y: 1944.18
DSC_8198.JPG_min_y: 1468.81
DSC_8219.JPG_max_x: 546.776
DSC_8219.JPG_min_x: 22.5243
DSC_8219.JPG_max_y: 1003.85
DSC_8219.JPG_min_y: 511.883
