2.525264457323684875e-01 -1.254344331370236543e-01 3.577643518836517842e+02
1.808954524193013072e-02 1.748850292559271380e-01 2.144618744508230463e+02
4.996277283672327948e-06 -2.472664998280543259e-04 1.000000000000000000e+00
DSC_8289.JPG_max_x: 1159.86
DSC_8289.JPG_min_x: 498.211
DSC_8289.JPG_max_y: 854.242
DSC_8289.JPG_min_y: 218.683
DSC_8433.JPG_max_x: 653.031
DSC_8433.JPG_min_x: 475.424
DSC_8433.JPG_max_y: 493.319
DSC_8433.JPG_min_y: 285.66
