1.418178832570805348e+00 2.846678900912102406e-01 -1.233916527567579806e+03
8.128335304237881143e-02 1.570622642929061508e+00 -4.230462247624040515e+02
2.461402417455605795e-04 2.821610363099909952e-04 1.000000000000000000e+00
DSC_8442.JPG_max_x: 1280.79
DSC_8442.JPG_min_x: 539.24
DSC_8442.JPG_max_y: 1924.85
DSC_8442.JPG_min_y: 1463.62
DSC_8456.JPG_max_x: 585.951
DSC_8456.JPG_min_x: 16.8705
DSC_8456.JPG_max_y: 1498.6
DSC_8456.JPG_min_y: 1216.17
