-1.518739165182532713e-01 -1.478304221018426068e+00 1.169299136341056055e+03
-5.410000182676345803e-02 -1.674497456103741122e+00 1.285434329497795716e+03
-6.423469085474559841e-05 -1.273688604690290929e-03 1.000000000000000000e+00
DSC_8248.JPG_max_x: 634.797
DSC_8248.JPG_min_x: 8.36109
DSC_8248.JPG_max_y: 1400.73
DSC_8248.JPG_min_y: 636.094
DSC_8402.JPG_max_x: 1249.18
DSC_8402.JPG_min_x: 131.439
DSC_8402.JPG_max_y: 1585.29
DSC_8402.JPG_min_y: 1060.91
