-1.160040702917961575e+00 2.410339185457191225e-01 9.341020054147251130e+02
-1.839802920534790998e+00 8.488307881296600632e-01 7.025957122353865998e+02
-1.489681032746211420e-03 2.611992958517534054e-04 1.000000000000000000e+00
DSC_8336.JPG_max_x: 1265.73
DSC_8336.JPG_min_x: 40.0197
DSC_8336.JPG_max_y: 1688.86
DSC_8336.JPG_min_y: 603.273
DSC_8398.JPG_max_x: 1196.57
DSC_8398.JPG_min_x: 673.152
DSC_8398.JPG_max_y: 1647.43
DSC_8398.JPG_min_y: 983.82
