1.169718949698262733e+00 1.242467445246490526e-01 6.083812198722981179e+01
-4.454350243909401819e-01 1.132318732982159126e+00 -1.389731743286234860e+02
-3.141367354340760128e-04 3.145912033440924430e-05 1.000000000000000000e+00
DSC_8380.JPG_max_x: 735.529
DSC_8380.JPG_min_x: 39.2375
DSC_8380.JPG_max_y: 1543.14
DSC_8380.JPG_min_y: 1091.75
DSC_8446.JPG_max_x: 1323.23
DSC_8446.JPG_min_x: 258.164
DSC_8446.JPG_max_y: 1559.64
DSC_8446.JPG_min_y: 981.316
