1.181075326904418743e+00 4.630938778200109351e-01 -1.235906821384762452e+03
-1.358065739696029395e-01 1.478293585060164617e+00 -1.185793804877915136e+03
8.822363727616830398e-05 4.463716470835331720e-04 1.000000000000000000e+00
DSC_8428.JPG_max_x: 1257.21
DSC_8428.JPG_min_x: 614.16
DSC_8428.JPG_max_y: 1638.71
DSC_8428.JPG_min_y: 980.869
DSC_8475.JPG_max_x: 466.162
DSC_8475.JPG_min_x: 138.013
DSC_8475.JPG_max_y: 650.932
DSC_8475.JPG_min_y: 65.1855
