2.770210132955671090e-01 -2.695714887264868409e-01 1.042821555938817937e+03
4.382203906800463677e-02 7.658637988902865512e-01 -1.452299102118001031e+02
-3.469545526204506061e-04 -6.817354814735892837e-06 1.000000000000000000e+00
DSC_8405.JPG_max_x: 782.218
DSC_8405.JPG_min_x: 122.242
DSC_8405.JPG_max_y: 1553.94
DSC_8405.JPG_min_y: 923.062
DSC_8423.JPG_max_x: 1322.16
DSC_8423.JPG_min_x: 799.588
DSC_8423.JPG_max_y: 1368.47
DSC_8423.JPG_min_y: 601.327
