-6.345917516465122976e-02 -7.435623431042691633e-01 1.064911877320727854e+03
-6.813196046437876019e-01 1.813673622885109415e-01 9.130442967731707995e+02
-6.190911164141723547e-04 -3.175911247516621143e-04 1.000000000000000000e+00
DSC_8309.JPG_max_x: 555.977
DSC_8309.JPG_min_x: 42.3881
DSC_8309.JPG_max_y: 842.318
DSC_8309.JPG_min_y: 380.8
DSC_8322.JPG_max_x: 1320.89
DSC_8322.JPG_min_x: 621.622
DSC_8322.JPG_max_y: 1698.81
DSC_8322.JPG_min_y: 1123.34
