5.655492796299850244e-01 -3.014625535905560705e-01 5.283765687980740040e+02
-7.456011345337756890e-02 2.012943070087145625e-01 1.002823029694537354e+03
-8.654589665623696319e-05 -3.159984677037839108e-04 9.999999999999998890e-01
DSC_8307.JPG_max_x: 1120.53
DSC_8307.JPG_min_x: 28.656
DSC_8307.JPG_max_y: 627.682
DSC_8307.JPG_min_y: 104.62
DSC_8452.JPG_max_x: 1325.02
DSC_8452.JPG_min_x: 496.088
DSC_8452.JPG_max_y: 1432.19
DSC_8452.JPG_min_y: 1070.53
