3.347071095948138675e-01 2.881955698946953581e-01 1.115624841800378363e+03
-3.294992458538897329e-01 1.426055444811198836e+00 -1.528703994364681648e+03
-8.649360553705531546e-04 3.673857313028098875e-04 1.000000000000000000e+00
DSC_8368.JPG_max_x: 351.112
DSC_8368.JPG_min_x: 16.3552
DSC_8368.JPG_max_y: 1786.0
DSC_8368.JPG_min_y: 1303.21
DSC_8397.JPG_max_x: 1327.68
DSC_8397.JPG_min_x: 1002.38
DSC_8397.JPG_max_y: 618.719
DSC_8397.JPG_min_y: 196.635
