7.035312586610494856e-01 1.815670982887796214e-01 4.104729992660743676e+01
4.177077379799534751e-02 5.815895667737916996e-01 2.515155912137480527e+02
3.543642364880514426e-04 -2.704253397940481235e-04 1.000000000000000000e+00
DSC_8225.JPG_max_x: 1316.81
DSC_8225.JPG_min_x: 119.974
DSC_8225.JPG_max_y: 852.447
DSC_8225.JPG_min_y: 241.647
DSC_8259.JPG_max_x: 776.583
DSC_8259.JPG_min_x: 173.36
DSC_8259.JPG_max_y: 887.866
DSC_8259.JPG_min_y: 326.775
