4.340519943008965820e-01 -2.201981319489416389e-01 6.785093595836151792e+01
-5.017506672084471875e-01 2.122542115358130588e-01 1.276370979948313106e+03
-2.971152474609301420e-04 -1.595488478827967668e-04 9.999999999999998890e-01
DSC_8327.JPG_max_x: 1219.3
DSC_8327.JPG_min_x: 5.30192
DSC_8327.JPG_max_y: 1078.04
DSC_8327.JPG_min_y: 232.384
DSC_8440.JPG_max_x: 733.703
DSC_8440.JPG_min_x: 2.96629
DSC_8440.JPG_max_y: 1934.37
DSC_8440.JPG_min_y: 1420.34
