1.982239329193980382e+02 9.075579296078598190e+01 5.937976477278381208e+04
4.550401639296307366e+01 4.717022183211641391e+02 -6.111054090326541336e+05
-1.388458616632735065e-01 1.853088455331329543e-01 1.000000000000000000e+00
DSC_8200.JPG_max_x: 426.433
DSC_8200.JPG_min_x: 272.015
DSC_8200.JPG_max_y: 1649.86
DSC_8200.JPG_min_y: 1398.51
DSC_8235.JPG_max_x: 1304.8
DSC_8235.JPG_min_x: 984.774
DSC_8235.JPG_max_y: 677.61
DSC_8235.JPG_min_y: 292.273
