4.366813407727270224e-01 -2.498387588877881149e-01 7.937311868558990682e+02
3.999992627168237613e-02 6.527429145437668723e-01 1.870582091356672265e+02
-1.527803043397953466e-04 -4.392184968968595641e-05 1.000000000000000000e+00
DSC_8329.JPG_max_x: 1114.93
DSC_8329.JPG_min_x: 256.188
DSC_8329.JPG_max_y: 1564.02
DSC_8329.JPG_min_y: 37.2677
DSC_8441.JPG_max_x: 1248.37
DSC_8441.JPG_min_x: 714.679
DSC_8441.JPG_max_y: 1614.93
DSC_8441.JPG_min_y: 263.558
