1.772451768224745816e+00 4.288178097492760243e-01 -5.771435876530249516e+02
-8.570830289419761883e-02 2.103266234530701162e+00 -1.635083882078229635e+03
-1.853502857717106360e-05 5.416317404929455988e-04 1.000000000000000000e+00
DSC_8306.JPG_max_x: 1290.87
DSC_8306.JPG_min_x: 72.0435
DSC_8306.JPG_max_y: 1600.34
DSC_8306.JPG_min_y: 874.862
DSC_8307.JPG_max_x: 1324.98
DSC_8307.JPG_min_x: 28.656
DSC_8307.JPG_max_y: 880.052
DSC_8307.JPG_min_y: 104.62
