5.490751074259507813e-01 -5.070693125547585112e-01 4.366339015655087223e+02
6.476683040131503422e-01 7.053427784370298603e-01 1.276718239668170298e+02
1.262989527806402214e-05 -1.907466611008434138e-04 1.000000000000000000e+00
DSC_8217.JPG_max_x: 1097.24
DSC_8217.JPG_min_x: 470.505
DSC_8217.JPG_max_y: 963.497
DSC_8217.JPG_min_y: 20.4889
DSC_8439.JPG_max_x: 1101.08
DSC_8439.JPG_min_x: 258.0
DSC_8439.JPG_max_y: 1421.97
DSC_8439.JPG_min_y: 668.033
