1.403967459959576392e-01 -1.326129371969107240e-01 8.650964113089057719e+02
-2.453809725510691375e-01 7.678184678042336841e-01 4.548934764292718569e+02
-2.742414106936361009e-04 -7.043918702751007755e-05 1.000000000000000000e+00
DSC_8314.JPG_max_x: 901.221
DSC_8314.JPG_min_x: 43.6003
DSC_8314.JPG_max_y: 1309.83
DSC_8314.JPG_min_y: 286.216
DSC_8458.JPG_max_x: 1304.45
DSC_8458.JPG_min_x: 770.088
DSC_8458.JPG_max_y: 1619.32
DSC_8458.JPG_min_y: 606.328
