1.184006404272965440e+00 1.804679585956485768e-02 -3.530962753709292201e+02
-2.418275136849685342e-02 1.193017170641903046e+00 -1.923466925730381831e+02
-2.470368869398171274e-05 1.384161627156957122e-05 9.999999999999998890e-01
DSC_8198.JPG_max_x: 1320.93
DSC_8198.JPG_min_x: 288.3
DSC_8198.JPG_max_y: 1827.89
DSC_8198.JPG_min_y: 637.944
DSC_8218.JPG_max_x: 1246.06
DSC_8218.JPG_min_x: 7.88829
DSC_8218.JPG_max_y: 1969.97
DSC_8218.JPG_min_y: 553.643
