-4.611465275069063452e+00 -3.591924628404852271e+00 1.202943226501087892e+01
-4.323822783885697407e-01 -9.745928252956867155e+00 9.114201734797408790e+03
1.673628535336035839e-03 -8.430032766782785333e-03 1.000000000000000000e+00
DSC_8306.JPG_max_x: 1186.49
DSC_8306.JPG_min_x: 31.0451
DSC_8306.JPG_max_y: 1441.29
DSC_8306.JPG_min_y: 971.422
DSC_8353.JPG_max_x: 1295.66
DSC_8353.JPG_min_x: 480.216
DSC_8353.JPG_max_y: 595.67
DSC_8353.JPG_min_y: 98.586
