1.627403212108832431e+00 3.661010315805646870e-02 -4.307257930215262718e+02
8.994152999436064166e-02 1.538985056921978067e+00 -4.738622058293542523e+02
1.114257142369561433e-04 3.623482961648452464e-06 1.000000000000000000e+00
DSC_8216.JPG_max_x: 1166.66
DSC_8216.JPG_min_x: 263.702
DSC_8216.JPG_max_y: 1670.81
DSC_8216.JPG_min_y: 507.534
DSC_8346.JPG_max_x: 1328.91
DSC_8346.JPG_min_x: 14.9373
DSC_8346.JPG_max_y: 1972.13
DSC_8346.JPG_min_y: 277.775
