1.469550585655186925e+00 -3.432783537288668363e-01 4.524817395541572864e+02
1.737291055662447403e-01 1.193782816366575350e+00 2.161443652252986283e+02
1.077738861138569863e-04 3.179124440488695483e-05 1.000000000000000000e+00
DSC_8315.JPG_max_x: 584.48
DSC_8315.JPG_min_x: 81.0247
DSC_8315.JPG_max_y: 1029.38
DSC_8315.JPG_min_y: 29.3626
DSC_8421.JPG_max_x: 1031.24
DSC_8421.JPG_min_x: 344.521
DSC_8421.JPG_max_y: 1395.09
DSC_8421.JPG_min_y: 255.647
