7.643343299355964682e-01 -6.554491959280575597e-02 1.837028378862284796e+02
8.556944876192734695e-02 5.047552573376868912e-01 9.959339372897453586e+02
4.426531856118138473e-05 -1.706235933157399995e-04 1.000000000000000000e+00
DSC_8383.JPG_max_x: 1087.66
DSC_8383.JPG_min_x: 151.482
DSC_8383.JPG_max_y: 1083.84
DSC_8383.JPG_min_y: 430.989
DSC_8394.JPG_max_x: 1090.95
DSC_8394.JPG_min_x: 296.359
DSC_8394.JPG_max_y: 1889.22
DSC_8394.JPG_min_y: 1315.12
