-4.766352427380265988e-01 -7.334513708527488074e-01 9.306054601368365411e+02
-1.287457572790622784e+00 -5.177159022112239883e-01 1.474076163499395761e+03
-8.662068123502338545e-04 -5.745953561034467623e-04 1.000000000000000000e+00
DSC_8339.JPG_max_x: 570.825
DSC_8339.JPG_min_x: 76.4286
DSC_8339.JPG_max_y: 665.359
DSC_8339.JPG_min_y: 186.308
DSC_8380.JPG_max_x: 1326.81
DSC_8380.JPG_min_x: 699.113
DSC_8380.JPG_max_y: 1884.66
DSC_8380.JPG_min_y: 1574.74
