2.322314453225886588e+00 -1.517535512845533119e-01 -9.201370651929978521e+02
1.102463546696390989e-01 1.876426023829719680e+00 -7.101087649576483045e+02
7.966612667903930761e-05 -3.147682057778853921e-04 1.000000000000000000e+00
DSC_8334.JPG_max_x: 871.218
DSC_8334.JPG_min_x: 463.011
DSC_8334.JPG_max_y: 1085.0
DSC_8334.JPG_min_y: 743.379
DSC_8464.JPG_max_x: 1278.05
DSC_8464.JPG_min_x: 24.1371
DSC_8464.JPG_max_y: 1932.72
DSC_8464.JPG_min_y: 929.223
