3.030889489936602343e-01 -2.279072350876144293e-01 7.096255196247615231e+02
4.993434505999851114e-02 4.772363953086575239e-01 2.069423418051892938e+01
-1.436446753251203784e-04 5.067592476608818785e-05 1.000000000000000000e+00
DSC_8225.JPG_max_x: 714.007
DSC_8225.JPG_min_x: 193.424
DSC_8225.JPG_max_y: 882.617
DSC_8225.JPG_min_y: 298.797
DSC_8381.JPG_max_x: 895.827
DSC_8381.JPG_min_x: 557.567
DSC_8381.JPG_max_y: 444.834
DSC_8381.JPG_min_y: 189.378
