1.519912875442514411e+00 1.040652592651835767e-01 -5.737424518738160941e+02
2.740262569195072717e-01 1.042918279676800175e+00 1.354512902377163073e+02
3.006799461151260077e-04 -4.536386214196612079e-05 1.000000000000000000e+00
DSC_8352.JPG_max_x: 1304.75
DSC_8352.JPG_min_x: 476.185
DSC_8352.JPG_max_y: 1482.98
DSC_8352.JPG_min_y: 816.347
DSC_8472.JPG_max_x: 1210.67
DSC_8472.JPG_min_x: 270.048
DSC_8472.JPG_max_y: 1545.8
DSC_8472.JPG_min_y: 981.179
