7.412304434293767175e-01 -2.412915240563136103e-03 1.746400761439695373e+02
2.891794816462801496e-02 5.514840873718052094e-01 -5.516492551274664038e+02
1.573089295068701469e-04 -8.301927610585085545e-05 1.000000000000000000e+00
DSC_8228.JPG_max_x: 823.701
DSC_8228.JPG_min_x: 151.153
DSC_8228.JPG_max_y: 1816.19
DSC_8228.JPG_min_y: 1367.2
DSC_8261.JPG_max_x: 786.969
DSC_8261.JPG_min_x: 306.609
DSC_8261.JPG_max_y: 506.555
DSC_8261.JPG_min_y: 214.296
