-4.074153954856318371e+00 -1.127143719816781742e+00 1.537184250218171201e+03
-3.279459531047463489e-02 -4.878138277314585380e+00 4.899349039349060149e+03
-1.296762026919012236e-04 -1.768172374978014064e-03 1.000000000000000000e+00
DSC_8350.JPG_max_x: 369.677
DSC_8350.JPG_min_x: 264.351
DSC_8350.JPG_max_y: 1207.1
DSC_8350.JPG_min_y: 1039.9
DSC_8469.JPG_max_x: 1281.61
DSC_8469.JPG_min_x: 808.317
DSC_8469.JPG_max_y: 849.714
DSC_8469.JPG_min_y: 214.452
