5.913568279562132490e-01 -1.143943510548727227e-01 3.975861630342653257e+02
-7.922416343740106004e-02 4.381720860525166739e-01 9.430369698308932129e+02
-8.028673390519109189e-05 -1.576541511033558666e-04 1.000000000000000000e+00
DSC_8443.JPG_max_x: 1205.04
DSC_8443.JPG_min_x: 17.723
DSC_8443.JPG_max_y: 977.737
DSC_8443.JPG_min_y: 124.286
DSC_8474.JPG_max_x: 1280.82
DSC_8474.JPG_min_x: 380.336
DSC_8474.JPG_max_y: 1694.23
DSC_8474.JPG_min_y: 1025.31
