1.389031251755546315e+00 7.434204662387172702e-02 2.985120151283979908e+02
2.735390871358618914e-01 1.311823012161286384e+00 -2.115127936827657606e+01
2.195540310525774259e-04 1.913185961746288429e-04 1.000000000000000000e+00
DSC_8222.JPG_max_x: 1038.0
DSC_8222.JPG_min_x: 45.3983
DSC_8222.JPG_max_y: 1686.41
DSC_8222.JPG_min_y: 792.265
DSC_8430.JPG_max_x: 1324.5
DSC_8430.JPG_min_x: 113.572
DSC_8430.JPG_max_y: 1612.17
DSC_8430.JPG_min_y: 941.346
