5.407331186352282160e+00 1.444334205429040008e+00 -4.272115209656757543e+03
1.637579860625605066e-01 5.965401188510611519e+00 -7.290952057782415068e+03
5.359828364078913577e-04 2.012370627549314034e-03 1.000000000000000000e+00
DSC_8286.JPG_max_x: 1296.73
DSC_8286.JPG_min_x: 569.76
DSC_8286.JPG_max_y: 1967.59
DSC_8286.JPG_min_y: 1213.22
DSC_8287.JPG_max_x: 1015.65
DSC_8287.JPG_min_x: 176.73
DSC_8287.JPG_max_y: 850.221
DSC_8287.JPG_min_y: 34.4475
