-8.314717698250058409e-02 4.436883649341791802e-01 -1.610944076652911292e+02
1.415151705415580718e-01 4.644142547663656084e-01 -4.790238093674984725e+02
-1.112230085997772998e-03 3.944937663722025614e-04 1.000000000000000000e+00
DSC_8230.JPG_max_x: 1111.55
DSC_8230.JPG_min_x: 358.022
DSC_8230.JPG_max_y: 1935.07
DSC_8230.JPG_min_y: 942.35
DSC_8231.JPG_max_x: 1133.96
DSC_8231.JPG_min_x: 198.917
DSC_8231.JPG_max_y: 1002.77
DSC_8231.JPG_min_y: 118.402
