6.027699289228453106e-01 -1.994552364750735995e-02 1.707788947953679610e+02
1.376184754657799603e-01 4.687490418091836419e-01 5.126802475094024203e+02
1.544882377900052585e-04 -4.658543187062759314e-05 1.000000000000000000e+00
DSC_8318.JPG_max_x: 1286.05
DSC_8318.JPG_min_x: 134.388
DSC_8318.JPG_max_y: 1986.3
DSC_8318.JPG_min_y: 478.721
DSC_8350.JPG_max_x: 797.661
DSC_8350.JPG_min_x: 243.122
DSC_8350.JPG_max_y: 1484.55
DSC_8350.JPG_min_y: 764.896
