-2.964563649938775983e-02 -7.155375223301461141e-01 6.172301750319430766e+02
-3.075696001434962135e-01 -1.138192871552916152e+00 1.251515930184269109e+03
-2.410869407796647308e-04 -1.011788441904998932e-03 1.000000000000000000e+00
DSC_8307.JPG_max_x: 1264.4
DSC_8307.JPG_min_x: 260.848
DSC_8307.JPG_max_y: 604.942
DSC_8307.JPG_min_y: 182.556
DSC_8396.JPG_max_x: 1150.49
DSC_8396.JPG_min_x: 420.485
DSC_8396.JPG_max_y: 1491.1
DSC_8396.JPG_min_y: 1259.13
