5.232811517877650198e-01 -1.296569575768667659e-01 1.523759938254094664e+02
-2.106982218391558470e-01 2.686849056820954096e-01 5.807323926113313064e+02
-2.190179946833697489e-04 -1.791812806052636795e-04 1.000000000000000000e+00
DSC_8360.JPG_max_x: 1244.63
DSC_8360.JPG_min_x: 190.218
DSC_8360.JPG_max_y: 1785.65
DSC_8360.JPG_min_y: 1095.26
DSC_8422.JPG_max_x: 1326.15
DSC_8422.JPG_min_x: 174.054
DSC_8422.JPG_max_y: 1856.54
DSC_8422.JPG_min_y: 1114.34
