1.091765944646696074e+00 -3.782772838523118519e-01 6.102203627786903439e+01
-6.610274746727463901e-02 4.168333482874628237e-01 1.263478964510598189e+03
-1.473123260848321252e-04 -4.641412419217034817e-04 1.000000000000000000e+00
DSC_8201.JPG_max_x: 850.249
DSC_8201.JPG_min_x: 165.974
DSC_8201.JPG_max_y: 462.769
DSC_8201.JPG_min_y: 96.3623
DSC_8236.JPG_max_x: 1148.62
DSC_8236.JPG_min_x: 135.076
DSC_8236.JPG_max_y: 1909.83
DSC_8236.JPG_min_y: 1497.99
