1.212412992974729153e+00 -1.245062922387271259e-01 2.437789328112020257e+02
3.525585757665877090e-02 1.079887803661843781e+00 1.638500055829588007e+02
-2.390707595030714302e-05 -1.702424460290924044e-04 1.000000000000000000e+00
DSC_8314.JPG_max_x: 490.642
DSC_8314.JPG_min_x: 54.495
DSC_8314.JPG_max_y: 1234.34
DSC_8314.JPG_min_y: 480.132
DSC_8420.JPG_max_x: 869.066
DSC_8420.JPG_min_x: 273.044
DSC_8420.JPG_max_y: 1904.18
DSC_8420.JPG_min_y: 747.981
