4.499735571631875430e-01 2.215270110212977928e-01 7.124062316394274603e+02
-1.464881550392261311e-01 1.667193021456788937e+00 -1.389447064634979597e+03
-6.642109280014364767e-04 3.919090246119393494e-04 1.000000000000000000e+00
DSC_8314.JPG_max_x: 340.139
DSC_8314.JPG_min_x: 31.6257
DSC_8314.JPG_max_y: 1785.75
DSC_8314.JPG_min_y: 915.082
DSC_8459.JPG_max_x: 919.87
DSC_8459.JPG_min_x: 671.939
DSC_8459.JPG_max_y: 1016.9
DSC_8459.JPG_min_y: 99.2238
