1.207425755133665124e+00 -5.327247738239705432e-01 -4.599037171251966925e+02
1.524726766940386058e-01 -6.070684333459470949e-02 5.713244338571022354e+02
1.019317797901865346e-04 -7.525118763504134393e-04 1.000000000000000000e+00
DSC_8266.JPG_max_x: 1150.03
DSC_8266.JPG_min_x: 756.992
DSC_8266.JPG_max_y: 900.595
DSC_8266.JPG_min_y: 522.28
DSC_8464.JPG_max_x: 849.148
DSC_8464.JPG_min_x: 68.5007
DSC_8464.JPG_max_y: 1561.88
DSC_8464.JPG_min_y: 951.368
