1.422184760992889929e+00 3.618261476119103426e-01 -5.328075080357805859e+01
-5.592200622176123417e-03 1.554031616390473713e+00 1.523429879209682980e+01
-1.327861872951359695e-04 5.337728956376842004e-04 9.999999999999998890e-01
DSC_8367.JPG_max_x: 862.809
DSC_8367.JPG_min_x: 332.66
DSC_8367.JPG_max_y: 410.561
DSC_8367.JPG_min_y: 163.743
DSC_8447.JPG_max_x: 1281.57
DSC_8447.JPG_min_x: 477.452
DSC_8447.JPG_max_y: 575.597
DSC_8447.JPG_min_y: 292.553
