1.051668939184425611e+00 2.058631787868223650e-01 -7.664778881422897712e+02
3.097647115482448643e-01 8.860032016741478111e-01 8.359284770484654246e+02
3.301907718117885336e-04 -6.386614673794243637e-05 1.000000000000000000e+00
DSC_8445.JPG_max_x: 1325.61
DSC_8445.JPG_min_x: 601.432
DSC_8445.JPG_max_y: 910.482
DSC_8445.JPG_min_y: 342.082
DSC_8474.JPG_max_x: 544.231
DSC_8474.JPG_min_x: 19.6454
DSC_8474.JPG_max_y: 1555.58
DSC_8474.JPG_min_y: 1121.34
