1.200090416427469275e+00 -5.404126089312852321e-02 -1.028853706810079700e+02
1.644314396300211867e-01 1.124998395021792774e+00 -8.885473964016917137e+00
1.402326974910668108e-04 -5.798115826868675696e-05 1.000000000000000000e+00
DSC_8362.JPG_max_x: 1330.47
DSC_8362.JPG_min_x: 117.979
DSC_8362.JPG_max_y: 1564.64
DSC_8362.JPG_min_y: 781.984
DSC_8400.JPG_max_x: 1288.06
DSC_8400.JPG_min_x: 8.05401
DSC_8400.JPG_max_y: 1917.76
DSC_8400.JPG_min_y: 919.74
