2.554837680637674358e-01 -1.068852125704456840e-01 1.063759681674536751e+03
-3.411758715247916185e-01 7.481727470694949922e-01 2.478177321632909980e+02
-4.353138288429227328e-04 -4.799273469519675622e-07 1.000000000000000000e+00
DSC_8306.JPG_max_x: 462.169
DSC_8306.JPG_min_x: 15.432
DSC_8306.JPG_max_y: 1308.87
DSC_8306.JPG_min_y: 579.367
DSC_8336.JPG_max_x: 1329.33
DSC_8336.JPG_min_x: 941.235
DSC_8336.JPG_max_y: 1295.57
DSC_8336.JPG_min_y: 670.315
