5.639252976203128487e-01 2.073430982503477182e-01 -2.291718899810489063e+02
-1.652660289638835656e-01 4.732576610910850801e-01 4.945160818225510297e+02
6.084063118194589547e-05 -1.211373268375561538e-04 1.000000000000000000e+00
DSC_8235.JPG_max_x: 1304.8
DSC_8235.JPG_min_x: 187.876
DSC_8235.JPG_max_y: 946.172
DSC_8235.JPG_min_y: 292.273
DSC_8379.JPG_max_x: 592.134
DSC_8379.JPG_min_x: 68.1773
DSC_8379.JPG_max_y: 1010.34
DSC_8379.JPG_min_y: 433.42
