7.216409416039473168e-01 -7.636288240864175236e-02 9.120570978816370200e+01
8.899412962968209287e-03 7.594437026128073587e-01 -2.433444788039660978e+01
-7.587005002895457493e-05 -4.864045522160267038e-05 9.999999999999998890e-01
DSC_8215.JPG_max_x: 1327.67
DSC_8215.JPG_min_x: 229.796
DSC_8215.JPG_max_y: 1138.18
DSC_8215.JPG_min_y: 105.123
DSC_8231.JPG_max_x: 1133.96
DSC_8231.JPG_min_x: 235.988
DSC_8231.JPG_max_y: 1002.77
DSC_8231.JPG_min_y: 60.4513
