1.268022709449804779e+02 -1.026849787361588895e+01 1.558486319541060311e+03
7.068394306885785738e+01 -2.732652101324243077e+00 -1.461283839522180187e+03
1.179603397314779867e-01 -8.989469496541651478e-03 1.000000000000000000e+00
DSC_8441.JPG_max_x: 1204.76
DSC_8441.JPG_min_x: 24.1485
DSC_8441.JPG_max_y: 1105.09
DSC_8441.JPG_min_y: 42.7743
DSC_8475.JPG_max_x: 1257.36
DSC_8475.JPG_min_x: 312.352
DSC_8475.JPG_max_y: 913.584
DSC_8475.JPG_min_y: 17.0249
