4.632826328069659105e-01 -1.058331487928538400e-01 3.903008875897093617e+02
-2.600208033576779584e-02 6.405547638352216966e-01 5.688452699032366127e+02
-6.082539808823436836e-05 1.292367725608890300e-06 1.000000000000000000e+00
DSC_8292.JPG_max_x: 1313.11
DSC_8292.JPG_min_x: 250.777
DSC_8292.JPG_max_y: 1438.56
DSC_8292.JPG_min_y: 688.366
DSC_8396.JPG_max_x: 1015.61
DSC_8396.JPG_min_x: 374.368
DSC_8396.JPG_max_y: 1527.33
DSC_8396.JPG_min_y: 1052.27
