2.062782589874227190e-01 2.802883123179794947e-02 7.036901013060349896e+02
-5.576798811201767649e-04 2.464956997046905685e-01 7.083077447764839008e+02
-4.856198815227013113e-06 3.691189721855125120e-05 1.000000000000000000e+00
DSC_8284.JPG_max_x: 1279.75
DSC_8284.JPG_min_x: 164.73
DSC_8284.JPG_max_y: 1326.62
DSC_8284.JPG_min_y: 290.284
DSC_8350.JPG_max_x: 971.169
DSC_8350.JPG_min_x: 736.713
DSC_8350.JPG_max_y: 988.185
DSC_8350.JPG_min_y: 774.692
