1.371858625329017256e+00 -7.206109258459574285e-01 1.487082176344801383e+03
6.658298009968678377e-01 4.263876855843639624e-01 2.437464329679570767e+02
5.061860927700269526e-04 -2.571999580187095576e-04 1.000000000000000000e+00
DSC_8385.JPG_max_x: 480.717
DSC_8385.JPG_min_x: 28.9963
DSC_8385.JPG_max_y: 1498.39
DSC_8385.JPG_min_y: 833.013
DSC_8395.JPG_max_x: 1324.81
DSC_8395.JPG_min_x: 969.785
DSC_8395.JPG_max_y: 1403.38
DSC_8395.JPG_min_y: 805.861
