-2.353591464781663145e+00 -3.358040470644762521e-01 6.074373223086789153e+01
-4.155184249254897377e-01 -3.607658094007678340e+00 3.853262064799921973e+03
-3.554382517885698871e-04 -2.078195680537633754e-03 1.000000000000000000e+00
DSC_8244.JPG_max_x: 891.77
DSC_8244.JPG_min_x: 25.8407
DSC_8244.JPG_max_y: 1613.08
DSC_8244.JPG_min_y: 1226.06
DSC_8427.JPG_max_x: 1207.91
DSC_8427.JPG_min_x: 224.222
DSC_8427.JPG_max_y: 888.646
DSC_8427.JPG_min_y: 412.966
