7.376093038726502904e+00 3.618602322302727270e+00 -9.073031549404331599e+03
-4.180934866361698532e-01 7.727551782470992059e+00 2.104479943570804608e+02
7.360392732643391807e-04 2.649100135894290331e-03 1.000000000000000000e+00
DSC_8195.JPG_max_x: 1327.37
DSC_8195.JPG_min_x: 1162.4
DSC_8195.JPG_max_y: 1126.54
DSC_8195.JPG_min_y: 44.5269
DSC_8387.JPG_max_x: 973.208
DSC_8387.JPG_min_x: 62.6895
DSC_8387.JPG_max_y: 1703.59
DSC_8387.JPG_min_y: 17.9707
