-4.416246904384015792e-01 -5.130059598576093283e-01 1.117075421515360176e+03
1.451113814802900415e-01 -1.311076641207521432e+00 1.752871250877098873e+03
4.121702504609244672e-04 -1.349494218839583084e-03 9.999999999999998890e-01
DSC_8216.JPG_max_x: 1312.58
DSC_8216.JPG_min_x: 977.823
DSC_8216.JPG_max_y: 1832.8
DSC_8216.JPG_min_y: 1533.65
DSC_8249.JPG_max_x: 460.034
DSC_8249.JPG_min_x: 136.834
DSC_8249.JPG_max_y: 500.676
DSC_8249.JPG_min_y: 175.584
