9.496980509347768828e-01 -2.068185665794753519e-02 3.347241232057606339e+02
2.343191738550115186e-02 8.544732257297289468e-01 9.887608883432237405e+01
1.915334280615452054e-05 -5.163247048971189720e-05 9.999999999999998890e-01
DSC_8220.JPG_max_x: 970.982
DSC_8220.JPG_min_x: 14.1375
DSC_8220.JPG_max_y: 1592.49
DSC_8220.JPG_min_y: 752.687
DSC_8350.JPG_max_x: 1235.65
DSC_8350.JPG_min_x: 343.009
DSC_8350.JPG_max_y: 1579.62
DSC_8350.JPG_min_y: 768.12
