1.991935090616205217e+00 1.069892195895806308e+00 -1.432106985826350638e+03
-2.174682000123961678e-01 5.149995336850087035e+00 -5.725592202729883866e+03
-1.218621463778015368e-03 1.870004287260299729e-03 9.999999999999998890e-01
DSC_8234.JPG_max_x: 1306.58
DSC_8234.JPG_min_x: 857.817
DSC_8234.JPG_max_y: 1766.21
DSC_8234.JPG_min_y: 1164.38
DSC_8267.JPG_max_x: 1318.24
DSC_8267.JPG_min_x: 704.218
DSC_8267.JPG_max_y: 1140.99
DSC_8267.JPG_min_y: 38.9604
