9.459684236491191500e-01 4.665231639359896515e-02 -5.395937838721368962e+02
-1.650040878997984795e-01 1.063087417403844714e+00 -1.002165669322326806e+02
1.610986468661240622e-05 8.030655490907089597e-05 1.000000000000000000e+00
DSC_8263.JPG_max_x: 1325.45
DSC_8263.JPG_min_x: 838.979
DSC_8263.JPG_max_y: 1270.66
DSC_8263.JPG_min_y: 564.904
DSC_8279.JPG_max_x: 700.536
DSC_8279.JPG_min_x: 259.174
DSC_8279.JPG_max_y: 919.959
DSC_8279.JPG_min_y: 270.91
