5.578009319137500199e-01 -5.149144844537428822e-01 -2.581808953671546192e+02
3.929554481775201502e-01 -9.004227266728894730e-01 1.670192770136474962e+02
4.656224430588924257e-04 -2.241741099783822050e-03 1.000000000000000000e+00
DSC_8307.JPG_max_x: 1252.72
DSC_8307.JPG_min_x: 557.162
DSC_8307.JPG_max_y: 754.977
DSC_8307.JPG_min_y: 201.106
DSC_8429.JPG_max_x: 1254.96
DSC_8429.JPG_min_x: 2.4934
DSC_8429.JPG_max_y: 759.046
DSC_8429.JPG_min_y: 216.276
