7.161743285770418854e-01 -1.167217020973132235e-01 5.237474627743797839e+01
-1.545918857909116262e-02 7.719174465788207762e-01 8.065850833583371013e+02
-5.267265293564545156e-05 1.253962027463941670e-04 1.000000000000000000e+00
DSC_8259.JPG_max_x: 1221.72
DSC_8259.JPG_min_x: 68.3359
DSC_8259.JPG_max_y: 1024.95
DSC_8259.JPG_min_y: 298.747
DSC_8294.JPG_max_x: 869.235
DSC_8294.JPG_min_x: 70.2999
DSC_8294.JPG_max_y: 1442.08
DSC_8294.JPG_min_y: 1030.65
