1.247363126931682498e+00 -6.210675591880632923e-02 4.921366312081622709e+02
6.786877141454025764e-03 1.312121959676603167e+00 -2.642720735863397294e+02
6.818535021265743783e-06 2.072329289599150249e-04 1.000000000000000000e+00
DSC_8331.JPG_max_x: 922.444
DSC_8331.JPG_min_x: 72.0201
DSC_8331.JPG_max_y: 1260.13
DSC_8331.JPG_min_y: 232.558
DSC_8347.JPG_max_x: 1294.9
DSC_8347.JPG_min_x: 455.133
DSC_8347.JPG_max_y: 1124.18
DSC_8347.JPG_min_y: 60.6756
