1.270757433950386428e+00 4.674406632710334519e-01 -1.378867879174328436e+03
5.306129696861807687e-01 7.718979325567981720e-01 2.886531014479813280e+02
5.336084585458362615e-04 -9.755909868468046881e-05 1.000000000000000000e+00
DSC_8204.JPG_max_x: 1200.26
DSC_8204.JPG_min_x: 451.803
DSC_8204.JPG_max_y: 1902.5
DSC_8204.JPG_min_y: 1578.15
DSC_8210.JPG_max_x: 616.233
DSC_8210.JPG_min_x: 56.9568
DSC_8210.JPG_max_y: 1884.03
DSC_8210.JPG_min_y: 1430.34
