7.306833020807923518e-01 -1.452066710071877598e-01 -2.337916937757099163e+02
-1.461548676137406910e-01 3.767765343723422644e-01 5.525643767135791222e+02
-1.611199382525703775e-04 -1.664024750976720159e-04 1.000000000000000000e+00
DSC_8274.JPG_max_x: 1256.66
DSC_8274.JPG_min_x: 554.661
DSC_8274.JPG_max_y: 1349.13
DSC_8274.JPG_min_y: 477.461
DSC_8474.JPG_max_x: 810.152
DSC_8474.JPG_min_x: 86.7203
DSC_8474.JPG_max_y: 1439.26
DSC_8474.JPG_min_y: 754.589
