6.473583518617086474e-01 -2.428271422984683292e-01 3.145262985320638904e+02
7.068586416350813167e-04 1.662623242203951635e-01 1.200837594395093674e+03
-1.000950121261575674e-05 -3.232925346453342785e-04 1.000000000000000000e+00
DSC_8351.JPG_max_x: 1235.1
DSC_8351.JPG_min_x: 255.82
DSC_8351.JPG_max_y: 760.92
DSC_8351.JPG_min_y: 6.69092
DSC_8398.JPG_max_x: 1194.65
DSC_8398.JPG_min_x: 484.282
DSC_8398.JPG_max_y: 1772.71
DSC_8398.JPG_min_y: 1206.06
