1.532154139259938708e+00 2.524729271800705277e-01 -7.880089904968061774e+02
2.166429570479161959e-01 1.869629550522975414e+00 -1.639751520819673033e+03
1.739443299408016089e-04 5.001591605559503910e-04 1.000000000000000000e+00
DSC_8326.JPG_max_x: 1317.0
DSC_8326.JPG_min_x: 300.823
DSC_8326.JPG_max_y: 1855.65
DSC_8326.JPG_min_y: 885.689
DSC_8441.JPG_max_x: 833.374
DSC_8441.JPG_min_x: 38.8613
DSC_8441.JPG_max_y: 944.962
DSC_8441.JPG_min_y: 151.811
