1.477575843390062982e+00 -3.572452797381654027e-02 -1.676667076782489403e+02
-2.176081787906847254e-02 1.315039271611476046e+00 4.622515570508888914e+02
6.395130904784306026e-05 2.419806499071117382e-06 1.000000000000000000e+00
DSC_8297.JPG_max_x: 776.633
DSC_8297.JPG_min_x: 123.236
DSC_8297.JPG_max_y: 556.555
DSC_8297.JPG_min_y: 54.9892
DSC_8327.JPG_max_x: 931.728
DSC_8327.JPG_min_x: 22.3177
DSC_8327.JPG_max_y: 1159.61
DSC_8327.JPG_min_y: 497.288
