2.526978401341371527e-01 -2.221176155780371642e-01 7.678463479909311218e+02
-2.904253622630833531e-01 6.527194113174553669e-01 -4.679600003596861484e+02
-6.459073003138048920e-04 -7.224343728117286611e-05 1.000000000000000000e+00
DSC_8326.JPG_max_x: 461.839
DSC_8326.JPG_min_x: 41.1903
DSC_8326.JPG_max_y: 1823.03
DSC_8326.JPG_min_y: 1356.24
DSC_8411.JPG_max_x: 948.802
DSC_8411.JPG_min_x: 455.805
DSC_8411.JPG_max_y: 900.354
DSC_8411.JPG_min_y: 476.318
