1.389526797247266243e+00 2.873377466687926374e-01 -7.932998294476284400e+02
4.024876171835300553e+00 -4.612154653405556637e+00 8.379123616873579294e+02
2.617265312603533900e-03 -3.790799312976684578e-03 1.000000000000000000e+00
DSC_8337.JPG_max_x: 1278.51
DSC_8337.JPG_min_x: 467.919
DSC_8337.JPG_max_y: 580.048
DSC_8337.JPG_min_y: 175.845
DSC_8380.JPG_max_x: 872.335
DSC_8380.JPG_min_x: 34.6355
DSC_8380.JPG_max_y: 1756.65
DSC_8380.JPG_min_y: 1295.53
