1.354125932771123919e+00 -5.977438468763437290e-02 -9.695539484565315433e+02
-1.381760115718419224e-01 1.470319605932599583e+00 -4.704369194908493910e+02
-1.551146280734369066e-04 -7.904841524789228420e-05 1.000000000000000000e+00
DSC_8196.JPG_max_x: 1328.2
DSC_8196.JPG_min_x: 933.915
DSC_8196.JPG_max_y: 1369.45
DSC_8196.JPG_min_y: 794.036
DSC_8404.JPG_max_x: 1079.93
DSC_8404.JPG_min_x: 294.269
DSC_8404.JPG_max_y: 1949.35
DSC_8404.JPG_min_y: 711.83
