-1.067249762466720320e+00 -5.975143360916621571e-01 1.316870357791920014e+03
-1.741920945521854502e+00 2.803319891835253860e-02 1.229630998614034752e+03
-7.919801946366779397e-04 -4.534424643789503051e-04 9.999999999999998890e-01
DSC_8355.JPG_max_x: 692.236
DSC_8355.JPG_min_x: 8.92951
DSC_8355.JPG_max_y: 929.19
DSC_8355.JPG_min_y: 420.502
DSC_8396.JPG_max_x: 1324.31
DSC_8396.JPG_min_x: 751.269
DSC_8396.JPG_max_y: 1717.68
DSC_8396.JPG_min_y: 1126.79
