7.950419167043380753e-02 -1.446105317819503577e+00 1.106071516067548600e+03
9.142904032318181773e-02 -1.396681760578864617e+00 1.046593856223100374e+03
-5.248701319728150489e-05 -1.138865666762324362e-03 1.000000000000000000e+00
DSC_8250.JPG_max_x: 1193.22
DSC_8250.JPG_min_x: 471.512
DSC_8250.JPG_max_y: 1257.09
DSC_8250.JPG_min_y: 728.514
DSC_8400.JPG_max_x: 1321.01
DSC_8400.JPG_min_x: 146.491
DSC_8400.JPG_max_y: 1580.65
DSC_8400.JPG_min_y: 240.759
