4.316845101176722821e-01 -1.231806199074346464e-01 2.477516400288618925e+01
-7.165183015981262393e-01 6.773233455053551122e-01 7.960451538372375353e+02
-4.012425063513308781e-04 2.011194393119481239e-05 1.000000000000000000e+00
DSC_8324.JPG_max_x: 1323.16
DSC_8324.JPG_min_x: 47.0669
DSC_8324.JPG_max_y: 1718.13
DSC_8324.JPG_min_y: 1194.67
DSC_8426.JPG_max_x: 825.293
DSC_8426.JPG_min_x: 4.5789
DSC_8426.JPG_max_y: 1976.04
DSC_8426.JPG_min_y: 1451.43
