8.784823704938938826e-01 -8.048174755330357588e-02 -1.013004186177091555e+02
8.279803583104403120e-02 8.539870538643177245e-01 4.050793867327531075e+02
4.977711932806127486e-05 6.799186721257093958e-05 1.000000000000000000e+00
DSC_8320.JPG_max_x: 1319.61
DSC_8320.JPG_min_x: 195.099
DSC_8320.JPG_max_y: 1803.13
DSC_8320.JPG_min_y: 729.466
DSC_8430.JPG_max_x: 839.074
DSC_8430.JPG_min_x: 8.89637
DSC_8430.JPG_max_y: 1694.35
DSC_8430.JPG_min_y: 988.808
