1.133325030425614832e+00 4.822402870199808678e-02 -5.859638146421121974e+02
-2.027994809833652892e-02 -5.955222149488574868e-01 1.043017969839324223e+03
4.694809213883716710e-04 -7.613098807522234845e-04 1.000000000000000000e+00
DSC_8237.JPG_max_x: 1254.34
DSC_8237.JPG_min_x: 536.828
DSC_8237.JPG_max_y: 1277.33
DSC_8237.JPG_min_y: 203.597
DSC_8337.JPG_max_x: 1209.42
DSC_8337.JPG_min_x: 39.9659
DSC_8337.JPG_max_y: 880.582
DSC_8337.JPG_min_y: 513.255
