-4.864236674296136820e-01 -2.929972447613775621e-01 5.454704819823076605e+02
-8.954262492676686724e-01 -5.253751997793941753e-01 9.941841059027756273e+02
-9.097696890936942662e-04 -5.211391716133485308e-04 1.000000000000000000e+00
DSC_8304.JPG_max_x: 1188.07
DSC_8304.JPG_min_x: 29.0201
DSC_8304.JPG_max_y: 1784.88
DSC_8304.JPG_min_y: 287.115
DSC_8350.JPG_max_x: 1302.72
DSC_8350.JPG_min_x: 396.68
DSC_8350.JPG_max_y: 1394.66
DSC_8350.JPG_min_y: 775.287
