1.461841579193531970e+00 -1.159892344406894121e-01 -2.095619307315427449e+01
6.438523937046364276e-01 1.703758148192161259e-01 -2.969865310445796354e+02
2.590040924983264079e-03 -1.004528085617924400e-03 9.999999999999998890e-01
DSC_8238.JPG_max_x: 736.565
DSC_8238.JPG_min_x: 134.234
DSC_8238.JPG_max_y: 1557.34
DSC_8238.JPG_min_y: 1154.02
DSC_8353.JPG_max_x: 1106.72
DSC_8353.JPG_min_x: 341.59
DSC_8353.JPG_max_y: 670.885
DSC_8353.JPG_min_y: 91.8099
