5.156446961916408833e-01 -3.225768401296604804e+00 2.885698638260611460e+03
1.083232562026996471e+00 -9.381474542421620599e-01 6.389868587832625053e+02
3.680568634378867526e-03 -2.339615489936703804e-03 1.000000000000000000e+00
DSC_8268.JPG_max_x: 872.542
DSC_8268.JPG_min_x: 19.3384
DSC_8268.JPG_max_y: 1695.52
DSC_8268.JPG_min_y: 739.76
DSC_8449.JPG_max_x: 1082.62
DSC_8449.JPG_min_x: 10.4062
DSC_8449.JPG_max_y: 959.916
DSC_8449.JPG_min_y: 66.4972
