7.073513586558842769e-01 -1.073554239173487024e-01 4.569444396800664094e+02
-2.266568609701439738e-02 6.354432684012940591e-01 3.574608519010154168e+02
-2.370360594553388848e-05 -7.978709006235263615e-05 1.000000000000000000e+00
DSC_8221.JPG_max_x: 935.504
DSC_8221.JPG_min_x: 23.5612
DSC_8221.JPG_max_y: 717.816
DSC_8221.JPG_min_y: 137.193
DSC_8365.JPG_max_x: 1129.1
DSC_8365.JPG_min_x: 449.207
DSC_8365.JPG_max_y: 868.231
DSC_8365.JPG_min_y: 439.619
