5.318743368938317895e-01 -2.185151107550542260e-01 9.574309758902589920e+02
-2.534491591968719704e-02 7.324242479664048178e-01 4.153908129342020743e+02
-1.386362516062784878e-04 -6.007120600048092312e-05 1.000000000000000000e+00
DSC_8338.JPG_max_x: 744.799
DSC_8338.JPG_min_x: 20.1875
DSC_8338.JPG_max_y: 1744.75
DSC_8338.JPG_min_y: 820.294
DSC_8380.JPG_max_x: 1320.18
DSC_8380.JPG_min_x: 620.444
DSC_8380.JPG_max_y: 1888.57
DSC_8380.JPG_min_y: 1097.65
