6.010983451317203352e-01 -3.143851899334507149e-01 8.509035619594493483e+02
8.038172987779031164e-02 7.899443100019395425e-01 1.464628297397085248e+02
-1.828806974939226559e-04 -3.009706191753355964e-05 1.000000000000000000e+00
DSC_8311.JPG_max_x: 699.556
DSC_8311.JPG_min_x: 47.5501
DSC_8311.JPG_max_y: 1133.61
DSC_8311.JPG_min_y: 353.39
DSC_8443.JPG_max_x: 1284.42
DSC_8443.JPG_min_x: 531.599
DSC_8443.JPG_max_y: 1076.53
DSC_8443.JPG_min_y: 492.727
