3.538984649266540217e+00 1.597567746517466691e+00 -5.216748543314210110e+03
1.198326182118193972e-01 5.131171490810074509e+00 -6.382559409102628706e+03
2.216734450307034543e-04 1.875117535144808171e-03 1.000000000000000000e+00
DSC_8216.JPG_max_x: 1316.47
DSC_8216.JPG_min_x: 853.132
DSC_8216.JPG_max_y: 1831.86
DSC_8216.JPG_min_y: 1289.16
DSC_8265.JPG_max_x: 470.974
DSC_8265.JPG_min_x: 92.236
DSC_8265.JPG_max_y: 672.972
DSC_8265.JPG_min_y: 102.568
