2.156722955196587743e-01 -1.149410698327205382e-01 5.305274172839309585e+02
9.574348905462026424e-03 2.298170894383570750e-01 2.464450651338841780e+01
-1.011944352982898255e-05 -1.816561363619258575e-04 1.000000000000000000e+00
DSC_8289.JPG_max_x: 1316.08
DSC_8289.JPG_min_x: 498.211
DSC_8289.JPG_max_y: 1507.18
DSC_8289.JPG_min_y: 259.339
DSC_8417.JPG_max_x: 852.318
DSC_8417.JPG_min_x: 640.662
DSC_8417.JPG_max_y: 529.606
DSC_8417.JPG_min_y: 101.874
