3.938810533758406507e+00 1.105482276230840721e+00 -4.432421514452794327e+03
4.576082091615586656e+00 3.148154526428451394e+00 1.500931613250141254e+03
3.923512202363229132e-03 2.396527839440656439e-04 1.000000000000000000e+00
DSC_8203.JPG_max_x: 1238.9
DSC_8203.JPG_min_x: 986.491
DSC_8203.JPG_max_y: 1419.77
DSC_8203.JPG_min_y: 161.034
DSC_8354.JPG_max_x: 309.437
DSC_8354.JPG_min_x: 7.82023
DSC_8354.JPG_max_y: 1893.98
DSC_8354.JPG_min_y: 1305.53
