-7.940986220757865199e-01 -2.660710602051919449e-01 6.583663666035016604e+02
-1.690229701114926431e-01 -7.090877877621064584e-01 8.944625227365922910e+02
-5.561911525516452948e-04 -6.980358385534459267e-04 1.000000000000000000e+00
DSC_8326.JPG_max_x: 936.629
DSC_8326.JPG_min_x: 156.809
DSC_8326.JPG_max_y: 1816.29
DSC_8326.JPG_min_y: 970.586
DSC_8343.JPG_max_x: 1130.93
DSC_8343.JPG_min_x: 11.2296
DSC_8343.JPG_max_y: 1214.96
DSC_8343.JPG_min_y: 463.937
