7.522245115603087839e-01 3.176147335092503465e-01 3.214427631400690188e+02
-2.666015355820230970e-01 1.184433260317145464e+00 -9.971809668339722066e+01
-2.148955228288788183e-04 2.075943373373503734e-04 1.000000000000000000e+00
DSC_8442.JPG_max_x: 864.796
DSC_8442.JPG_min_x: 37.7459
DSC_8442.JPG_max_y: 1828.84
DSC_8442.JPG_min_y: 857.008
DSC_8454.JPG_max_x: 1295.69
DSC_8454.JPG_min_x: 626.415
DSC_8454.JPG_max_y: 1519.92
DSC_8454.JPG_min_y: 723.173
