1.197888957220037298e+00 1.117903550595550910e-01 -8.930014786028378921e+02
2.549873892880804571e-01 1.246003306585915960e+00 -1.989185657146744575e+02
2.913846566720610211e-04 1.563934504193270039e-04 1.000000000000000000e+00
DSC_8286.JPG_max_x: 1328.03
DSC_8286.JPG_min_x: 620.505
DSC_8286.JPG_max_y: 1963.35
DSC_8286.JPG_min_y: 703.471
DSC_8292.JPG_max_x: 525.351
DSC_8292.JPG_min_x: 21.5034
DSC_8292.JPG_max_y: 1580.99
DSC_8292.JPG_min_y: 684.183
