-7.911026869909396630e+00 6.016401502402855428e+00 -8.299158515796496431e+03
1.233002873444303704e+00 -1.118832555152359198e+01 1.110557268632837258e+04
-1.200976514172277538e-03 -7.493592173092749643e-03 1.000000000000000000e+00
DSC_8428.JPG_max_x: 1307.05
DSC_8428.JPG_min_x: 190.835
DSC_8428.JPG_max_y: 1709.88
DSC_8428.JPG_min_y: 1419.15
DSC_8455.JPG_max_x: 789.488
DSC_8455.JPG_min_x: 33.3329
DSC_8455.JPG_max_y: 574.759
DSC_8455.JPG_min_y: 334.993
