8.742451617536196595e-01 1.100295523422106653e-01 2.088455437920407576e+01
-2.165999651619527899e-01 9.311301976539305691e-01 -8.556176416535732869e+02
-4.040870358134514566e-04 -5.877599784136078721e-05 1.000000000000000000e+00
DSC_8380.JPG_max_x: 716.156
DSC_8380.JPG_min_x: 39.2375
DSC_8380.JPG_max_y: 1459.59
DSC_8380.JPG_min_y: 1288.51
DSC_8431.JPG_max_x: 1328.54
DSC_8431.JPG_min_x: 196.431
DSC_8431.JPG_max_y: 546.413
DSC_8431.JPG_min_y: 333.595
