-8.615112383644050187e-01 -3.228874142455919610e-02 8.479948162402267826e+02
-1.733262914673901811e+00 -5.445309703328732320e-01 1.683579407962431333e+03
-1.497368794396835862e-03 -7.495715531221086721e-05 1.000000000000000000e+00
DSC_8324.JPG_max_x: 1323.16
DSC_8324.JPG_min_x: 343.953
DSC_8324.JPG_max_y: 1901.3
DSC_8324.JPG_min_y: 472.246
DSC_8456.JPG_max_x: 1328.0
DSC_8456.JPG_min_x: 110.203
DSC_8456.JPG_max_y: 1672.95
DSC_8456.JPG_min_y: 670.988
