1.212590284580862682e-01 -3.089440212926326534e-01 4.202915313445413403e+02
2.260539214764155369e-02 -2.029745155411891155e-01 3.283571297052929481e+02
3.977148291479704777e-05 -6.155587203625461886e-04 1.000000000000000000e+00
DSC_8270.JPG_max_x: 1136.28
DSC_8270.JPG_min_x: 604.987
DSC_8270.JPG_max_y: 1776.7
DSC_8270.JPG_min_y: 1156.77
DSC_8447.JPG_max_x: 676.228
DSC_8447.JPG_min_x: 353.763
DSC_8447.JPG_max_y: 583.374
DSC_8447.JPG_min_y: 269.413
