-6.328119453413585394e-01 5.288890981833107574e-01 4.016170749475594448e+02
-6.491273824807455295e-01 5.288477059785945400e-01 5.381004187624193946e+02
-1.187812808246048544e-03 4.834038967455216770e-04 9.999999999999998890e-01
DSC_8295.JPG_max_x: 1242.46
DSC_8295.JPG_min_x: 269.521
DSC_8295.JPG_max_y: 1430.82
DSC_8295.JPG_min_y: 13.6427
DSC_8443.JPG_max_x: 1162.5
DSC_8443.JPG_min_x: 74.7635
DSC_8443.JPG_max_y: 954.541
DSC_8443.JPG_min_y: 521.1
