4.553052709196761860e+00 -2.320758846826718180e+00 1.362991918299567942e+03
2.976931719122713815e+00 -3.141080795963202554e+00 2.250288717640032701e+03
4.517116095725281708e-03 -1.813949978803198028e-03 1.000000000000000000e+00
DSC_8252.JPG_max_x: 651.292
DSC_8252.JPG_min_x: 6.69969
DSC_8252.JPG_max_y: 1438.23
DSC_8252.JPG_min_y: 622.357
DSC_8266.JPG_max_x: 1322.48
DSC_8266.JPG_min_x: 763.905
DSC_8266.JPG_max_y: 1583.35
DSC_8266.JPG_min_y: 677.007
