7.707675167266790917e-01 4.721124365545086021e-02 6.857618030596731842e+02
-5.053283061101597751e-01 1.548463145112342954e+00 -1.250380891226417361e+02
-4.735073889452826295e-04 4.692821980365722456e-06 1.000000000000000000e+00
DSC_8232.JPG_max_x: 429.947
DSC_8232.JPG_min_x: 64.3149
DSC_8232.JPG_max_y: 1174.28
DSC_8232.JPG_min_y: 719.797
DSC_8422.JPG_max_x: 1318.97
DSC_8422.JPG_min_x: 794.983
DSC_8422.JPG_max_y: 1796.18
DSC_8422.JPG_min_y: 974.102
