3.444380209280380467e-01 -4.197779222539224642e-02 9.788357678949547562e+02
-3.595391335179420889e-01 8.909076952106143032e-01 2.942070709587245005e+02
-4.074630669006138448e-04 2.463936582435719851e-05 1.000000000000000000e+00
DSC_8276.JPG_max_x: 497.096
DSC_8276.JPG_min_x: 51.3885
DSC_8276.JPG_max_y: 1284.61
DSC_8276.JPG_min_y: 492.093
DSC_8454.JPG_max_x: 1313.39
DSC_8454.JPG_min_x: 964.877
DSC_8454.JPG_max_y: 1524.43
DSC_8454.JPG_min_y: 709.128
