-1.729977700124908993e-02 -5.421454675383813315e-02 1.142394446534167827e+02
-3.531628940856025300e-01 -2.080889277736744647e-01 7.464321146428189877e+02
-4.200549776173436865e-04 -3.641051112520400624e-04 9.999999999999998890e-01
DSC_8214.JPG_max_x: 1319.71
DSC_8214.JPG_min_x: 935.017
DSC_8214.JPG_max_y: 1118.21
DSC_8214.JPG_min_y: 534.637
DSC_8278.JPG_max_x: 643.796
DSC_8278.JPG_min_x: 125.633
DSC_8278.JPG_max_y: 952.072
DSC_8278.JPG_min_y: 621.905
