1.891969382678953870e+00 -1.511489488562353378e-01 -1.082079036147455554e+03
5.301628472110961887e+00 -2.212103520411653257e+00 -9.221326649036283243e+02
4.106866829994769777e-03 -3.708070371559789823e-03 1.000000000000000000e+00
DSC_8257.JPG_max_x: 1258.48
DSC_8257.JPG_min_x: 277.778
DSC_8257.JPG_max_y: 840.703
DSC_8257.JPG_min_y: 78.5979
DSC_8322.JPG_max_x: 1182.3
DSC_8322.JPG_min_x: 94.294
DSC_8322.JPG_max_y: 1681.19
DSC_8322.JPG_min_y: 862.068
