8.461679997548208210e-01 1.686588625928271343e-02 -1.432557881514129008e+02
1.490942978483876802e-01 8.265345850513406978e-01 1.001043869484097684e+02
2.787679825679771997e-04 6.584323091187641150e-05 1.000000000000000000e+00
DSC_8208.JPG_max_x: 1252.04
DSC_8208.JPG_min_x: 152.382
DSC_8208.JPG_max_y: 1880.38
DSC_8208.JPG_min_y: 817.461
DSC_8308.JPG_max_x: 646.019
DSC_8308.JPG_min_x: 10.6915
DSC_8308.JPG_max_y: 1246.12
DSC_8308.JPG_min_y: 721.999
