1.933848301318605856e-01 -7.114126420454476574e-02 4.932237702475349010e+02
-1.138196826063510164e-01 2.441819073344678181e-01 8.180827752745196904e+02
-1.214439618698107928e-04 -8.350459441156736322e-05 1.000000000000000000e+00
DSC_8256.JPG_max_x: 1297.6
DSC_8256.JPG_min_x: 35.398
DSC_8256.JPG_max_y: 1695.26
DSC_8256.JPG_min_y: 689.101
DSC_8396.JPG_max_x: 885.654
DSC_8396.JPG_min_x: 436.227
DSC_8396.JPG_max_y: 1455.18
DSC_8396.JPG_min_y: 1056.58
