7.191077594902348658e-01 6.030492453214992832e-01 -4.704379499585060103e+02
-1.068523838839363221e-01 9.286073785496168354e-01 1.321451470677839950e+02
1.262569850699800324e-04 4.488823127717460055e-04 1.000000000000000000e+00
DSC_8271.JPG_max_x: 1263.09
DSC_8271.JPG_min_x: 534.497
DSC_8271.JPG_max_y: 875.829
DSC_8271.JPG_min_y: 50.302
DSC_8293.JPG_max_x: 578.062
DSC_8293.JPG_min_x: 83.3051
DSC_8293.JPG_max_y: 603.419
DSC_8293.JPG_min_y: 77.7891
