9.920783955776254492e-01 1.653035662818079787e-01 -2.354312002907576868e+02
1.056372657471712911e-01 9.645045444620387043e-01 -1.390637838647557487e+02
1.453383357070697920e-04 4.906207546781433167e-04 1.000000000000000000e+00
DSC_8273.JPG_max_x: 1115.11
DSC_8273.JPG_min_x: 342.15
DSC_8273.JPG_max_y: 1098.95
DSC_8273.JPG_min_y: 172.553
DSC_8293.JPG_max_x: 693.358
DSC_8293.JPG_min_x: 156.324
DSC_8293.JPG_max_y: 596.017
DSC_8293.JPG_min_y: 77.7891
