-1.337131495551560079e+00 -3.344946033325593010e-02 1.051710389280030313e+03
-2.400072298108122393e+00 5.020373537394816621e-01 1.046908618463193761e+03
-1.594808519955345566e-03 3.059809945171804082e-05 9.999999999999998890e-01
DSC_8306.JPG_max_x: 866.752
DSC_8306.JPG_min_x: 15.432
DSC_8306.JPG_max_y: 1392.18
DSC_8306.JPG_min_y: 583.882
DSC_8466.JPG_max_x: 1304.3
DSC_8466.JPG_min_x: 283.245
DSC_8466.JPG_max_y: 1830.79
DSC_8466.JPG_min_y: 1121.42
