1.240853557646821370e+00 1.520385691677589649e-02 -1.572802453140034515e+02
-6.982536947037654151e-02 1.120503123200299322e+00 1.710879671261411943e+02
5.412616188755307585e-05 -1.538463386878336013e-04 1.000000000000000000e+00
DSC_8199.JPG_max_x: 1016.61
DSC_8199.JPG_min_x: 131.83
DSC_8199.JPG_max_y: 1015.45
DSC_8199.JPG_min_y: 157.015
DSC_8349.JPG_max_x: 1100.43
DSC_8349.JPG_min_x: 20.26
DSC_8349.JPG_max_y: 1456.84
DSC_8349.JPG_min_y: 283.492
