-1.321879525420542834e+01 -4.868959797552549595e+00 9.161430700521472318e+03
-3.006583972215676193e-01 -1.618886754777660641e+01 2.096531535383836672e+04
-1.035514485827693145e-03 -7.912684536287867970e-03 1.000000000000000000e+00
DSC_8248.JPG_max_x: 1270.38
DSC_8248.JPG_min_x: 75.5193
DSC_8248.JPG_max_y: 1934.22
DSC_8248.JPG_min_y: 1322.77
DSC_8249.JPG_max_x: 1286.05
DSC_8249.JPG_min_x: 13.6617
DSC_8249.JPG_max_y: 707.457
DSC_8249.JPG_min_y: 58.5054
