1.552378091047834197e+00 1.022070163871489357e-01 -8.346862045468520819e+02
8.930220102511439162e-01 3.060470537564372595e-01 1.416120315453886633e+03
8.156132015333637537e-04 -5.295516940394810095e-04 1.000000000000000000e+00
DSC_8235.JPG_max_x: 1304.8
DSC_8235.JPG_min_x: 981.623
DSC_8235.JPG_max_y: 900.019
DSC_8235.JPG_min_y: 361.568
DSC_8350.JPG_max_x: 684.141
DSC_8350.JPG_min_x: 516.0
DSC_8350.JPG_max_y: 1879.17
DSC_8350.JPG_min_y: 1440.32
