3.854048145939044101e-01 8.720532884584064615e-01 -3.059264713138264256e+02
-4.013851144556132233e+00 5.326790142688589746e+00 -7.701804083910440113e+02
-3.109713320185605520e-03 2.032163608540635876e-03 1.000000000000000000e+00
DSC_8278.JPG_max_x: 1297.16
DSC_8278.JPG_min_x: 230.586
DSC_8278.JPG_max_y: 977.409
DSC_8278.JPG_min_y: 527.86
DSC_8422.JPG_max_x: 1112.06
DSC_8422.JPG_min_x: 164.448
DSC_8422.JPG_max_y: 1765.27
DSC_8422.JPG_min_y: 983.751
