-5.811568471035784000e+00 1.001334466080858121e+01 2.504436335316109762e+03
-6.010440835493099376e-01 1.212801847564427149e+01 -4.583082402395787540e+03
-3.503958025502625345e-03 1.041697161082941019e-02 1.000000000000000000e+00
DSC_8337.JPG_max_x: 1120.7
DSC_8337.JPG_min_x: 13.6209
DSC_8337.JPG_max_y: 955.139
DSC_8337.JPG_min_y: 464.137
DSC_8417.JPG_max_x: 1227.8
DSC_8417.JPG_min_x: 354.182
DSC_8417.JPG_max_y: 694.216
DSC_8417.JPG_min_y: 157.646
