-7.219893471962359754e-01 -1.157361417468985576e-01 7.911737446424413065e+02
-1.687585242043568190e+00 -5.449963525451205770e-01 1.950837534830914819e+03
-1.262131311342608265e-03 -1.020943170284212715e-04 1.000000000000000000e+00
DSC_8396.JPG_max_x: 1321.04
DSC_8396.JPG_min_x: 526.911
DSC_8396.JPG_max_y: 1862.41
DSC_8396.JPG_min_y: 1058.09
DSC_8412.JPG_max_x: 989.663
DSC_8412.JPG_min_x: 20.5183
DSC_8412.JPG_max_y: 1765.22
DSC_8412.JPG_min_y: 885.509
