2.795147924184563371e-01 -3.685318100813143871e-02 1.310507718538031213e+03
-6.258552595493973580e-01 1.397447384416220961e+00 -3.055445956015012143e+02
-7.597110362435444521e-04 7.643572013657837618e-05 1.000000000000000000e+00
DSC_8236.JPG_max_x: 108.597
DSC_8236.JPG_min_x: 4.53003
DSC_8236.JPG_max_y: 1507.65
DSC_8236.JPG_min_y: 661.654
DSC_8250.JPG_max_x: 1321.22
DSC_8250.JPG_min_x: 1177.37
DSC_8250.JPG_max_y: 1676.38
DSC_8250.JPG_min_y: 579.901
