2.321739759224735078e+00 2.707511367966555782e-01 -9.099031540180484399e+02
1.351978926569273043e-01 1.760401831859365718e+00 -7.571137545617693831e+02
2.810392132940209178e-04 1.227696695930689829e-04 1.000000000000000000e+00
DSC_8366.JPG_max_x: 1076.99
DSC_8366.JPG_min_x: 442.533
DSC_8366.JPG_max_y: 1476.82
DSC_8366.JPG_min_y: 1012.87
DSC_8452.JPG_max_x: 1305.55
DSC_8452.JPG_min_x: 404.438
DSC_8452.JPG_max_y: 1421.25
DSC_8452.JPG_min_y: 834.948
