2.902491334733635700e-02 -6.447927969951883220e-01 7.157789518671903579e+02
1.412022560987230557e-01 -8.505164386257733078e-01 8.834301158680593744e+02
2.206283090942890931e-04 -1.081300908750883671e-03 1.000000000000000000e+00
DSC_8262.JPG_max_x: 1296.55
DSC_8262.JPG_min_x: 513.791
DSC_8262.JPG_max_y: 1815.11
DSC_8262.JPG_min_y: 879.482
DSC_8299.JPG_max_x: 931.556
DSC_8299.JPG_min_x: 140.303
DSC_8299.JPG_max_y: 1410.63
DSC_8299.JPG_min_y: 46.6871
