-7.885832748658070557e+01 6.203020645497331742e+01 -1.460866483790011443e+04
-1.810486035342850641e+02 1.435708055201758100e+02 -5.859390405665762228e+04
-1.302242306919148551e-01 5.685910732929817107e-02 1.000000000000000000e+00
DSC_8448.JPG_max_x: 997.128
DSC_8448.JPG_min_x: 36.2967
DSC_8448.JPG_max_y: 1207.43
DSC_8448.JPG_min_y: 787.417
DSC_8468.JPG_max_x: 1169.16
DSC_8468.JPG_min_x: 727.656
DSC_8468.JPG_max_y: 1910.49
DSC_8468.JPG_min_y: 1121.06
