5.512821674919344828e-01 -6.320895654719505159e-03 1.820516878235413003e+02
-1.045095002360737352e-01 7.993376178458850845e-01 1.125603655668997135e+03
-1.035433437154262596e-04 2.146880749944413364e-04 1.000000000000000000e+00
DSC_8273.JPG_max_x: 1067.62
DSC_8273.JPG_min_x: 107.226
DSC_8273.JPG_max_y: 1339.26
DSC_8273.JPG_min_y: 143.508
DSC_8452.JPG_max_x: 772.482
DSC_8452.JPG_min_x: 189.933
DSC_8452.JPG_max_y: 1736.12
DSC_8452.JPG_min_y: 1219.58
