1.791551627986155637e+00 -7.839034191624810743e-01 9.856712879180106768e+01
1.099624064073217777e+00 6.758240702938170807e-01 -2.710655064367149407e+02
6.978893672536310832e-04 -6.724708703432837617e-04 1.000000000000000000e+00
DSC_8214.JPG_max_x: 1319.71
DSC_8214.JPG_min_x: 954.098
DSC_8214.JPG_max_y: 1025.72
DSC_8214.JPG_min_y: 221.492
DSC_8424.JPG_max_x: 1322.76
DSC_8424.JPG_min_x: 1039.21
DSC_8424.JPG_max_y: 1521.72
DSC_8424.JPG_min_y: 649.097
