-8.075102577835401974e+00 -1.855801228370397737e+00 1.628962519188082979e+03
-1.912872338802619643e+00 -6.171588666711417481e+00 1.304312555307125194e+03
-4.807122450845253969e-03 -3.412471314954612558e-03 1.000000000000000000e+00
DSC_8365.JPG_max_x: 803.244
DSC_8365.JPG_min_x: 239.023
DSC_8365.JPG_max_y: 530.564
DSC_8365.JPG_min_y: 146.576
DSC_8469.JPG_max_x: 1281.61
DSC_8469.JPG_min_x: 808.317
DSC_8469.JPG_max_y: 848.721
DSC_8469.JPG_min_y: 179.236
