4.480570212170794098e-01 -2.827366635484273791e-02 3.367778301868528956e+02
8.950254907735702425e-02 3.361808202425821679e-01 7.857766635912914808e+02
8.329212575515895962e-05 -5.586708702238923251e-05 1.000000000000000000e+00
DSC_8318.JPG_max_x: 1295.1
DSC_8318.JPG_min_x: 134.388
DSC_8318.JPG_max_y: 1930.48
DSC_8318.JPG_min_y: 474.165
DSC_8398.JPG_max_x: 836.594
DSC_8398.JPG_min_x: 148.937
DSC_8398.JPG_max_y: 1550.99
DSC_8398.JPG_min_y: 979.992
