6.757753388696273733e-01 -6.188987243817709732e-02 5.689373747488116351e+01
-3.318493057088238440e-02 5.682867562926824379e-01 1.965642821521122698e+02
-6.734090952490478827e-05 -8.355025442226823114e-05 9.999999999999998890e-01
DSC_8293.JPG_max_x: 1288.27
DSC_8293.JPG_min_x: 18.4878
DSC_8293.JPG_max_y: 1207.18
DSC_8293.JPG_min_y: 67.1045
DSC_8473.JPG_max_x: 1021.29
DSC_8473.JPG_min_x: 36.1215
DSC_8473.JPG_max_y: 1084.62
DSC_8473.JPG_min_y: 193.39
