7.951052586880819062e-01 -1.533560651525564256e-01 3.770663844914604397e+02
-7.372381597722668656e-02 6.167147549789412375e-01 3.847281765778303679e+02
-1.192252274647981206e-04 -1.998328914789835361e-04 9.999999999999998890e-01
DSC_8201.JPG_max_x: 759.517
DSC_8201.JPG_min_x: 81.1797
DSC_8201.JPG_max_y: 604.643
DSC_8201.JPG_min_y: 121.799
DSC_8365.JPG_max_x: 1091.31
DSC_8365.JPG_min_x: 424.16
DSC_8365.JPG_max_y: 868.231
DSC_8365.JPG_min_y: 459.738
