1.824947095141586484e+00 3.865712734609051959e-01 1.054229998132367882e+03
9.426648681587327383e-01 1.021258078711562600e+00 -6.381508691897442631e+00
9.942664402173529651e-04 2.905772388494308272e-04 1.000000000000000000e+00
DSC_8406.JPG_max_x: 555.194
DSC_8406.JPG_min_x: 65.6637
DSC_8406.JPG_max_y: 1668.08
DSC_8406.JPG_min_y: 866.869
DSC_8456.JPG_max_x: 1329.91
DSC_8456.JPG_min_x: 1166.47
DSC_8456.JPG_max_y: 1092.42
DSC_8456.JPG_min_y: 764.617
