3.220470774301375516e-01 -2.424360740225869615e-01 3.119027366976304734e+02
-2.957918794374747029e-01 9.079072801680964089e-01 2.222528611879033065e+02
-2.648612398507779351e-04 -6.943148238571411656e-05 1.000000000000000000e+00
DSC_8308.JPG_max_x: 1231.75
DSC_8308.JPG_min_x: 759.339
DSC_8308.JPG_max_y: 1415.4
DSC_8308.JPG_min_y: 509.06
DSC_8340.JPG_max_x: 926.603
DSC_8340.JPG_min_x: 198.018
DSC_8340.JPG_max_y: 1963.54
DSC_8340.JPG_min_y: 511.019
