1.370619065034722617e+01 -1.598579861333280894e+00 -6.339108046968090093e+03
6.367094712410792390e+00 4.579914429757691252e+00 -4.154941712063731757e+03
4.466772222060078588e-03 -1.312582974041494885e-03 1.000000000000000000e+00
DSC_8266.JPG_max_x: 856.185
DSC_8266.JPG_min_x: 708.39
DSC_8266.JPG_max_y: 1131.34
DSC_8266.JPG_min_y: 759.049
DSC_8468.JPG_max_x: 1100.3
DSC_8468.JPG_min_x: 645.992
DSC_8468.JPG_max_y: 1968.75
DSC_8468.JPG_min_y: 1221.41
