-4.365338921421214380e+00 -2.013850448189030473e+00 3.920082670434185729e+03
-1.776969339033730166e-01 -5.119064487373305994e+00 7.946703223960660580e+03
6.059083436711968067e-05 -2.993464192990574410e-03 1.000000000000000000e+00
DSC_8466.JPG_max_x: 1289.81
DSC_8466.JPG_min_x: 612.131
DSC_8466.JPG_max_y: 1982.26
DSC_8466.JPG_min_y: 1530.32
DSC_8467.JPG_max_x: 1226.77
DSC_8467.JPG_min_x: 543.321
DSC_8467.JPG_max_y: 476.261
DSC_8467.JPG_min_y: 6.04862
