8.134809834895020408e-01 2.520418593673881200e-02 -1.133305973814949255e+02
4.851523280400095450e-02 7.136948930270716751e-01 2.608006561492948663e+02
4.446065403805700758e-05 -6.649751680741356591e-05 1.000000000000000000e+00
DSC_8321.JPG_max_x: 1175.25
DSC_8321.JPG_min_x: 143.16
DSC_8321.JPG_max_y: 1504.97
DSC_8321.JPG_min_y: 16.3527
DSC_8447.JPG_max_x: 828.739
DSC_8447.JPG_min_x: 22.7758
DSC_8447.JPG_max_y: 1477.44
DSC_8447.JPG_min_y: 297.463
