7.907861741336549288e-01 -1.352297382558761973e-01 -2.204764631039594462e+02
3.627797710539285014e-02 8.964267955218414852e-02 1.330073300976716610e+03
2.056426620981650113e-06 -4.104259903435210723e-04 1.000000000000000000e+00
DSC_8217.JPG_max_x: 1324.97
DSC_8217.JPG_min_x: 560.628
DSC_8217.JPG_max_y: 606.47
DSC_8217.JPG_min_y: 4.64855
DSC_8232.JPG_max_x: 931.848
DSC_8232.JPG_min_x: 216.718
DSC_8232.JPG_max_y: 1877.37
DSC_8232.JPG_min_y: 1359.31
