7.415425431670633616e-01 -2.512207439894807437e-01 1.942479294612621459e+02
1.432029676339743596e-01 1.495613307073951348e-01 1.106585988148916158e+03
9.185481801260640092e-05 -3.535172244617785066e-04 1.000000000000000000e+00
DSC_8335.JPG_max_x: 1304.64
DSC_8335.JPG_min_x: 263.515
DSC_8335.JPG_max_y: 953.833
DSC_8335.JPG_min_y: 8.89366
DSC_8416.JPG_max_x: 1135.79
DSC_8416.JPG_min_x: 374.897
DSC_8416.JPG_max_y: 1836.61
DSC_8416.JPG_min_y: 1115.7
