5.951763253828500355e-01 -7.304751957380540839e-01 1.251729835164499718e+03
-4.916838801421242328e-02 3.176362655743123625e-02 1.202632585986457116e+03
-1.421361984670952523e-04 -4.711570036593726524e-04 1.000000000000000000e+00
DSC_8413.JPG_max_x: 160.881
DSC_8413.JPG_min_x: 25.4041
DSC_8413.JPG_max_y: 700.881
DSC_8413.JPG_min_y: 319.114
DSC_8414.JPG_max_x: 1320.41
DSC_8414.JPG_min_x: 1189.43
DSC_8414.JPG_max_y: 1875.18
DSC_8414.JPG_min_y: 1435.12
