1.830547287475398743e+00 -2.865312359379118198e-02 -5.575207758098297290e+02
2.095883997505076923e+00 -8.480621574838999310e-02 1.320364113261527109e+03
1.648217600289833247e-03 -5.794946964536009043e-04 1.000000000000000000e+00
DSC_8267.JPG_max_x: 1260.71
DSC_8267.JPG_min_x: 737.352
DSC_8267.JPG_max_y: 1169.69
DSC_8267.JPG_min_y: 14.3534
DSC_8364.JPG_max_x: 670.516
DSC_8364.JPG_min_x: 359.301
DSC_8364.JPG_max_y: 1649.71
DSC_8364.JPG_min_y: 1297.61
