1.007832121619699484e+00 -1.454701772893975675e-01 -7.677017798685914158e+02
-4.316884393586767343e-01 1.170945916416550991e+00 -1.691753274926874440e+01
-3.876386294501539369e-04 -1.984743882299401909e-04 1.000000000000000000e+00
DSC_8198.JPG_max_x: 1299.89
DSC_8198.JPG_min_x: 1171.65
DSC_8198.JPG_max_y: 1019.25
DSC_8198.JPG_min_y: 780.89
DSC_8462.JPG_max_x: 1289.76
DSC_8462.JPG_min_x: 767.297
DSC_8462.JPG_max_y: 1970.09
DSC_8462.JPG_min_y: 1003.33
