5.325120508255835050e-01 -3.412754365417269148e-02 5.027198329978468792e+02
-2.121853407231989730e-02 6.162125388323943520e-01 3.891140902954189329e+01
-9.049570056739823505e-05 -3.034951911810573747e-05 1.000000000000000000e+00
DSC_8325.JPG_max_x: 1262.98
DSC_8325.JPG_min_x: 28.5244
DSC_8325.JPG_max_y: 1043.56
DSC_8325.JPG_min_y: 24.7221
DSC_8455.JPG_max_x: 1330.43
DSC_8455.JPG_min_x: 494.714
DSC_8455.JPG_max_y: 771.033
DSC_8455.JPG_min_y: 34.5763
