8.417754416382715599e-01 1.069042870752330288e-01 9.181217316736406531e+01
2.138749534307185160e-02 9.853534820858407262e-01 1.283158893299405179e+02
2.821609641714015342e-05 1.753706183973333099e-04 1.000000000000000000e+00
DSC_8208.JPG_max_x: 1244.11
DSC_8208.JPG_min_x: 5.49178
DSC_8208.JPG_max_y: 1990.06
DSC_8208.JPG_min_y: 816.895
DSC_8338.JPG_max_x: 998.469
DSC_8338.JPG_min_x: 178.867
DSC_8338.JPG_max_y: 1524.07
DSC_8338.JPG_min_y: 820.785
