-1.262398610819741585e+00 -9.845854033260089677e-01 9.352847724467163744e+02
-1.919862392111157057e+00 -1.341064191941800710e+00 1.317451892043496400e+03
-1.569269865367481538e-03 -9.559350371363973522e-04 9.999999999999998890e-01
DSC_8279.JPG_max_x: 893.773
DSC_8279.JPG_min_x: 273.491
DSC_8279.JPG_max_y: 570.511
DSC_8279.JPG_min_y: 189.528
DSC_8331.JPG_max_x: 1090.61
DSC_8331.JPG_min_x: 67.5854
DSC_8331.JPG_max_y: 1684.43
DSC_8331.JPG_min_y: 907.658
