2.804504470432167906e+01 4.919635863920580832e+00 -2.849437664667850186e+04
8.411893908379137752e-01 2.521006201378909850e+01 -2.461352204803833592e+04
9.899945423088833338e-03 5.692053876481978879e-03 1.000000000000000000e+00
DSC_8234.JPG_max_x: 1306.58
DSC_8234.JPG_min_x: 872.708
DSC_8234.JPG_max_y: 1888.66
DSC_8234.JPG_min_y: 891.707
DSC_8433.JPG_max_x: 812.782
DSC_8433.JPG_min_x: 86.2485
DSC_8433.JPG_max_y: 974.587
DSC_8433.JPG_min_y: 37.9402
