-6.393862299093566737e-01 -2.857721434464597365e-01 7.979573449400641039e+02
2.660514496269634765e-01 -8.849354316309827606e-01 4.525154554343360473e+02
-7.194047446054371896e-04 -4.953846865235414379e-04 1.000000000000000000e+00
DSC_8262.JPG_max_x: 1330.41
DSC_8262.JPG_min_x: 820.013
DSC_8262.JPG_max_y: 1789.85
DSC_8262.JPG_min_y: 710.257
DSC_8347.JPG_max_x: 1207.97
DSC_8347.JPG_min_x: 495.577
DSC_8347.JPG_max_y: 1607.98
DSC_8347.JPG_min_y: 78.0203
