1.342915157673788329e+00 -3.022545861012724405e-02 -1.299067233988238740e+03
-2.048113921659183712e-01 3.237319903843578484e-01 1.526573120480249599e+03
-1.269104666224733704e-04 -5.349643817255937033e-04 1.000000000000000000e+00
DSC_8345.JPG_max_x: 1322.65
DSC_8345.JPG_min_x: 1044.53
DSC_8345.JPG_max_y: 218.431
DSC_8345.JPG_min_y: 41.1692
DSC_8386.JPG_max_x: 625.586
DSC_8386.JPG_min_x: 100.221
DSC_8386.JPG_max_y: 1850.2
DSC_8386.JPG_min_y: 1566.43
