9.754771042277211590e-01 3.306969494139787580e-01 9.011752320382973025e+00
2.639995393063704898e-01 1.310584174560006643e+00 1.071082593277810020e+03
1.685902715235543020e-04 4.154940373413319342e-04 9.999999999999998890e-01
DSC_8209.JPG_max_x: 1265.74
DSC_8209.JPG_min_x: 125.331
DSC_8209.JPG_max_y: 1017.71
DSC_8209.JPG_min_y: 221.728
DSC_8338.JPG_max_x: 1238.42
DSC_8338.JPG_min_x: 254.049
DSC_8338.JPG_max_y: 1753.84
DSC_8338.JPG_min_y: 450.768
