1.182882778629658516e+00 2.594279773273620027e-01 -2.989664731630678034e+02
-7.508749116115567834e-02 1.290365727640463200e+00 8.884847269553519027e+02
-8.820888274876077001e-06 1.975159273218891941e-04 1.000000000000000000e+00
DSC_8415.JPG_max_x: 1144.1
DSC_8415.JPG_min_x: 445.395
DSC_8415.JPG_max_y: 506.51
DSC_8415.JPG_min_y: 270.05
DSC_8452.JPG_max_x: 1077.89
DSC_8452.JPG_min_x: 292.829
DSC_8452.JPG_max_y: 1362.95
DSC_8452.JPG_min_y: 1115.6
