1.057510819893888732e+00 -6.749787245343435993e-02 9.857113329749209640e+01
-2.579755149157497707e-02 9.277096603565296862e-01 5.616045394328497196e+02
-8.376407576253276914e-05 -1.878568246005018658e-05 1.000000000000000000e+00
DSC_8233.JPG_max_x: 979.854
DSC_8233.JPG_min_x: 145.896
DSC_8233.JPG_max_y: 687.432
DSC_8233.JPG_min_y: 38.724
DSC_8331.JPG_max_x: 1219.36
DSC_8331.JPG_min_x: 227.344
DSC_8331.JPG_max_y: 1260.13
DSC_8331.JPG_min_y: 608.345
