1.362720166501857344e+00 4.938047071777935254e-02 -2.618037084881963494e+01
-1.649023330881773525e-02 1.446866216297110430e+00 -1.700389406251092055e+02
5.504200919439910004e-05 6.943779524307111447e-06 1.000000000000000000e+00
DSC_8365.JPG_max_x: 985.255
DSC_8365.JPG_min_x: 54.4895
DSC_8365.JPG_max_y: 1124.71
DSC_8365.JPG_min_y: 128.669
DSC_8417.JPG_max_x: 1293.55
DSC_8417.JPG_min_x: 126.399
DSC_8417.JPG_max_y: 1459.22
DSC_8417.JPG_min_y: 12.3528
