1.006717275479527496e+00 -5.018428640537808683e-01 1.333828643929616419e+03
2.562773376538627912e-01 9.853191374908902844e-01 -1.770819187821481933e+02
1.842865296932484753e-05 -4.901732036048158660e-05 1.000000000000000000e+00
DSC_8355.JPG_max_x: 351.307
DSC_8355.JPG_min_x: 8.57664
DSC_8355.JPG_max_y: 963.03
DSC_8355.JPG_min_y: 423.539
DSC_8381.JPG_max_x: 1325.5
DSC_8381.JPG_min_x: 1086.73
DSC_8381.JPG_max_y: 889.215
DSC_8381.JPG_min_y: 247.434
