4.071703161031560825e+01 1.535282438186255938e+01 -5.205324770390933554e+04
-7.273004802030794913e+00 4.661139026484678993e+01 -4.262397322691164300e+04
4.215191870248604158e-03 1.322923806348530462e-02 1.000000000000000000e+00
DSC_8234.JPG_max_x: 1306.58
DSC_8234.JPG_min_x: 857.817
DSC_8234.JPG_max_y: 1766.21
DSC_8234.JPG_min_y: 1092.46
DSC_8319.JPG_max_x: 932.365
DSC_8319.JPG_min_x: 48.7236
DSC_8319.JPG_max_y: 1011.21
DSC_8319.JPG_min_y: 39.5775
