8.191552613882531197e-01 1.711293199252119854e-02 1.797730435662797390e+02
1.963345338282133576e-02 7.571400118043971617e-01 2.164028361490900920e+02
5.877105628294042262e-05 -1.745930025110663470e-05 1.000000000000000000e+00
DSC_8254.JPG_max_x: 1328.35
DSC_8254.JPG_min_x: 43.6059
DSC_8254.JPG_max_y: 1628.02
DSC_8254.JPG_min_y: 527.201
DSC_8320.JPG_max_x: 1231.41
DSC_8320.JPG_min_x: 228.464
DSC_8320.JPG_max_y: 1397.39
DSC_8320.JPG_min_y: 578.862
