1.770699671992178281e+01 5.084921982796421602e+00 -1.195470732597677852e+04
1.901398435477052340e+00 2.043005864650112713e+01 -2.514855858974403600e+04
4.138201188437301559e-03 6.772287897517356541e-03 1.000000000000000000e+00
DSC_8376.JPG_max_x: 742.048
DSC_8376.JPG_min_x: 231.979
DSC_8376.JPG_max_y: 1979.01
DSC_8376.JPG_min_y: 1243.04
DSC_8401.JPG_max_x: 647.123
DSC_8401.JPG_min_x: 27.4092
DSC_8401.JPG_max_y: 992.262
DSC_8401.JPG_min_y: 111.877
