1.781783212299645758e+00 1.382836064493355721e-01 6.499807736970453789e+02
4.789900803207538388e-02 1.838758811207371391e+00 -1.858932852256879869e+03
-1.213202808231351288e-04 5.316374698438531199e-04 1.000000000000000000e+00
DSC_8368.JPG_max_x: 336.498
DSC_8368.JPG_min_x: 5.52387
DSC_8368.JPG_max_y: 1790.16
DSC_8368.JPG_min_y: 1033.58
DSC_8445.JPG_max_x: 841.738
DSC_8445.JPG_min_x: 475.916
DSC_8445.JPG_max_y: 716.971
DSC_8445.JPG_min_y: 20.5391
