1.452314075480467004e+01 9.554033814398653846e+00 -1.297717151762254798e+04
1.580670193630246967e-01 1.818577329931839159e+01 -1.895411845754784372e+04
2.857030567155395984e-03 7.918594780436778724e-03 1.000000000000000000e+00
DSC_8320.JPG_max_x: 1257.94
DSC_8320.JPG_min_x: 254.493
DSC_8320.JPG_max_y: 1693.41
DSC_8320.JPG_min_y: 1029.98
DSC_8467.JPG_max_x: 1226.77
DSC_8467.JPG_min_x: 459.048
DSC_8467.JPG_max_y: 801.415
DSC_8467.JPG_min_y: 22.9842
