3.232214260572312536e-01 -5.938250159199344180e-01 4.902022124002373289e+02
-4.328107229627382035e-01 -3.525617924947142545e-01 1.310842202952424714e+03
-3.563422113821333118e-04 -5.354456902527198435e-04 1.000000000000000000e+00
DSC_8293.JPG_max_x: 640.376
DSC_8293.JPG_min_x: 83.3051
DSC_8293.JPG_max_y: 674.172
DSC_8293.JPG_min_y: 100.309
DSC_8446.JPG_max_x: 875.546
DSC_8446.JPG_min_x: 293.827
DSC_8446.JPG_max_y: 1735.43
DSC_8446.JPG_min_y: 1377.95
