2.263083703549627401e+00 3.914928497924274886e-01 -1.263541121032460751e+03
3.514469540420726845e-02 2.777326306445060400e+00 -1.255214111878849508e+03
1.082794481198471627e-04 3.829714862012911585e-04 1.000000000000000000e+00
DSC_8218.JPG_max_x: 1250.03
DSC_8218.JPG_min_x: 495.297
DSC_8218.JPG_max_y: 1162.95
DSC_8218.JPG_min_y: 665.525
DSC_8250.JPG_max_x: 1290.31
DSC_8250.JPG_min_x: 72.3129
DSC_8250.JPG_max_y: 1295.74
DSC_8250.JPG_min_y: 516.034
