6.569147402018639115e-01 -3.294321521213714465e-01 5.039891450526295102e+02
-1.818859500717920907e-01 2.602262345604889893e-01 6.429391756220991283e+02
-1.004896429065908314e-04 -3.538001427405890230e-04 1.000000000000000000e+00
DSC_8352.JPG_max_x: 819.666
DSC_8352.JPG_min_x: 50.4645
DSC_8352.JPG_max_y: 1241.4
DSC_8352.JPG_min_y: 824.742
DSC_8466.JPG_max_x: 1318.77
DSC_8466.JPG_min_x: 358.327
DSC_8466.JPG_max_y: 1685.5
DSC_8466.JPG_min_y: 1121.42
