1.024307720548775613e+00 5.278057718701583134e-01 -1.246780406295736611e+03
-4.805035054868680294e-02 8.549700364701360300e-01 -7.533955914259389601e+02
1.179489895094480289e-04 -1.539637324588665249e-04 1.000000000000000000e+00
DSC_8366.JPG_max_x: 1330.53
DSC_8366.JPG_min_x: 825.477
DSC_8366.JPG_max_y: 1788.44
DSC_8366.JPG_min_y: 1026.43
DSC_8445.JPG_max_x: 1262.34
DSC_8445.JPG_min_x: 279.328
DSC_8445.JPG_max_y: 783.789
DSC_8445.JPG_min_y: 20.5391
