7.587270227917893850e-01 -1.501513780467845505e-01 1.294444481883403739e+02
1.386686216411874180e-02 5.583310419969687022e-01 9.623346840817744123e+02
3.808744683982885536e-07 -1.551187419789205391e-04 1.000000000000000000e+00
DSC_8369.JPG_max_x: 1313.0
DSC_8369.JPG_min_x: 35.181
DSC_8369.JPG_max_y: 1161.67
DSC_8369.JPG_min_y: 450.176
DSC_8394.JPG_max_x: 1142.15
DSC_8394.JPG_min_x: 68.0916
DSC_8394.JPG_max_y: 1976.77
DSC_8394.JPG_min_y: 1315.12
