9.868611315615383184e-01 3.946639074094919486e-03 7.176293108513731340e+02
-2.027127375872206927e-01 1.301590289436677761e+00 -2.188930315885055506e+02
-2.425222369068116390e-04 3.790616540627488485e-05 1.000000000000000000e+00
DSC_8312.JPG_max_x: 517.281
DSC_8312.JPG_min_x: 206.247
DSC_8312.JPG_max_y: 1297.23
DSC_8312.JPG_min_y: 506.242
DSC_8326.JPG_max_x: 1298.31
DSC_8326.JPG_min_x: 924.804
DSC_8326.JPG_max_y: 1428.17
DSC_8326.JPG_min_y: 389.263
