5.270884437084631946e-01 -3.669039868149266415e-01 5.373165668764238490e+02
1.534761968772900276e-01 1.296978433496922545e+00 3.209295297775941691e+01
-5.149523107618976048e-04 1.488688247473643684e-04 9.999999999999998890e-01
DSC_8199.JPG_max_x: 581.782
DSC_8199.JPG_min_x: 9.89965
DSC_8199.JPG_max_y: 945.609
DSC_8199.JPG_min_y: 230.352
DSC_8315.JPG_max_x: 687.832
DSC_8315.JPG_min_x: 261.579
DSC_8315.JPG_max_y: 1568.32
DSC_8315.JPG_min_y: 368.875
