9.674647068746660139e-01 -1.037121730803617803e+00 5.092984723426168898e+02
3.801893216905674056e-01 4.810494231139784138e-01 2.892334004557592380e+02
2.740688154033941440e-04 -6.654270978418558302e-04 1.000000000000000000e+00
DSC_8261.JPG_max_x: 785.528
DSC_8261.JPG_min_x: 7.48144
DSC_8261.JPG_max_y: 469.643
DSC_8261.JPG_min_y: 210.193
DSC_8427.JPG_max_x: 902.721
DSC_8427.JPG_min_x: 207.808
DSC_8427.JPG_max_y: 882.885
DSC_8427.JPG_min_y: 487.157
