9.975354258029152099e-01 5.092487405666166200e-01 -4.623870955827210310e+02
-5.867978577237413507e-02 1.131413883556772637e+00 -1.015931634699482089e+01
3.066332375514728534e-04 9.836109648423381284e-05 1.000000000000000000e+00
DSC_8429.JPG_max_x: 1213.03
DSC_8429.JPG_min_x: 217.787
DSC_8429.JPG_max_y: 658.084
DSC_8429.JPG_min_y: 198.1
DSC_8455.JPG_max_x: 730.518
DSC_8455.JPG_min_x: 33.3329
DSC_8455.JPG_max_y: 619.976
DSC_8455.JPG_min_y: 149.914
