2.933397222481970990e-01 -5.003400200719788915e-02 -4.636410186949855472e+01
-3.449799847025460942e-01 -2.936165421885109650e-01 1.149542525682732276e+03
-2.177388534095758984e-04 -3.846925283687250294e-04 1.000000000000000000e+00
DSC_8310.JPG_max_x: 1091.81
DSC_8310.JPG_min_x: 391.287
DSC_8310.JPG_max_y: 1455.5
DSC_8310.JPG_min_y: 519.106
DSC_8476.JPG_max_x: 623.549
DSC_8476.JPG_min_x: 16.4286
DSC_8476.JPG_max_y: 1670.72
DSC_8476.JPG_min_y: 1143.01
