2.258319809321433613e+00 3.019862681586718001e-01 -8.132923706216282653e+02
9.605995965251387103e-01 2.683588050514813972e+00 -1.490299593803492598e+03
9.052062778299610566e-04 4.781261631583011559e-04 1.000000000000000000e+00
DSC_8230.JPG_max_x: 1315.45
DSC_8230.JPG_min_x: 773.584
DSC_8230.JPG_max_y: 1483.66
DSC_8230.JPG_min_y: 574.147
DSC_8312.JPG_max_x: 929.445
DSC_8312.JPG_min_x: 525.915
DSC_8312.JPG_max_y: 1325.65
DSC_8312.JPG_min_y: 521.151
