-6.096508745759871006e-01 -4.276446268155263963e-01 1.315510373000316349e+03
-5.873845814054604597e-01 -4.105111812342454591e-01 1.265070940917046983e+03
-4.633702412588607119e-04 -3.250871852370190826e-04 1.000000000000000000e+00
DSC_8400.JPG_max_x: 1276.22
DSC_8400.JPG_min_x: 66.5504
DSC_8400.JPG_max_y: 1660.53
DSC_8400.JPG_min_y: 1174.9
DSC_8450.JPG_max_x: 1324.49
DSC_8450.JPG_min_x: 668.578
DSC_8450.JPG_max_y: 1879.03
DSC_8450.JPG_min_y: 896.543
