-7.202856272857766085e-02 -6.487199922705773336e-02 1.837203823185052443e+02
1.894290393685159682e-02 -2.385446534694614651e-01 3.289638100363079616e+02
-3.682631077878500102e-04 -3.969850696562035293e-04 1.000000000000000000e+00
DSC_8222.JPG_max_x: 1306.45
DSC_8222.JPG_min_x: 1060.16
DSC_8222.JPG_max_y: 1926.19
DSC_8222.JPG_min_y: 1388.81
DSC_8339.JPG_max_x: 281.652
DSC_8339.JPG_min_x: 76.4286
DSC_8339.JPG_max_y: 522.84
DSC_8339.JPG_min_y: 281.868
