1.556146182865100425e+00 1.931879420178420625e-01 -7.232094761010027923e+02
7.803131838978757950e-02 1.614898571087913348e+00 -2.677578942217361941e+02
3.604266331188646751e-05 2.170948563516224316e-04 9.999999999999998890e-01
DSC_8331.JPG_max_x: 1322.54
DSC_8331.JPG_min_x: 342.857
DSC_8331.JPG_max_y: 1480.76
DSC_8331.JPG_min_y: 107.488
DSC_8421.JPG_max_x: 1259.6
DSC_8421.JPG_min_x: 7.05287
DSC_8421.JPG_max_y: 1765.05
DSC_8421.JPG_min_y: 9.21691
