5.030252626542885963e-01 2.097777778499905765e-01 -1.832500904329113212e+02
5.180034173003903591e-02 9.934757621500888147e-01 1.120333798192151335e+03
2.174708771397420342e-05 3.475332772853808759e-04 1.000000000000000000e+00
DSC_8241.JPG_max_x: 1277.62
DSC_8241.JPG_min_x: 330.136
DSC_8241.JPG_max_y: 863.64
DSC_8241.JPG_min_y: 135.365
DSC_8444.JPG_max_x: 598.88
DSC_8444.JPG_min_x: 11.9686
DSC_8444.JPG_max_y: 1547.04
DSC_8444.JPG_min_y: 1233.14
