9.002251898848258049e-01 -1.712659426745762048e-01 -1.754314957594894224e+02
-2.054160348221072824e-02 8.533655380312554772e-01 3.083437552369317700e+02
-2.101272732656262281e-05 -1.149426217083446077e-04 9.999999999999998890e-01
DSC_8293.JPG_max_x: 1288.27
DSC_8293.JPG_min_x: 347.376
DSC_8293.JPG_max_y: 1429.54
DSC_8293.JPG_min_y: 67.1045
DSC_8307.JPG_max_x: 1007.11
DSC_8307.JPG_min_x: 79.9508
DSC_8307.JPG_max_y: 1848.81
DSC_8307.JPG_min_y: 351.369
