8.957390986265359345e+00 2.569245490067918691e+00 -6.270237229239069165e+03
-6.681219067792076860e-01 9.593415710338936364e+00 -1.171601881564975400e+02
3.473296982007494267e-03 2.758595911433029578e-05 1.000000000000000000e+00
DSC_8399.JPG_max_x: 1238.07
DSC_8399.JPG_min_x: 631.919
DSC_8399.JPG_max_y: 427.31
DSC_8399.JPG_min_y: 71.8571
DSC_8471.JPG_max_x: 1118.68
DSC_8471.JPG_min_x: 42.0348
DSC_8471.JPG_max_y: 701.091
DSC_8471.JPG_min_y: 60.5935
