2.631190992965864339e+00 2.937028472602126961e+00 1.023737634159812160e+03
-1.144954121104402756e+00 9.274475389348626919e+00 -4.175153883603307804e+03
-1.516464484223148694e-03 3.954525486743040372e-03 1.000000000000000000e+00
DSC_8226.JPG_max_x: 883.444
DSC_8226.JPG_min_x: 123.304
DSC_8226.JPG_max_y: 1768.31
DSC_8226.JPG_min_y: 1442.76
DSC_8428.JPG_max_x: 1280.22
DSC_8428.JPG_min_x: 846.321
DSC_8428.JPG_max_y: 1678.08
DSC_8428.JPG_min_y: 1419.15
