2.646010396112631113e+00 9.567352763127779172e-03 -7.024852856715920097e+02
1.495936184250711010e-01 2.560686458897936557e+00 -3.353939088929693639e+02
1.352739670060142617e-04 2.452035464080282970e-04 9.999999999999998890e-01
DSC_8365.JPG_max_x: 838.767
DSC_8365.JPG_min_x: 275.794
DSC_8365.JPG_max_y: 749.356
DSC_8365.JPG_min_y: 107.372
DSC_8449.JPG_max_x: 1242.99
DSC_8449.JPG_min_x: 26.2546
DSC_8449.JPG_max_y: 1343.26
DSC_8449.JPG_min_y: 39.3493
