-2.710392688136315797e+01 1.582313477425541492e+01 6.817817964776202189e+02
-2.383151460713492398e+01 1.443236987434936758e+01 3.492729391154504697e+02
-2.118370959353768970e-02 1.180441470711972654e-02 1.000000000000000000e+00
DSC_8318.JPG_max_x: 535.581
DSC_8318.JPG_min_x: 121.096
DSC_8318.JPG_max_y: 1098.65
DSC_8318.JPG_min_y: 644.406
DSC_8450.JPG_max_x: 1323.0
DSC_8450.JPG_min_x: 215.812
DSC_8450.JPG_max_y: 1469.72
DSC_8450.JPG_min_y: 1047.53
