1.315998779669582008e+00 1.466205815030190984e-01 7.846931186972419709e+02
6.717703686704126764e-02 1.248326952026462378e+00 -3.720390818108789404e+02
1.093106045230584380e-04 1.320041369319136079e-04 1.000000000000000000e+00
DSC_8240.JPG_max_x: 495.699
DSC_8240.JPG_min_x: 4.96994
DSC_8240.JPG_max_y: 1730.48
DSC_8240.JPG_min_y: 900.681
DSC_8272.JPG_max_x: 1323.49
DSC_8272.JPG_min_x: 819.443
DSC_8272.JPG_max_y: 1441.85
DSC_8272.JPG_min_y: 674.989
