2.231927442913626436e+00 -1.087072623636722302e-01 8.051365959617677390e+02
8.666907527629232888e-01 1.478260838738889138e+00 -3.534901309889520462e+02
7.817690636563392895e-04 -5.789309457842238077e-05 9.999999999999998890e-01
DSC_8248.JPG_max_x: 615.537
DSC_8248.JPG_min_x: 8.36109
DSC_8248.JPG_max_y: 1498.48
DSC_8248.JPG_min_y: 605.401
DSC_8346.JPG_max_x: 1315.45
DSC_8346.JPG_min_x: 755.884
DSC_8346.JPG_max_y: 1922.66
DSC_8346.JPG_min_y: 617.862
