1.000971367742956808e+00 1.454760159161556654e-01 -1.624069193794779835e+02
-2.659245639251145987e-01 9.776365179300274821e-01 -1.210316994057352673e+02
-2.001258203107752522e-04 -6.559222631044650260e-05 1.000000000000000000e+00
DSC_8396.JPG_max_x: 927.499
DSC_8396.JPG_min_x: 5.17065
DSC_8396.JPG_max_y: 1616.32
DSC_8396.JPG_min_y: 1018.85
DSC_8430.JPG_max_x: 1314.05
DSC_8430.JPG_min_x: 8.89637
DSC_8430.JPG_max_y: 1694.35
DSC_8430.JPG_min_y: 859.477
