6.270696695889722561e-01 -2.975949948001523349e-01 3.902954427397893937e+02
-8.733576128996758947e-02 3.608040951706741883e-01 1.174402370209426635e+03
-1.188026306128387816e-04 -2.363815159960847533e-04 9.999999999999998890e-01
DSC_8247.JPG_max_x: 1165.06
DSC_8247.JPG_min_x: 309.264
DSC_8247.JPG_max_y: 674.82
DSC_8247.JPG_min_y: 292.543
DSC_8262.JPG_max_x: 1299.99
DSC_8262.JPG_min_x: 531.739
DSC_8262.JPG_max_y: 1818.87
DSC_8262.JPG_min_y: 1404.53
