9.355482178671525872e-01 1.458581205494333122e-01 1.903254731255763943e+02
-1.168375684215441218e-01 2.078935255423517425e+00 -1.752962865617870648e+03
-5.739814635531871470e-04 6.486489663409897993e-04 1.000000000000000000e+00
DSC_8262.JPG_max_x: 1201.12
DSC_8262.JPG_min_x: 203.501
DSC_8262.JPG_max_y: 1789.85
DSC_8262.JPG_min_y: 883.249
DSC_8477.JPG_max_x: 1262.16
DSC_8477.JPG_min_x: 334.061
DSC_8477.JPG_max_y: 1167.14
DSC_8477.JPG_min_y: 8.02349
