-7.242180318694722008e-01 -5.086680532373940578e-01 9.571347423724535020e+02
-9.152900576528049115e-01 -6.476901432674340153e-01 1.220994424392387828e+03
-7.580416589655223280e-04 -5.296947239001600178e-04 1.000000000000000000e+00
DSC_8291.JPG_max_x: 1154.25
DSC_8291.JPG_min_x: 194.31
DSC_8291.JPG_max_y: 1968.96
DSC_8291.JPG_min_y: 259.685
DSC_8319.JPG_max_x: 1268.83
DSC_8319.JPG_min_x: 758.199
DSC_8319.JPG_max_y: 1209.9
DSC_8319.JPG_min_y: 446.767
