1.457330243914281231e+00 1.055527263521819671e-02 -1.135380959093286265e+03
6.217062087082230182e-01 1.125643908920655800e+00 8.908288569597327466e+01
5.344789879763270661e-04 -8.929777946382074069e-05 1.000000000000000000e+00
DSC_8218.JPG_max_x: 1323.4
DSC_8218.JPG_min_x: 791.293
DSC_8218.JPG_max_y: 1712.04
DSC_8218.JPG_min_y: 724.248
DSC_8378.JPG_max_x: 516.151
DSC_8378.JPG_min_x: 22.9522
DSC_8378.JPG_max_y: 1828.14
DSC_8378.JPG_min_y: 1050.32
