9.724548333139229062e-01 -7.679626298348363536e-03 -7.533496601982352558e+01
-3.784166621012540199e-01 1.102252864295803381e+00 3.723199565794176991e+00
-4.321505631152627674e-04 5.490791695204176338e-05 1.000000000000000000e+00
DSC_8308.JPG_max_x: 915.136
DSC_8308.JPG_min_x: 88.3511
DSC_8308.JPG_max_y: 1511.63
DSC_8308.JPG_min_y: 557.031
DSC_8354.JPG_max_x: 1167.14
DSC_8354.JPG_min_x: 3.86726
DSC_8354.JPG_max_y: 1577.57
DSC_8354.JPG_min_y: 450.45
