7.970257312977053754e-01 -1.471560317199792356e-01 -1.662978498578199833e+02
-1.029303265028739672e-01 7.423226510015169533e-01 4.113586852396221047e+02
-1.010727408779369052e-04 8.899232870953961325e-05 1.000000000000000000e+00
DSC_8258.JPG_max_x: 1313.09
DSC_8258.JPG_min_x: 517.802
DSC_8258.JPG_max_y: 1710.94
DSC_8258.JPG_min_y: 607.57
DSC_8474.JPG_max_x: 766.265
DSC_8474.JPG_min_x: 19.6454
DSC_8474.JPG_max_y: 1475.62
DSC_8474.JPG_min_y: 773.826
