-3.278625998980768230e+00 -7.951333579097635829e-01 8.928802179763208642e+02
-2.648277867016862963e+00 -3.421498203813641226e+00 3.149183906604736421e+03
-2.081662060123829708e-03 -1.114768040636038076e-03 1.000000000000000000e+00
DSC_8200.JPG_max_x: 1254.47
DSC_8200.JPG_min_x: 85.7765
DSC_8200.JPG_max_y: 1218.27
DSC_8200.JPG_min_y: 918.817
DSC_8468.JPG_max_x: 1271.63
DSC_8468.JPG_min_x: 645.992
DSC_8468.JPG_max_y: 1944.97
DSC_8468.JPG_min_y: 1202.92
