4.623915507406925474e-01 -5.484865018451420132e-02 1.100290164305395820e+03
4.846139976293773605e-02 6.939170640265890366e-01 1.666692822801080069e+02
-2.158433183307085677e-04 1.533450034771670031e-04 1.000000000000000000e+00
DSC_8293.JPG_max_x: 456.465
DSC_8293.JPG_min_x: 34.2713
DSC_8293.JPG_max_y: 1461.06
DSC_8293.JPG_min_y: 77.7891
DSC_8471.JPG_max_x: 1306.53
DSC_8471.JPG_min_x: 865.051
DSC_8471.JPG_max_y: 969.538
DSC_8471.JPG_min_y: 237.451
