1.527064503945949525e+01 5.030716181466273085e+00 -7.097826292822862342e+03
-1.685758558695698017e+00 1.947564329070211286e+01 -2.030966386344601051e+04
-2.224751780368646077e-03 4.903967486368478006e-03 1.000000000000000000e+00
DSC_8200.JPG_max_x: 502.992
DSC_8200.JPG_min_x: 195.826
DSC_8200.JPG_max_y: 1496.59
DSC_8200.JPG_min_y: 1086.46
DSC_8319.JPG_max_x: 1164.79
DSC_8319.JPG_min_x: 240.492
DSC_8319.JPG_max_y: 1128.67
DSC_8319.JPG_min_y: 64.9079
