3.566626269949801920e+00 8.495258051589782422e-01 -7.575630813402323156e+02
-1.324654694768975793e-02 3.711086178805674152e+00 -3.305611986511268697e+03
1.683709452288594194e-04 6.857631271379939671e-04 1.000000000000000000e+00
DSC_8298.JPG_max_x: 645.773
DSC_8298.JPG_min_x: 69.1824
DSC_8298.JPG_max_y: 1842.76
DSC_8298.JPG_min_y: 914.187
DSC_8329.JPG_max_x: 1307.51
DSC_8329.JPG_min_x: 381.446
DSC_8329.JPG_max_y: 1534.68
DSC_8329.JPG_min_y: 37.2677
