2.175989115823667996e-01 -1.996275362747282345e-01 3.424572760004199381e+02
-2.479977187822914875e-01 1.637597667570125926e-01 8.272521388267446127e+02
-2.278437389386668002e-04 -2.008993807195303262e-04 1.000000000000000000e+00
DSC_8292.JPG_max_x: 1327.23
DSC_8292.JPG_min_x: 354.804
DSC_8292.JPG_max_y: 1507.32
DSC_8292.JPG_min_y: 707.219
DSC_8380.JPG_max_x: 879.664
DSC_8380.JPG_min_x: 245.633
DSC_8380.JPG_max_y: 1682.34
DSC_8380.JPG_min_y: 1091.75
