-2.182272886553983327e+00 -1.986530414573973058e+00 3.669542540951195861e+03
2.959819010753690985e-02 -2.755739168605443989e+00 2.853537678834700273e+03
-7.338282012397226483e-04 -1.877790278571101791e-03 1.000000000000000000e+00
DSC_8444.JPG_max_x: 1255.4
DSC_8444.JPG_min_x: 454.971
DSC_8444.JPG_max_y: 1700.63
DSC_8444.JPG_min_y: 1311.02
DSC_8455.JPG_max_x: 733.385
DSC_8455.JPG_min_x: 87.1931
DSC_8455.JPG_max_y: 594.724
DSC_8455.JPG_min_y: 334.993
