-6.534353209102258253e-01 -1.642980230775816994e-02 7.223391908071422449e+02
-1.023244221583450519e+00 -3.521361965665942839e-01 1.390976709079400280e+03
-9.360963682967821543e-04 -5.000027974002119559e-05 1.000000000000000000e+00
DSC_8198.JPG_max_x: 1317.31
DSC_8198.JPG_min_x: 23.3581
DSC_8198.JPG_max_y: 1306.87
DSC_8198.JPG_min_y: 795.203
DSC_8334.JPG_max_x: 668.419
DSC_8334.JPG_min_x: 387.729
DSC_8334.JPG_max_y: 1317.18
DSC_8334.JPG_min_y: 770.989
