1.224639722859587998e+00 -3.883832975489138334e-02 -4.127817544378644357e+02
2.331245993117669613e-01 1.409962356093686697e+00 -1.096795309865779160e+02
2.207255043320658673e-04 5.641824810053183259e-05 1.000000000000000000e+00
DSC_8232.JPG_max_x: 1274.81
DSC_8232.JPG_min_x: 380.911
DSC_8232.JPG_max_y: 1615.83
DSC_8232.JPG_min_y: 696.644
DSC_8376.JPG_max_x: 900.079
DSC_8376.JPG_min_x: 16.4995
DSC_8376.JPG_max_y: 1802.38
DSC_8376.JPG_min_y: 859.395
