-1.253468922653508955e+00 -2.752414409556571129e-01 4.577449350962875201e+02
-6.189984698264083818e+00 -9.974282345643297187e-01 1.808606018463161945e+03
-4.763534430864788116e-03 -4.841414954728567518e-06 1.000000000000000000e+00
DSC_8265.JPG_max_x: 466.854
DSC_8265.JPG_min_x: 154.502
DSC_8265.JPG_max_y: 825.693
DSC_8265.JPG_min_y: 29.3994
DSC_8437.JPG_max_x: 262.546
DSC_8437.JPG_min_x: 6.43297
DSC_8437.JPG_max_y: 1434.84
DSC_8437.JPG_min_y: 121.093
