-2.676541757580652714e-02 -3.163932857145875799e-01 1.133268526294045614e+03
-4.515374200135102156e-01 3.170012057720576482e-01 1.114735396641591933e+03
-4.760518657210550237e-04 -7.353663110226756788e-05 9.999999999999998890e-01
DSC_8229.JPG_max_x: 523.422
DSC_8229.JPG_min_x: 23.2072
DSC_8229.JPG_max_y: 927.472
DSC_8229.JPG_min_y: 231.888
DSC_8308.JPG_max_x: 1326.7
DSC_8308.JPG_min_x: 938.066
DSC_8308.JPG_max_y: 1535.98
DSC_8308.JPG_min_y: 1209.38
