-1.735367960978473068e-01 -2.597561447648391031e-01 4.096244803787297997e+02
-9.932334680061751797e-01 -8.446056955538705502e-01 1.539016667901997835e+03
-6.789143290845014826e-04 -5.359518866406750561e-04 1.000000000000000000e+00
DSC_8270.JPG_max_x: 1076.72
DSC_8270.JPG_min_x: 472.456
DSC_8270.JPG_max_y: 1515.8
DSC_8270.JPG_min_y: 1216.74
DSC_8380.JPG_max_x: 1111.57
DSC_8380.JPG_min_x: 34.6355
DSC_8380.JPG_max_y: 1543.14
DSC_8380.JPG_min_y: 1120.2
