4.726281472189547972e-01 -7.148943836426391307e-02 1.090561788949287575e+03
-4.753711008766278723e-01 1.029857642725252820e+00 3.294715228741825541e+01
-5.105340850751554586e-04 6.923231127129214870e-06 9.999999999999998890e-01
DSC_8198.JPG_max_x: 295.031
DSC_8198.JPG_min_x: 3.01759
DSC_8198.JPG_max_y: 1699.14
DSC_8198.JPG_min_y: 651.419
DSC_8216.JPG_max_x: 1318.68
DSC_8216.JPG_min_x: 990.417
DSC_8216.JPG_max_y: 1831.86
DSC_8216.JPG_min_y: 699.629
