3.675950542917876818e-01 -2.727179799318431019e-01 -5.371754258931133563e+01
-7.243100298510294355e-01 -6.972200712511700260e-01 1.568495222147932509e+03
-4.073696921775476825e-04 -4.910805320796882189e-04 1.000000000000000000e+00
DSC_8237.JPG_max_x: 1062.2
DSC_8237.JPG_min_x: 457.125
DSC_8237.JPG_max_y: 1277.33
DSC_8237.JPG_min_y: 189.923
DSC_8336.JPG_max_x: 1243.82
DSC_8336.JPG_min_x: 25.5258
DSC_8336.JPG_max_y: 1592.02
DSC_8336.JPG_min_y: 1284.54
