1.418511973148615546e+00 2.652829518125843777e-01 -4.442938591872362508e+02
5.469901684707652312e-02 5.882646520792536027e-01 2.145178949252601797e+02
1.697135540177268590e-03 -1.638520371657654494e-04 1.000000000000000000e+00
DSC_8283.JPG_max_x: 1290.36
DSC_8283.JPG_min_x: 834.613
DSC_8283.JPG_max_y: 1457.24
DSC_8283.JPG_min_y: 133.814
DSC_8379.JPG_max_x: 559.538
DSC_8379.JPG_min_x: 335.212
DSC_8379.JPG_max_y: 454.149
DSC_8379.JPG_min_y: 131.573
