-7.442598767942682159e+00 7.908601484301058804e+00 9.172759189563795417e+02
-1.113016626274109910e+01 1.511761793321520742e+01 7.006390638288778518e+02
-5.146584096820188206e-03 7.384312725666981880e-03 1.000000000000000000e+00
DSC_8297.JPG_max_x: 1331.6
DSC_8297.JPG_min_x: 177.748
DSC_8297.JPG_max_y: 1595.16
DSC_8297.JPG_min_y: 237.469
DSC_8315.JPG_max_x: 901.988
DSC_8315.JPG_min_x: 382.519
DSC_8315.JPG_max_y: 1706.23
DSC_8315.JPG_min_y: 663.523
