-9.069140427165561791e-01 -4.870192500661715829e-01 1.430208981146941369e+03
-3.514012447235661390e-02 -1.228320337371563431e+00 1.276130283411614755e+03
-6.910159775494759474e-04 -6.347907526295685707e-04 1.000000000000000000e+00
DSC_8198.JPG_max_x: 1310.97
DSC_8198.JPG_min_x: 659.573
DSC_8198.JPG_max_y: 1827.89
DSC_8198.JPG_min_y: 1010.05
DSC_8417.JPG_max_x: 499.672
DSC_8417.JPG_min_x: 21.9099
DSC_8417.JPG_max_y: 1486.7
DSC_8417.JPG_min_y: 44.9521
