-6.326775128599204656e-01 8.496540451809520000e-02 5.113803202334265734e+02
-1.980838266083001287e+00 -2.046043726522098205e-01 1.872073986115831076e+03
-1.426271263339186400e-03 9.374217245863929974e-05 1.000000000000000000e+00
DSC_8378.JPG_max_x: 1308.78
DSC_8378.JPG_min_x: 577.132
DSC_8378.JPG_max_y: 1688.43
DSC_8378.JPG_min_y: 107.023
DSC_8396.JPG_max_x: 925.539
DSC_8396.JPG_min_x: 12.9829
DSC_8396.JPG_max_y: 1593.82
DSC_8396.JPG_min_y: 89.7285
