6.810755434304239797e-01 -1.982237775336465890e-01 7.774337679816720765e+02
-3.778149958062199110e-01 5.174474137982147948e-01 5.793282528040923580e+02
-6.608535633790802138e-05 -1.787089677951182124e-04 1.000000000000000000e+00
DSC_8298.JPG_max_x: 397.032
DSC_8298.JPG_min_x: 5.36036
DSC_8298.JPG_max_y: 1497.92
DSC_8298.JPG_min_y: 508.179
DSC_8476.JPG_max_x: 1057.81
DSC_8476.JPG_min_x: 736.196
DSC_8476.JPG_max_y: 1849.4
DSC_8476.JPG_min_y: 774.445
