1.000645939990100652e+00 1.316018024699660838e-01 5.802279997812610901e+01
2.185216204806830764e-02 1.005772236331037961e+00 7.335019277995264986e+01
4.155539205495197062e-05 -3.499861546960931559e-06 1.000000000000000000e+00
DSC_8412.JPG_max_x: 1182.73
DSC_8412.JPG_min_x: 7.12349
DSC_8412.JPG_max_y: 1770.64
DSC_8412.JPG_min_y: 646.625
DSC_8428.JPG_max_x: 1316.23
DSC_8428.JPG_min_x: 195.5
DSC_8428.JPG_max_y: 1855.5
DSC_8428.JPG_min_y: 730.902
