-4.324167543491946875e-01 -2.200309247658087733e-02 9.986753937730400139e+02
-1.038740468202990153e+00 6.625706928316829059e-01 7.177541997312459898e+02
-8.775301968215073979e-04 1.475273407669995237e-04 1.000000000000000000e+00
DSC_8258.JPG_max_x: 347.733
DSC_8258.JPG_min_x: 40.7926
DSC_8258.JPG_max_y: 1362.1
DSC_8258.JPG_min_y: 694.437
DSC_8396.JPG_max_x: 1015.61
DSC_8396.JPG_min_x: 837.702
DSC_8396.JPG_max_y: 1380.12
DSC_8396.JPG_min_y: 1056.58
