-1.125228131699337331e+00 8.499953544155354201e-01 -1.307935985801368020e+02
-8.149945356166024002e-01 5.282309272152354573e-01 -1.788508713411445967e+02
-1.551247804480399136e-03 9.496111335202566989e-05 1.000000000000000000e+00
DSC_8336.JPG_max_x: 810.375
DSC_8336.JPG_min_x: 25.5258
DSC_8336.JPG_max_y: 1688.86
DSC_8336.JPG_min_y: 765.223
DSC_8417.JPG_max_x: 1295.5
DSC_8417.JPG_min_x: 166.231
DSC_8417.JPG_max_y: 1441.09
DSC_8417.JPG_min_y: 138.23
