-9.356093011059487541e-01 3.644997903709118470e-01 7.113218733295653919e+02
-1.563292131786178096e+00 6.074767892985578621e-01 1.090151842006650895e+03
-1.516424977746799480e-03 8.101927444244707947e-04 1.000000000000000000e+00
DSC_8217.JPG_max_x: 1152.56
DSC_8217.JPG_min_x: 734.641
DSC_8217.JPG_max_y: 737.16
DSC_8217.JPG_min_y: 10.3127
DSC_8421.JPG_max_x: 1110.96
DSC_8421.JPG_min_x: 34.4075
DSC_8421.JPG_max_y: 1819.54
DSC_8421.JPG_min_y: 358.771
