1.080304344053304888e+00 -3.839365420784338762e-02 5.599440127031982684e+02
1.723323185199036045e-01 8.351584582292340686e-01 1.463271217964130599e+01
1.524192390070139877e-04 -9.704437536762728180e-05 1.000000000000000000e+00
DSC_8208.JPG_max_x: 690.627
DSC_8208.JPG_min_x: 7.00129
DSC_8208.JPG_max_y: 1827.71
DSC_8208.JPG_min_y: 804.836
DSC_8224.JPG_max_x: 1294.0
DSC_8224.JPG_min_x: 590.922
DSC_8224.JPG_max_y: 1779.91
DSC_8224.JPG_min_y: 747.164
