3.084029337416011596e-01 -2.982266362187068198e-01 1.057877095819989790e+03
3.395048175822409919e-02 3.734769209775948839e-01 2.041417038035702944e+02
-6.651018446957818815e-05 -1.349692394172907631e-04 1.000000000000000000e+00
DSC_8407.JPG_max_x: 714.38
DSC_8407.JPG_min_x: 51.5198
DSC_8407.JPG_max_y: 1616.47
DSC_8407.JPG_min_y: 15.3563
DSC_8441.JPG_max_x: 1286.6
DSC_8441.JPG_min_x: 764.287
DSC_8441.JPG_max_y: 1069.92
DSC_8441.JPG_min_y: 223.177
