-3.805651944527373848e-02 -1.032985552784185579e+00 7.015508760119904537e+02
5.032545024511819731e-02 -1.886770585156138269e+00 1.176361037516162241e+03
2.281836472007346217e-05 -1.576903944453251008e-03 1.000000000000000000e+00
DSC_8304.JPG_max_x: 1106.53
DSC_8304.JPG_min_x: 29.0201
DSC_8304.JPG_max_y: 1784.88
DSC_8304.JPG_min_y: 487.392
DSC_8398.JPG_max_x: 712.826
DSC_8398.JPG_min_x: 399.551
DSC_8398.JPG_max_y: 1346.1
DSC_8398.JPG_min_y: 1025.47
