1.288736390491423744e+00 -3.793581905712903879e-01 5.369022733489996426e+02
3.686606912957251514e-01 4.792913568809027969e-01 9.523718884027960030e+02
2.482898946379353015e-04 -2.819477020581169393e-04 1.000000000000000000e+00
DSC_8331.JPG_max_x: 820.458
DSC_8331.JPG_min_x: 122.014
DSC_8331.JPG_max_y: 874.266
DSC_8331.JPG_min_y: 93.0372
DSC_8346.JPG_max_x: 1315.45
DSC_8346.JPG_min_x: 609.329
DSC_8346.JPG_max_y: 1779.12
DSC_8346.JPG_min_y: 1081.12
