-5.417810211188810454e-01 4.844511112645558809e-02 5.526329578825420867e+02
-1.577803573909477786e+00 -3.842775476535956192e-01 1.683131619389796924e+03
-1.277862663737305837e-03 2.284506917140619815e-05 1.000000000000000000e+00
DSC_8350.JPG_max_x: 1242.79
DSC_8350.JPG_min_x: 263.118
DSC_8350.JPG_max_y: 1492.22
DSC_8350.JPG_min_y: 787.669
DSC_8366.JPG_max_x: 737.181
DSC_8366.JPG_min_x: 8.70265
DSC_8366.JPG_max_y: 1577.98
DSC_8366.JPG_min_y: 973.3
