1.944070224322046181e-01 4.628939296527856406e-02 5.034847335321588275e+02
-5.261530070393134473e-01 7.789703286011938621e-01 2.484979936786887436e+02
-4.252678898505821148e-04 7.183380040018505605e-05 1.000000000000000000e+00
DSC_8402.JPG_max_x: 355.076
DSC_8402.JPG_min_x: 19.8294
DSC_8402.JPG_max_y: 1791.92
DSC_8402.JPG_min_y: 998.948
DSC_8406.JPG_max_x: 672.158
DSC_8406.JPG_min_x: 521.582
DSC_8406.JPG_max_y: 1471.97
DSC_8406.JPG_min_y: 949.662
