2.955433371927774111e+00 3.445440967366412283e-02 -8.887045186133852894e+02
1.224964101672385119e+00 2.410141488119819986e+00 -1.034812536893045490e+03
1.308895422475090742e-03 -8.760758399570459510e-05 1.000000000000000000e+00
DSC_8264.JPG_max_x: 856.663
DSC_8264.JPG_min_x: 594.742
DSC_8264.JPG_max_y: 1008.43
DSC_8264.JPG_min_y: 467.675
DSC_8332.JPG_max_x: 810.026
DSC_8332.JPG_min_x: 517.972
DSC_8332.JPG_max_y: 1232.86
DSC_8332.JPG_min_y: 501.598
