1.675083037864211422e+00 5.157161451323445389e-01 -1.894957228612128574e+03
-1.073332533935133642e-01 1.551117185347314908e+00 1.179163199208862522e+02
4.592298439639159145e-04 5.485049898568044387e-05 9.999999999999998890e-01
DSC_8471.JPG_max_x: 1323.9
DSC_8471.JPG_min_x: 860.497
DSC_8471.JPG_max_y: 1372.91
DSC_8471.JPG_min_y: 152.984
DSC_8473.JPG_max_x: 650.484
DSC_8473.JPG_min_x: 18.7812
DSC_8473.JPG_max_y: 1234.73
DSC_8473.JPG_min_y: 142.868
