1.017905613603029280e-01 -2.686584121902901856e-01 4.684911925782390085e+02
-5.578686459303637546e-02 -4.011762863485310859e-01 1.055840676561497276e+03
-5.256730451955253888e-05 -4.725030436170415504e-04 1.000000000000000000e+00
DSC_8289.JPG_max_x: 1116.74
DSC_8289.JPG_min_x: 482.089
DSC_8289.JPG_max_y: 854.242
DSC_8289.JPG_min_y: 259.339
DSC_8350.JPG_max_x: 638.072
DSC_8350.JPG_min_x: 515.281
DSC_8350.JPG_max_y: 1208.46
DSC_8350.JPG_min_y: 1085.75
