1.891524881738206654e+00 -4.029103388470072628e-02 1.094798193081518320e+02
1.459049725685452048e-01 1.792853643092110705e+00 -1.445668491112016625e+02
9.552809623990185528e-05 3.023717499889644962e-04 1.000000000000000000e+00
DSC_8331.JPG_max_x: 919.812
DSC_8331.JPG_min_x: 37.0861
DSC_8331.JPG_max_y: 1228.7
DSC_8331.JPG_min_y: 94.209
DSC_8405.JPG_max_x: 1291.16
DSC_8405.JPG_min_x: 148.049
DSC_8405.JPG_max_y: 1517.98
DSC_8405.JPG_min_y: 122.592
