3.329566696331545117e-01 3.716098402724736516e-02 1.183264069521152919e+02
4.357128724301903566e-01 -2.544064543741409445e-01 6.927976974496735920e+02
2.566459252282259095e-04 -5.705663430240467742e-04 1.000000000000000000e+00
DSC_8308.JPG_max_x: 671.991
DSC_8308.JPG_min_x: 26.457
DSC_8308.JPG_max_y: 1405.81
DSC_8308.JPG_min_y: 721.999
DSC_8338.JPG_max_x: 1086.2
DSC_8338.JPG_min_x: 295.564
DSC_8338.JPG_max_y: 1595.6
DSC_8338.JPG_min_y: 820.859
