-2.592322207808868684e-01 3.699386211805636565e-02 7.634764646895458782e+02
-5.819836384525631789e-01 2.480062277210400568e-01 7.670806183260751823e+02
-6.202382849043323919e-04 4.510475032617977610e-05 1.000000000000000000e+00
DSC_8290.JPG_max_x: 791.093
DSC_8290.JPG_min_x: 23.2675
DSC_8290.JPG_max_y: 985.67
DSC_8290.JPG_min_y: 260.948
DSC_8350.JPG_max_x: 1077.93
DSC_8350.JPG_min_x: 762.967
DSC_8350.JPG_max_y: 989.092
DSC_8350.JPG_min_y: 811.065
