-1.676038475448171639e+01 1.580247574966372603e+01 -5.327927972031579884e+02
-4.858919073130133270e+00 6.070482746729471302e+00 -2.470423328151495753e+03
-1.653748477758949786e-02 1.405743895098540350e-02 1.000000000000000000e+00
DSC_8286.JPG_max_x: 1327.0
DSC_8286.JPG_min_x: 582.783
DSC_8286.JPG_max_y: 1562.18
DSC_8286.JPG_min_y: 938.063
DSC_8471.JPG_max_x: 1300.85
DSC_8471.JPG_min_x: 549.064
DSC_8471.JPG_max_y: 828.701
DSC_8471.JPG_min_y: 112.361
