-5.284630792372206898e-01 -3.556379498624080426e-01 5.890638991737442893e+02
-9.782260930826780498e-02 -1.349002171249464421e+00 1.348063298618954605e+03
-7.962483190217504742e-04 -7.541647424886151717e-04 1.000000000000000000e+00
DSC_8264.JPG_max_x: 852.592
DSC_8264.JPG_min_x: 302.274
DSC_8264.JPG_max_y: 1886.9
DSC_8264.JPG_min_y: 738.137
DSC_8333.JPG_max_x: 724.787
DSC_8333.JPG_min_x: 280.392
DSC_8333.JPG_max_y: 1618.65
DSC_8333.JPG_min_y: 64.6425
