7.291159535461355645e-01 -1.229880256850557768e-01 3.318065184727581141e+01
1.096585933152787184e-01 4.132243490320646195e-01 1.125195563488693324e+03
4.328164390460002370e-05 -2.040446815036755818e-04 1.000000000000000000e+00
DSC_8325.JPG_max_x: 1321.28
DSC_8325.JPG_min_x: 75.5896
DSC_8325.JPG_max_y: 929.752
DSC_8325.JPG_min_y: 401.25
DSC_8442.JPG_max_x: 980.988
DSC_8442.JPG_min_x: 15.4541
DSC_8442.JPG_max_y: 1907.06
DSC_8442.JPG_min_y: 1440.31
