7.417446451991759337e-01 -5.392687948987145985e-01 1.223933745081022607e+03
3.397690446204350012e-01 8.040546265863343089e-01 3.215151159178390117e+02
-1.446227586247914433e-04 -6.301384467165308488e-05 1.000000000000000000e+00
DSC_8315.JPG_max_x: 362.675
DSC_8315.JPG_min_x: 8.24157
DSC_8315.JPG_max_y: 1251.27
DSC_8315.JPG_min_y: 38.4732
DSC_8439.JPG_max_x: 1289.41
DSC_8439.JPG_min_x: 758.296
DSC_8439.JPG_max_y: 1631.37
DSC_8439.JPG_min_y: 362.269
