3.007020437794243328e-01 7.335617245167051770e-02 3.593545946409648764e+02
2.283973863987494024e-01 1.026498638308383615e+00 1.656806543922438777e+03
5.470714293906857079e-05 4.075958311807405168e-04 1.000000000000000000e+00
DSC_8387.JPG_max_x: 648.901
DSC_8387.JPG_min_x: 62.6895
DSC_8387.JPG_max_y: 624.666
DSC_8387.JPG_min_y: 12.9243
DSC_8406.JPG_max_x: 525.65
DSC_8406.JPG_min_x: 321.752
DSC_8406.JPG_max_y: 1965.11
DSC_8406.JPG_min_y: 1009.82
