6.271419680726820767e-01 1.469332929551292292e-02 -3.076987110715442597e+01
-1.405342759424101917e-01 5.982063605102386772e-01 -5.080923844021560285e+02
-3.140518265773729190e-05 -1.288243696357199122e-04 1.000000000000000000e+00
DSC_8238.JPG_max_x: 1262.73
DSC_8238.JPG_min_x: 223.829
DSC_8238.JPG_max_y: 1450.86
DSC_8238.JPG_min_y: 1150.2
DSC_8473.JPG_max_x: 999.876
DSC_8473.JPG_min_x: 143.626
DSC_8473.JPG_max_y: 303.36
DSC_8473.JPG_min_y: 87.1544
