-1.466338422590785784e-01 4.329064889274300554e-02 4.704460896251544568e+02
2.050148132846579818e-01 3.414859541444272284e-01 -2.765330789770480351e+02
-1.817092956967327020e-04 -2.653218307455948769e-04 1.000000000000000000e+00
DSC_8216.JPG_max_x: 1108.18
DSC_8216.JPG_min_x: 60.0529
DSC_8216.JPG_max_y: 1878.86
DSC_8216.JPG_min_y: 1114.66
DSC_8329.JPG_max_x: 1211.42
DSC_8329.JPG_min_x: 683.514
DSC_8329.JPG_max_y: 1302.24
DSC_8329.JPG_min_y: 148.412
