1.412858267548597890e+00 5.627854307463439065e-01 -1.151854698889288329e+03
4.874002126422166126e-01 1.264016797985187734e+00 1.405423791454846878e+03
6.025163092576149484e-04 -1.019440797010711840e-05 1.000000000000000000e+00
DSC_8209.JPG_max_x: 1290.0
DSC_8209.JPG_min_x: 755.85
DSC_8209.JPG_max_y: 729.959
DSC_8209.JPG_min_y: 291.048
DSC_8226.JPG_max_x: 583.985
DSC_8226.JPG_min_x: 88.0468
DSC_8226.JPG_max_y: 1840.13
DSC_8226.JPG_min_y: 1423.99
