4.439076987116605255e-01 -9.102613949790777648e-02 1.019863768165653028e+03
-3.970578852187535146e-01 8.936031301742115573e-01 1.668543471337418111e+02
-4.199719257028767605e-04 -3.831227825680604655e-05 1.000000000000000000e+00
DSC_8298.JPG_max_x: 342.504
DSC_8298.JPG_min_x: 12.8574
DSC_8298.JPG_max_y: 1515.74
DSC_8298.JPG_min_y: 508.179
DSC_8456.JPG_max_x: 1328.0
DSC_8456.JPG_min_x: 982.921
DSC_8456.JPG_max_y: 1658.93
DSC_8456.JPG_min_y: 598.602
