1.085148324125569941e+00 -2.038141266851809796e-01 -2.499926390274173116e+02
7.264776392199080723e-02 7.991374907797610394e-01 4.969924698626101076e+02
2.260601690857412654e-05 -2.589615660207268059e-04 1.000000000000000000e+00
DSC_8297.JPG_max_x: 1308.32
DSC_8297.JPG_min_x: 351.072
DSC_8297.JPG_max_y: 865.714
DSC_8297.JPG_min_y: 56.9713
DSC_8441.JPG_max_x: 1218.32
DSC_8441.JPG_min_x: 107.082
DSC_8441.JPG_max_y: 1598.42
DSC_8441.JPG_min_y: 623.773
