1.131854331383612022e+00 1.190365250657713855e-02 1.209812488949862797e+02
-2.578721692665903939e-02 1.035374056823648248e+00 -1.318131948355286056e+02
-2.162008197501704511e-05 -5.184810147747919974e-05 1.000000000000000000e+00
DSC_8200.JPG_max_x: 811.363
DSC_8200.JPG_min_x: 85.7765
DSC_8200.JPG_max_y: 1787.17
DSC_8200.JPG_min_y: 845.691
DSC_8350.JPG_max_x: 1211.38
DSC_8350.JPG_min_x: 243.122
DSC_8350.JPG_max_y: 1875.53
DSC_8350.JPG_min_y: 766.241
