1.293790798693211119e+00 6.275356584811512262e-01 -8.768126371398674337e+02
-1.094085911231126307e-01 9.387257964506836583e-01 1.081553346803705153e+03
4.650708495159486255e-04 -2.954334891246175468e-04 1.000000000000000000e+00
DSC_8255.JPG_max_x: 1191.94
DSC_8255.JPG_min_x: 563.92
DSC_8255.JPG_max_y: 475.881
DSC_8255.JPG_min_y: 164.893
DSC_8257.JPG_max_x: 574.533
DSC_8257.JPG_min_x: 158.411
DSC_8257.JPG_max_y: 1298.07
DSC_8257.JPG_min_y: 777.896
