-1.209015763092728735e+00 -1.468744863590983663e+00 7.175994937096752437e+02
-2.481677603863073067e-01 -2.376547889085340426e+00 2.438257020972901955e+03
1.658193506739092282e-04 -1.958213373933082296e-03 1.000000000000000000e+00
DSC_8324.JPG_max_x: 523.418
DSC_8324.JPG_min_x: 14.2239
DSC_8324.JPG_max_y: 1559.13
DSC_8324.JPG_min_y: 1254.73
DSC_8429.JPG_max_x: 1260.33
DSC_8429.JPG_min_x: 780.533
DSC_8429.JPG_max_y: 636.735
DSC_8429.JPG_min_y: 383.292
