-5.196471097933696992e-01 -6.832028766318011259e-01 9.573715064752097987e+02
5.138711603873329092e-02 -7.257865452598113443e-01 8.597321191220056562e+02
3.808608494067243689e-05 -9.929062683689761273e-04 1.000000000000000000e+00
DSC_8196.JPG_max_x: 671.129
DSC_8196.JPG_min_x: 208.589
DSC_8196.JPG_max_y: 1347.15
DSC_8196.JPG_min_y: 849.305
DSC_8375.JPG_max_x: 1046.43
DSC_8375.JPG_min_x: 130.714
DSC_8375.JPG_max_y: 1508.72
DSC_8375.JPG_min_y: 16.405
