2.021546317610893317e-01 1.532232262649390608e-01 -2.734661065338520416e+02
5.891232549139848729e-01 -3.829899409065174454e-01 5.343473454823583779e+02
5.228765916665150705e-04 -7.035265033870252054e-04 1.000000000000000000e+00
DSC_8224.JPG_max_x: 1294.0
DSC_8224.JPG_min_x: 272.248
DSC_8224.JPG_max_y: 1649.21
DSC_8224.JPG_min_y: 762.766
DSC_8308.JPG_max_x: 955.566
DSC_8308.JPG_min_x: 10.6915
DSC_8308.JPG_max_y: 1657.15
DSC_8308.JPG_min_y: 721.999
