4.669348172835738331e-01 -2.227681500172855600e-01 1.013630900881306047e+02
-3.261521636058414830e-01 3.149636804652067301e-01 5.155447870016937486e+02
-2.733236005757853503e-04 -2.641953722486555661e-04 1.000000000000000000e+00
DSC_8248.JPG_max_x: 1011.58
DSC_8248.JPG_min_x: 129.525
DSC_8248.JPG_max_y: 1576.67
DSC_8248.JPG_min_y: 568.954
DSC_8348.JPG_max_x: 686.056
DSC_8348.JPG_min_x: 6.88816
DSC_8348.JPG_max_y: 1889.07
DSC_8348.JPG_min_y: 660.178
