-6.307173664861821294e+00 9.825392736966153118e-01 1.558345758924960592e+03
-3.618425300274805689e+00 2.088907909567526922e+00 -1.765169912677753928e+03
-6.652343418182374811e-03 1.201426503240608486e-03 1.000000000000000000e+00
DSC_8354.JPG_max_x: 711.637
DSC_8354.JPG_min_x: 8.4345
DSC_8354.JPG_max_y: 1893.98
DSC_8354.JPG_min_y: 1305.53
DSC_8381.JPG_max_x: 1315.28
DSC_8381.JPG_min_x: 734.572
DSC_8381.JPG_max_y: 889.215
DSC_8381.JPG_min_y: 271.142
