9.337872737694821179e-01 1.934451946999178260e-02 9.678285514363273023e+01
1.044568198466090392e-01 7.563486288736285257e-01 2.011301577413276789e+02
1.492011256735961873e-04 -8.288628527351332720e-05 1.000000000000000000e+00
DSC_8323.JPG_max_x: 1331.12
DSC_8323.JPG_min_x: 101.362
DSC_8323.JPG_max_y: 814.087
DSC_8323.JPG_min_y: 19.5989
DSC_8445.JPG_max_x: 1170.79
DSC_8445.JPG_min_x: 198.917
DSC_8445.JPG_max_y: 847.618
DSC_8445.JPG_min_y: 245.07
