1.366780872808885272e+00 3.776171327790802668e-01 -6.583864224802766785e+02
3.451068718389298517e-01 1.713946663669421611e+00 -5.418658092191219566e+02
4.015738562200963009e-04 2.768169035611390909e-04 1.000000000000000000e+00
DSC_8428.JPG_max_x: 1172.63
DSC_8428.JPG_min_x: 124.1
DSC_8428.JPG_max_y: 1628.8
DSC_8428.JPG_min_y: 968.975
DSC_8454.JPG_max_x: 812.095
DSC_8454.JPG_min_x: 22.3987
DSC_8454.JPG_max_y: 1473.17
DSC_8454.JPG_min_y: 882.227
