9.644108579668081438e-01 -2.032288484057903855e+00 1.628602745532966992e+03
4.262841558049790952e-02 -1.152178899275740021e+00 1.440368781578429662e+03
2.089703258297928665e-03 -1.812663528686257264e-03 1.000000000000000000e+00
DSC_8330.JPG_max_x: 941.413
DSC_8330.JPG_min_x: 22.5262
DSC_8330.JPG_max_y: 1859.11
DSC_8330.JPG_min_y: 1028.76
DSC_8197.JPG_max_x: 1289.33
DSC_8197.JPG_min_x: 391.674
DSC_8197.JPG_max_y: 539.413
DSC_8197.JPG_min_y: 30.7177
