5.933666776106260032e-01 -9.386347466966910025e-01 1.278546945142215009e+03
1.377784624837735117e-01 -2.670172301130367409e-01 3.753019987665701365e+02
4.169434638380770737e-04 -7.229600218281085787e-04 1.000000000000000000e+00
DSC_8224.JPG_max_x: 384.352
DSC_8224.JPG_min_x: 12.0383
DSC_8224.JPG_max_y: 1605.22
DSC_8224.JPG_min_y: 1185.08
DSC_8431.JPG_max_x: 1328.54
DSC_8431.JPG_min_x: 417.343
DSC_8431.JPG_max_y: 1418.5
DSC_8431.JPG_min_y: 366.076
