5.650930248529886235e-01 -2.981070145544615912e-01 7.794251418123005806e+02
2.781393532554961648e-02 6.640097716477223466e-01 2.123469955307367911e+02
-9.690609732961609740e-05 -9.903358112881656189e-05 1.000000000000000000e+00
DSC_8313.JPG_max_x: 1004.44
DSC_8313.JPG_min_x: 109.773
DSC_8313.JPG_max_y: 1224.9
DSC_8313.JPG_min_y: 36.4972
DSC_8457.JPG_max_x: 1319.15
DSC_8457.JPG_min_x: 741.117
DSC_8457.JPG_max_y: 1332.29
DSC_8457.JPG_min_y: 263.721
