1.094339445141925715e+00 -7.268663917279533093e-02 -7.249760554659191030e+02
1.366914971609139717e-01 1.027030176646755111e+00 7.716746986940073327e+01
7.379805069350741644e-05 -8.183362829872743130e-05 1.000000000000000000e+00
DSC_8312.JPG_max_x: 1312.37
DSC_8312.JPG_min_x: 707.323
DSC_8312.JPG_max_y: 1414.19
DSC_8312.JPG_min_y: 521.151
DSC_8438.JPG_max_x: 635.421
DSC_8438.JPG_min_x: 8.87726
DSC_8438.JPG_max_y: 1728.32
DSC_8438.JPG_min_y: 721.484
