2.390477802628795168e+00 1.362770716098153700e+00 -1.845989716201650253e+03
-4.936197168915751332e-01 3.634086836615505689e+00 -3.544527176075648185e+03
-6.955984456435828711e-04 1.110484416966562313e-03 1.000000000000000000e+00
DSC_8366.JPG_max_x: 933.177
DSC_8366.JPG_min_x: 41.714
DSC_8366.JPG_max_y: 1562.9
DSC_8366.JPG_min_y: 1228.14
DSC_8431.JPG_max_x: 1209.42
DSC_8431.JPG_min_x: 150.615
DSC_8431.JPG_max_y: 835.109
DSC_8431.JPG_min_y: 335.076
