2.966885045258702114e+00 4.443849474775456998e-01 -1.414848921208857519e+03
4.004162311899263638e-01 1.147187008161395738e+00 3.518615354886573527e+02
2.750460710019052377e-03 -3.356878745817101534e-04 1.000000000000000000e+00
DSC_8267.JPG_max_x: 1260.71
DSC_8267.JPG_min_x: 740.957
DSC_8267.JPG_max_y: 1156.61
DSC_8267.JPG_min_y: 64.8827
DSC_8365.JPG_max_x: 665.462
DSC_8365.JPG_min_x: 301.585
DSC_8365.JPG_max_y: 577.401
DSC_8365.JPG_min_y: 205.059
