1.231316984722234942e+00 -1.290966592023424342e+00 9.678518887757011271e+02
4.951182976724653462e-01 -6.601061412275242013e-01 5.948676370856740050e+02
1.404085900296594231e-03 -1.398057565238596239e-03 1.000000000000000000e+00
DSC_8240.JPG_max_x: 763.644
DSC_8240.JPG_min_x: 59.1249
DSC_8240.JPG_max_y: 1717.09
DSC_8240.JPG_min_y: 1000.61
DSC_8415.JPG_max_x: 1144.1
DSC_8415.JPG_min_x: 785.762
DSC_8415.JPG_max_y: 524.991
DSC_8415.JPG_min_y: 240.216
