-3.264340422880446235e-01 -1.070698571065088478e-01 4.972447434048808645e+02
-4.156368044996417432e-01 -3.001535889966073234e-01 8.049875390674227447e+02
-6.575803354989405349e-04 -2.278337211316589297e-04 1.000000000000000000e+00
DSC_8276.JPG_max_x: 1326.99
DSC_8276.JPG_min_x: 258.879
DSC_8276.JPG_max_y: 1666.57
DSC_8276.JPG_min_y: 864.583
DSC_8329.JPG_max_x: 706.702
DSC_8329.JPG_min_x: 269.435
DSC_8329.JPG_max_y: 1106.92
DSC_8329.JPG_min_y: 58.9066
