6.356406048094722649e-01 -1.835100032853010932e-01 2.507405284756880803e+02
6.937189538297149072e-02 1.074538704586484039e-01 7.388378881882658789e+02
-4.795664645452022416e-05 -2.410981623341542041e-04 1.000000000000000000e+00
DSC_8314.JPG_max_x: 1021.74
DSC_8314.JPG_min_x: 61.2789
DSC_8314.JPG_max_y: 1824.78
DSC_8314.JPG_min_y: 336.51
DSC_8376.JPG_max_x: 939.405
DSC_8376.JPG_min_x: 231.292
DSC_8376.JPG_max_y: 1820.31
DSC_8376.JPG_min_y: 881.537
