5.182133628338517761e-01 -2.174751245135239375e-01 1.559075449529930779e+02
-2.687935169130660495e-02 2.674203824103063010e-01 1.336689322199560365e+03
-4.351047031896963048e-05 -1.755535991143998326e-04 9.999999999999998890e-01
DSC_8209.JPG_max_x: 1294.59
DSC_8209.JPG_min_x: 20.8451
DSC_8209.JPG_max_y: 761.972
DSC_8209.JPG_min_y: 298.28
DSC_8368.JPG_max_x: 816.764
DSC_8368.JPG_min_x: 54.3122
DSC_8368.JPG_max_y: 1829.51
DSC_8368.JPG_min_y: 1503.09
