1.064891920680709925e+00 9.890727141546219459e-01 2.371876263889836594e+02
-2.265781605809294441e-01 3.712996954378269265e+00 -4.182850138354123374e+03
-1.435591860494715146e-03 1.176466393482050688e-03 1.000000000000000000e+00
DSC_8196.JPG_max_x: 623.715
DSC_8196.JPG_min_x: 443.553
DSC_8196.JPG_max_y: 1347.15
DSC_8196.JPG_min_y: 1177.27
DSC_8345.JPG_max_x: 1323.01
DSC_8345.JPG_min_x: 1036.45
DSC_8345.JPG_max_y: 400.643
DSC_8345.JPG_min_y: 41.1692
