1.759770365074531329e+00 -1.049962324881192621e-01 2.129601016936580891e+02
6.856591472929684334e-04 1.258098073989647014e+00 -3.222876467134780114e+02
-2.466315690149007873e-05 -1.234916833747862436e-04 1.000000000000000000e+00
DSC_8362.JPG_max_x: 472.785
DSC_8362.JPG_min_x: 7.45005
DSC_8362.JPG_max_y: 1238.81
DSC_8362.JPG_min_y: 793.375
DSC_8420.JPG_max_x: 1093.39
DSC_8420.JPG_min_x: 49.3068
DSC_8420.JPG_max_y: 1507.43
DSC_8420.JPG_min_y: 761.921
