2.278404465949181557e+01 6.363880298281211267e+00 -2.332915248862749286e+04
-1.103727473041745677e+00 2.037180769838689542e+01 -2.007951774910918175e+04
1.305544355516007927e-02 6.845907994241526816e-03 1.000000000000000000e+00
DSC_8234.JPG_max_x: 1306.58
DSC_8234.JPG_min_x: 857.817
DSC_8234.JPG_max_y: 1766.21
DSC_8234.JPG_min_y: 1161.85
DSC_8379.JPG_max_x: 582.04
DSC_8379.JPG_min_x: 206.192
DSC_8379.JPG_max_y: 481.064
DSC_8379.JPG_min_y: 102.083
