5.741034392266030295e+00 1.546859606847532931e-01 -5.174519281695162135e+03
4.789395247396618593e+00 2.407436627540473495e+00 1.407653723636758286e+03
2.748443759391786586e-03 -8.934158282984336905e-04 1.000000000000000000e+00
DSC_8345.JPG_max_x: 1329.04
DSC_8345.JPG_min_x: 979.949
DSC_8345.JPG_max_y: 311.731
DSC_8345.JPG_min_y: 41.1692
DSC_8360.JPG_max_x: 557.917
DSC_8360.JPG_min_x: 143.31
DSC_8360.JPG_max_y: 1974.31
DSC_8360.JPG_min_y: 1703.79
