-1.172489440783797221e+01 -2.928304281534464870e+00 7.589114098427916360e+03
-5.877327707529667045e-02 -1.366198878166842157e+01 1.690847138093015747e+04
-6.916786116486980025e-06 -4.012049679340287320e-03 1.000000000000000000e+00
DSC_8378.JPG_max_x: 815.035
DSC_8378.JPG_min_x: 320.887
DSC_8378.JPG_max_y: 1649.31
DSC_8378.JPG_min_y: 1249.66
DSC_8449.JPG_max_x: 1246.85
DSC_8449.JPG_min_x: 26.2546
DSC_8449.JPG_max_y: 1001.21
DSC_8449.JPG_min_y: 50.4836
