6.004851291841204475e-01 -5.040227259985961134e-02 7.061326198124884286e+02
-1.261472628856072919e-01 7.813606605712480890e-01 2.555512264680269539e+02
-1.402078086850000081e-04 -9.526958902872564855e-06 1.000000000000000000e+00
DSC_8312.JPG_max_x: 843.1
DSC_8312.JPG_min_x: 57.9234
DSC_8312.JPG_max_y: 1725.88
DSC_8312.JPG_min_y: 485.014
DSC_8456.JPG_max_x: 1328.0
DSC_8456.JPG_min_x: 591.935
DSC_8456.JPG_max_y: 1678.65
DSC_8456.JPG_min_y: 602.519
