-2.672169514128319157e-01 -8.665307786515145938e-02 9.285210099344075161e+02
-5.370614049003351598e-01 5.828791828160955202e-01 1.005793988075094944e+03
-5.373125341113191593e-04 3.031166614368919956e-04 1.000000000000000000e+00
DSC_8273.JPG_max_x: 1167.13
DSC_8273.JPG_min_x: 200.371
DSC_8273.JPG_max_y: 1658.82
DSC_8273.JPG_min_y: 108.481
DSC_8336.JPG_max_x: 1297.11
DSC_8336.JPG_min_x: 515.421
DSC_8336.JPG_max_y: 1434.7
DSC_8336.JPG_min_y: 1023.18
