-1.635736549867117598e-02 -1.961854554702136544e-01 3.284524930722488989e+02
-1.396691287472015541e-01 1.805639558245466375e-02 2.075611530935800317e+02
-2.712213495292350746e-04 -4.256335313445836974e-04 1.000000000000000000e+00
DSC_8200.JPG_max_x: 1293.01
DSC_8200.JPG_min_x: 105.162
DSC_8200.JPG_max_y: 1424.92
DSC_8200.JPG_min_y: 887.616
DSC_8415.JPG_max_x: 538.75
DSC_8415.JPG_min_x: 152.782
DSC_8415.JPG_max_y: 685.885
DSC_8415.JPG_min_y: 305.129
