3.149580783352324609e+00 6.652474708435112127e-01 -1.923559091400182979e+03
7.700895662939419295e-02 3.434695802148243438e+00 -3.343702241571410923e+03
4.960656237569727916e-04 9.258812284036406536e-04 1.000000000000000000e+00
DSC_8334.JPG_max_x: 1260.09
DSC_8334.JPG_min_x: 416.88
DSC_8334.JPG_max_y: 1778.67
DSC_8334.JPG_min_y: 991.786
DSC_8433.JPG_max_x: 1001.81
DSC_8433.JPG_min_x: 58.9284
DSC_8433.JPG_max_y: 914.509
DSC_8433.JPG_min_y: 56.2157
