4.222249140666881395e+00 9.935965733116552956e-02 -2.762225119236015871e+03
1.355141027958509214e+00 2.653775783336888683e+00 -1.459756182767173641e+03
1.698568986640199572e-03 7.392772345774783625e-05 9.999999999999998890e-01
DSC_8266.JPG_max_x: 1305.41
DSC_8266.JPG_min_x: 697.649
DSC_8266.JPG_max_y: 1946.16
DSC_8266.JPG_min_y: 749.729
DSC_8318.JPG_max_x: 866.276
DSC_8318.JPG_min_x: 121.096
DSC_8318.JPG_max_y: 1753.35
DSC_8318.JPG_min_y: 658.762
