6.540776770384592043e-01 -5.443531857935193091e-02 7.980847103835599228e+02
-3.340992530299228824e-01 1.185352803041384462e+00 7.874974474994364471e+01
-3.782180906582917356e-04 1.644227888523151543e-04 1.000000000000000000e+00
DSC_8308.JPG_max_x: 749.296
DSC_8308.JPG_min_x: 4.779
DSC_8308.JPG_max_y: 1646.52
DSC_8308.JPG_min_y: 1169.03
DSC_8444.JPG_max_x: 1319.3
DSC_8444.JPG_min_x: 604.896
DSC_8444.JPG_max_y: 1640.1
DSC_8444.JPG_min_y: 1271.48
