1.435317319394347368e+00 5.127811562749085006e-01 -1.402369892181630576e+03
-2.430580139580842680e-01 2.934653327936540101e+00 -3.410959089807557234e+02
-1.975066828692242362e-04 1.320804257429524821e-03 1.000000000000000000e+00
DSC_8222.JPG_max_x: 1307.24
DSC_8222.JPG_min_x: 468.353
DSC_8222.JPG_max_y: 1592.96
DSC_8222.JPG_min_y: 778.139
DSC_8428.JPG_max_x: 464.173
DSC_8428.JPG_min_x: 10.9735
DSC_8428.JPG_max_y: 1444.98
DSC_8428.JPG_min_y: 942.272
