9.491318315502605074e+00 2.996118852323642390e+00 -4.303993634273518182e+03
1.997640034495878070e-01 1.160375227855321079e+01 -1.298946992951033826e+04
9.409772548767761109e-04 3.930490619319769972e-03 1.000000000000000000e+00
DSC_8348.JPG_max_x: 932.007
DSC_8348.JPG_min_x: 14.7259
DSC_8348.JPG_max_y: 1889.07
DSC_8348.JPG_min_y: 1192.72
DSC_8419.JPG_max_x: 1207.01
DSC_8419.JPG_min_x: 54.2879
DSC_8419.JPG_max_y: 1051.72
DSC_8419.JPG_min_y: 154.304
