2.552791616035216204e+00 -2.186522561384685037e+00 1.198370584624180992e+03
6.202393234486246465e-01 -2.426093617334191155e+00 2.182915083818078983e+03
2.796517715259760374e-03 -1.937788963476189206e-03 1.000000000000000000e+00
DSC_8314.JPG_max_x: 494.056
DSC_8314.JPG_min_x: 31.6257
DSC_8314.JPG_max_y: 1782.59
DSC_8314.JPG_min_y: 958.841
DSC_8405.JPG_max_x: 1267.95
DSC_8405.JPG_min_x: 661.536
DSC_8405.JPG_max_y: 1357.05
DSC_8405.JPG_min_y: 126.364
