6.527060509275813827e-01 1.203416687686613556e-01 -9.283896907789775241e+02
-4.423731062377904144e-01 7.263501702085528589e-01 -1.744616822420862832e+02
-3.642655539839347446e-04 1.460340620406750788e-04 1.000000000000000000e+00
DSC_8258.JPG_max_x: 1320.53
DSC_8258.JPG_min_x: 1206.65
DSC_8258.JPG_max_y: 1899.11
DSC_8258.JPG_min_y: 1285.71
DSC_8261.JPG_max_x: 182.099
DSC_8261.JPG_min_x: 36.8452
DSC_8261.JPG_max_y: 776.419
DSC_8261.JPG_min_y: 263.497
