2.993159975883751267e-01 8.270525348029118817e-02 1.011471653647160792e+03
-2.650226728739931148e-01 6.497420213629286900e-01 5.972067582411569902e+02
-2.409744319786784144e-04 7.080911562942120499e-05 9.999999999999998890e-01
DSC_8224.JPG_max_x: 536.778
DSC_8224.JPG_min_x: 27.2514
DSC_8224.JPG_max_y: 1799.44
DSC_8224.JPG_min_y: 726.491
DSC_8414.JPG_max_x: 1327.8
DSC_8414.JPG_min_x: 1032.24
DSC_8414.JPG_max_y: 1623.96
DSC_8414.JPG_min_y: 1014.67
