4.066226326148769665e-01 -9.181530319048726574e-02 1.063935300746950361e+03
-3.860422659366928855e-01 7.970537660513109524e-01 4.987233987909763755e+02
-3.783899846158835889e-04 7.834418435233627746e-06 1.000000000000000000e+00
DSC_8294.JPG_max_x: 419.531
DSC_8294.JPG_min_x: 10.2972
DSC_8294.JPG_max_y: 1339.69
DSC_8294.JPG_min_y: 663.182
DSC_8472.JPG_max_x: 1325.6
DSC_8472.JPG_min_x: 993.865
DSC_8472.JPG_max_y: 1636.27
DSC_8472.JPG_min_y: 1025.89
