6.571072502193563425e-01 5.451522019177471590e-01 -7.152580776603654158e+02
-2.651274017046849063e-01 3.320505148861876421e-01 5.411368454947980808e+02
8.147208943011735940e-05 -2.814346682589830917e-04 1.000000000000000000e+00
DSC_8209.JPG_max_x: 1284.56
DSC_8209.JPG_min_x: 257.747
DSC_8209.JPG_max_y: 1017.71
DSC_8209.JPG_min_y: 505.838
DSC_8227.JPG_max_x: 756.27
DSC_8227.JPG_min_x: 24.4039
DSC_8227.JPG_max_y: 1106.97
DSC_8227.JPG_min_y: 393.985
