-8.209700545590519205e-01 8.860804869929593541e-02 8.422079353965003747e+02
-4.608799032667685869e-01 -2.000798577701724534e-01 7.260200873671175259e+02
-1.345719277251935814e-03 4.413721468927927854e-04 1.000000000000000000e+00
DSC_8198.JPG_max_x: 1313.24
DSC_8198.JPG_min_x: 923.505
DSC_8198.JPG_max_y: 1196.92
DSC_8198.JPG_min_y: 914.289
DSC_8335.JPG_max_x: 523.442
DSC_8335.JPG_min_x: 263.515
DSC_8335.JPG_max_y: 491.596
DSC_8335.JPG_min_y: 9.05744
