1.275051832276414165e+00 -1.377034200112844109e-01 -2.473343904417742749e+02
1.258191063583566083e-01 1.077573227534031064e+00 -1.785896740940234508e+02
1.112784758270775017e-04 -1.140152735750595909e-04 1.000000000000000000e+00
DSC_8308.JPG_max_x: 1295.81
DSC_8308.JPG_min_x: 359.492
DSC_8308.JPG_max_y: 1584.67
DSC_8308.JPG_min_y: 528.233
DSC_8324.JPG_max_x: 1232.77
DSC_8324.JPG_min_x: 15.067
DSC_8324.JPG_max_y: 1735.99
DSC_8324.JPG_min_y: 472.246
