2.817031638983383268e-01 -5.563325260435500463e-02 4.846795448059353930e+02
-6.273977072024343460e-02 3.613380129274873509e-01 2.626238001648064255e+02
-2.094477918554741788e-04 2.346989135770308335e-05 1.000000000000000000e+00
DSC_8271.JPG_max_x: 1320.37
DSC_8271.JPG_min_x: 108.708
DSC_8271.JPG_max_y: 1020.59
DSC_8271.JPG_min_y: 39.6209
DSC_8337.JPG_max_x: 1120.7
DSC_8337.JPG_min_x: 451.874
DSC_8337.JPG_max_y: 602.637
DSC_8337.JPG_min_y: 261.51
