2.425371157653166410e-01 2.986463191061402012e-01 -1.270293458871444443e+02
-3.819851891327071258e-01 1.131235947731768610e+00 -8.507847253563120375e+02
-6.861059206923844243e-04 1.343551852585762039e-04 1.000000000000000000e+00
DSC_8238.JPG_max_x: 1127.17
DSC_8238.JPG_min_x: 207.863
DSC_8238.JPG_max_y: 1585.98
DSC_8238.JPG_min_y: 1067.26
DSC_8257.JPG_max_x: 1258.48
DSC_8257.JPG_min_x: 279.184
DSC_8257.JPG_max_y: 958.921
DSC_8257.JPG_min_y: 78.5979
