9.183663011606447713e-01 3.499649656229472661e-02 2.230297838003940214e+01
-1.765072739538421087e-01 8.024657595736212068e-01 1.071050985606788117e+02
-1.326765930645821732e-04 -9.029773873658998660e-05 1.000000000000000000e+00
DSC_8396.JPG_max_x: 1029.18
DSC_8396.JPG_min_x: 5.17065
DSC_8396.JPG_max_y: 1741.59
DSC_8396.JPG_min_y: 1018.85
DSC_8414.JPG_max_x: 1323.96
DSC_8414.JPG_min_x: 80.7467
DSC_8414.JPG_max_y: 1870.83
DSC_8414.JPG_min_y: 975.832
