-2.713336813277487991e+00 -1.666864668966599572e+00 2.581689386863661184e+03
2.826495243482279526e-02 -3.211361929250835967e+00 4.285359948279052333e+03
-1.451030643258587906e-04 -2.674529176000106992e-03 1.000000000000000000e+00
DSC_8208.JPG_max_x: 1202.59
DSC_8208.JPG_min_x: 37.1715
DSC_8208.JPG_max_y: 1959.7
DSC_8208.JPG_min_y: 1523.45
DSC_8339.JPG_max_x: 953.748
DSC_8339.JPG_min_x: 137.227
DSC_8339.JPG_max_y: 443.569
DSC_8339.JPG_min_y: 186.308
