2.595477295639024851e-01 -2.220581900583607771e-01 7.561396442306643166e+02
-2.262301168998033171e-02 6.163642979734401672e-01 8.246850101828620438e+01
-3.247698400960414319e-04 5.779056382389343767e-05 1.000000000000000000e+00
DSC_8323.JPG_max_x: 802.208
DSC_8323.JPG_min_x: 160.5
DSC_8323.JPG_max_y: 1384.78
DSC_8323.JPG_min_y: 210.906
DSC_8397.JPG_max_x: 1063.83
DSC_8397.JPG_min_x: 778.803
DSC_8397.JPG_max_y: 1119.57
DSC_8397.JPG_min_y: 219.925
