4.416349887405013330e-01 3.193957401210181790e-02 9.131726913311903218e+02
-4.669853644443895391e-01 8.572602905573334375e-01 2.129329878316024178e+02
-3.831481167561231463e-04 -2.202383042107698436e-05 1.000000000000000000e+00
DSC_8366.JPG_max_x: 330.806
DSC_8366.JPG_min_x: 9.42276
DSC_8366.JPG_max_y: 1577.98
DSC_8366.JPG_min_y: 973.3
DSC_8378.JPG_max_x: 1305.63
DSC_8378.JPG_min_x: 979.386
DSC_8378.JPG_max_y: 1629.72
DSC_8378.JPG_min_y: 1068.33
