-5.013514614999236008e-01 -2.253138633701344817e-01 8.488193273853696610e+02
-3.916334342898762921e-01 -6.239900772022977105e-01 1.090384913600656773e+03
-6.558098463921689528e-04 -3.379365109096048769e-04 1.000000000000000000e+00
DSC_8262.JPG_max_x: 1303.49
DSC_8262.JPG_min_x: 806.645
DSC_8262.JPG_max_y: 1790.42
DSC_8262.JPG_min_y: 682.287
DSC_8331.JPG_max_x: 1221.67
DSC_8331.JPG_min_x: 37.0861
DSC_8331.JPG_max_y: 1620.66
DSC_8331.JPG_min_y: 377.51
