8.382709787281722447e-01 1.036896083738076291e+00 5.912042688371203667e+02
-6.566284572199310166e-02 2.368346137918748706e+00 1.458472814371359391e+03
4.638179363085523763e-06 8.753817215469534251e-04 1.000000000000000000e+00
DSC_8467.JPG_max_x: 897.956
DSC_8467.JPG_min_x: 551.386
DSC_8467.JPG_max_y: 627.457
DSC_8467.JPG_min_y: 72.8216
DSC_8470.JPG_max_x: 1327.01
DSC_8470.JPG_min_x: 493.623
DSC_8470.JPG_max_y: 1908.95
DSC_8470.JPG_min_y: 1078.02
