7.307403687586123686e-01 8.965628150359231108e-02 6.925110524233426759e+02
-1.219073058198736903e-01 9.223357200417533486e-01 1.604690866637231750e+01
-1.510374507386323423e-04 9.539821096631541830e-05 9.999999999999998890e-01
DSC_8238.JPG_max_x: 736.57
DSC_8238.JPG_min_x: 68.0038
DSC_8238.JPG_max_y: 1532.27
DSC_8238.JPG_min_y: 777.733
DSC_8336.JPG_max_x: 1329.33
DSC_8336.JPG_min_x: 785.139
DSC_8336.JPG_max_y: 1287.94
DSC_8336.JPG_min_y: 673.28
