-5.237218969386643330e-01 3.393137495969118334e+01 -1.055317720081691914e+04
-4.391713441117690131e+00 3.229554889346839275e+01 -1.373959425280014148e+04
-2.771800288984859958e-02 5.188487505011938478e-02 1.000000000000000000e+00
DSC_8257.JPG_max_x: 1182.3
DSC_8257.JPG_min_x: 18.5744
DSC_8257.JPG_max_y: 987.886
DSC_8257.JPG_min_y: 271.937
DSC_8293.JPG_max_x: 694.454
DSC_8293.JPG_min_x: 218.949
DSC_8293.JPG_max_y: 663.901
DSC_8293.JPG_min_y: 100.309
