1.009573475128802356e+00 -5.323557098354701062e-02 6.865528900924188065e+02
-2.918627716897542398e-02 9.288672751822739659e-01 1.892505568979001680e+02
-1.900288377373609376e-05 -6.141961524656036587e-05 1.000000000000000000e+00
DSC_8224.JPG_max_x: 592.837
DSC_8224.JPG_min_x: 5.37774
DSC_8224.JPG_max_y: 1264.38
DSC_8224.JPG_min_y: 724.034
DSC_8240.JPG_max_x: 1329.36
DSC_8240.JPG_min_x: 683.414
DSC_8240.JPG_max_y: 1478.54
DSC_8240.JPG_min_y: 898.812
