4.644566350806826449e+00 1.884887420756619303e+00 3.055486709932795748e+03
3.786155802308068807e-01 9.309425861563136451e+00 -9.496065929662639974e+03
-2.056408360572268678e-03 3.190558869674938423e-03 1.000000000000000000e+00
DSC_8198.JPG_max_x: 272.717
DSC_8198.JPG_min_x: 6.55218
DSC_8198.JPG_max_y: 1714.99
DSC_8198.JPG_min_y: 1093.26
DSC_8347.JPG_max_x: 1323.62
DSC_8347.JPG_min_x: 1026.4
DSC_8347.JPG_max_y: 1059.1
DSC_8347.JPG_min_y: 160.891
