2.084573992577942292e+00 1.061475264686428721e+00 -2.907174573427646010e+03
6.768011907341795030e+00 -2.450242959158442702e+00 -2.993388058585273484e+03
4.789371838105539562e-03 -4.614223996642971039e-03 1.000000000000000000e+00
DSC_8432.JPG_max_x: 1295.3
DSC_8432.JPG_min_x: 380.731
DSC_8432.JPG_max_y: 981.766
DSC_8432.JPG_min_y: 836.232
DSC_8466.JPG_max_x: 619.836
DSC_8466.JPG_min_x: 11.9921
DSC_8466.JPG_max_y: 1788.48
DSC_8466.JPG_min_y: 973.342
