-5.906130056940629425e-01 -1.322463661092415366e-01 8.197846084849285262e+02
-6.138015767739485318e-01 -6.069114410973850404e-01 1.317271949430909217e+03
-8.406575589291656169e-04 -2.228307093899511385e-04 1.000000000000000000e+00
DSC_8198.JPG_max_x: 1310.97
DSC_8198.JPG_min_x: 89.1734
DSC_8198.JPG_max_y: 1482.26
DSC_8198.JPG_min_y: 983.499
DSC_8433.JPG_max_x: 1000.92
DSC_8433.JPG_min_x: 59.6534
DSC_8433.JPG_max_y: 857.129
DSC_8433.JPG_min_y: 144.317
