4.561281179743884584e-01 -3.219452993092742493e-02 3.912665068677173963e+02
-1.467909168254967478e-01 1.939798436116234592e-01 5.794647499471402625e+02
-1.153574358473685724e-04 -3.479420688235092935e-04 1.000000000000000000e+00
DSC_8219.JPG_max_x: 520.878
DSC_8219.JPG_min_x: 22.5243
DSC_8219.JPG_max_y: 1069.05
DSC_8219.JPG_min_y: 710.753
DSC_8363.JPG_max_x: 949.25
DSC_8363.JPG_min_x: 571.065
DSC_8363.JPG_max_y: 1249.21
DSC_8363.JPG_min_y: 921.017
