2.107518642647649543e+00 1.489865877738614508e-01 -2.329356242328570261e+03
7.407559453923461268e-01 2.000828594890180945e+00 -8.259962677663992281e+02
8.363751593642578886e-04 1.127090256520578479e-05 1.000000000000000000e+00
DSC_8330.JPG_max_x: 1284.11
DSC_8330.JPG_min_x: 1026.89
DSC_8330.JPG_max_y: 1948.73
DSC_8330.JPG_min_y: 646.676
DSC_8332.JPG_max_x: 247.575
DSC_8332.JPG_min_x: 9.18484
DSC_8332.JPG_max_y: 1993.76
DSC_8332.JPG_min_y: 671.271
