6.617855919857426272e+00 -2.187533894453415062e+00 1.294453443519741768e+03
5.526244603770578578e+00 -1.844290093579003864e+00 1.104889077706910939e+03
5.025928398645099389e-03 -1.673749961529378237e-03 1.000000000000000000e+00
DSC_8258.JPG_max_x: 423.105
DSC_8258.JPG_min_x: 17.0376
DSC_8258.JPG_max_y: 1876.03
DSC_8258.JPG_min_y: 676.163
DSC_8430.JPG_max_x: 1322.95
DSC_8430.JPG_min_x: 559.722
DSC_8430.JPG_max_y: 1357.78
DSC_8430.JPG_min_y: 938.55
