-6.332862972521703382e-01 -4.868926596943050633e-01 8.844039540138727489e+02
-1.092392368615193454e-01 -5.219686491038736387e-01 6.332624315509632424e+02
-5.119738942734239611e-04 -6.818281917244957543e-04 1.000000000000000000e+00
DSC_8290.JPG_max_x: 1310.71
DSC_8290.JPG_min_x: 616.47
DSC_8290.JPG_max_y: 1518.64
DSC_8290.JPG_min_y: 706.283
DSC_8471.JPG_max_x: 1161.68
DSC_8471.JPG_min_x: 358.892
DSC_8471.JPG_max_y: 1437.41
DSC_8471.JPG_min_y: 74.3332
