6.100203432807053794e+00 2.248350556218557728e+00 -6.805620673491256639e+03
-2.174066058845509075e-01 5.707946555776436171e+00 -3.152814865265601725e+02
8.581803407997752814e-04 1.617756806410134123e-03 1.000000000000000000e+00
DSC_8345.JPG_max_x: 1327.24
DSC_8345.JPG_min_x: 1027.25
DSC_8345.JPG_max_y: 400.643
DSC_8345.JPG_min_y: 102.242
DSC_8387.JPG_max_x: 783.319
DSC_8387.JPG_min_x: 37.4138
DSC_8387.JPG_max_y: 624.607
DSC_8387.JPG_min_y: 12.9243
