-7.224412627495451211e-01 -1.775827482561803672e-01 1.042568121123291803e+03
-1.404683961347729548e+00 -2.259909386190271097e-01 1.681019678044214061e+03
-9.847327907014753138e-04 -6.016592795798586068e-05 1.000000000000000000e+00
DSC_8292.JPG_max_x: 1313.11
DSC_8292.JPG_min_x: 78.4557
DSC_8292.JPG_max_y: 1582.25
DSC_8292.JPG_min_y: 760.965
DSC_8338.JPG_max_x: 1048.09
DSC_8338.JPG_min_x: 18.8985
DSC_8338.JPG_max_y: 1610.03
DSC_8338.JPG_min_y: 858.248
