-1.491285569276610934e+00 -2.845996450275321554e-01 3.489340007275388871e+02
-3.882820097122898773e+00 -3.348803311833227880e+00 1.687034830945896601e+03
-2.805563360997705754e-03 -1.990829023823760622e-03 1.000000000000000000e+00
DSC_8287.JPG_max_x: 870.754
DSC_8287.JPG_min_x: 331.066
DSC_8287.JPG_max_y: 989.252
DSC_8287.JPG_min_y: 110.137
DSC_8430.JPG_max_x: 1211.51
DSC_8430.JPG_min_x: 250.223
DSC_8430.JPG_max_y: 1543.29
DSC_8430.JPG_min_y: 944.425
