-3.610857906049024790e-01 -1.403982914748046762e-01 4.628928112259555974e+02
-4.886776803568157468e-01 -4.079201727043858527e-01 8.572672952743870383e+02
-8.377305043543088227e-04 -3.210268738555803708e-04 1.000000000000000000e+00
DSC_8278.JPG_max_x: 1007.31
DSC_8278.JPG_min_x: 696.076
DSC_8278.JPG_max_y: 1771.0
DSC_8278.JPG_min_y: 1007.98
DSC_8315.JPG_max_x: 1263.89
DSC_8315.JPG_min_x: 71.2821
DSC_8315.JPG_max_y: 1310.08
DSC_8315.JPG_min_y: 104.045
