1.458007564337498785e+00 5.388638245885729594e-01 3.504852808832251412e+03
1.262975306755258487e-01 5.888644193443226094e+00 -6.976360575401409733e+03
-2.385620141349659162e-03 1.783709112122128281e-03 1.000000000000000000e+00
DSC_8252.JPG_max_x: 240.258
DSC_8252.JPG_min_x: 6.69969
DSC_8252.JPG_max_y: 1958.46
DSC_8252.JPG_min_y: 1396.34
DSC_8267.JPG_max_x: 1319.28
DSC_8267.JPG_min_x: 1077.98
DSC_8267.JPG_max_y: 1162.09
DSC_8267.JPG_min_y: 358.724
