-1.575513071738309012e+00 -4.982272084799179573e-02 1.225264927448281469e+03
-1.751416553003215526e+00 3.418193197050025667e-01 7.231230532841079821e+02
-1.548584492372755833e-03 -1.564577856683652693e-05 1.000000000000000000e+00
DSC_8318.JPG_max_x: 750.723
DSC_8318.JPG_min_x: 134.296
DSC_8318.JPG_max_y: 1344.18
DSC_8318.JPG_min_y: 662.43
DSC_8348.JPG_max_x: 1328.72
DSC_8348.JPG_min_x: 121.064
DSC_8348.JPG_max_y: 1255.98
DSC_8348.JPG_min_y: 815.144
