-6.254242081146456300e+00 -2.049594662533588796e+00 4.792392269475176363e+03
-9.613516348610243178e-02 -7.190961582826391307e+00 8.367852599540872689e+03
-1.180514855677513349e-03 -2.555528135664408580e-03 9.999999999999998890e-01
DSC_8196.JPG_max_x: 1168.38
DSC_8196.JPG_min_x: 279.614
DSC_8196.JPG_max_y: 1940.76
DSC_8196.JPG_min_y: 1162.44
DSC_8361.JPG_max_x: 1307.94
DSC_8361.JPG_min_x: 88.2758
DSC_8361.JPG_max_y: 1129.0
DSC_8361.JPG_min_y: 50.6094
