6.655585905577320327e-01 1.061816961637082751e-01 1.886617833053733193e+02
3.189150283439187022e-02 6.658299843428351350e-01 1.649850300463450026e+02
-1.624946248647843141e-06 1.199445928342849743e-04 1.000000000000000000e+00
DSC_8325.JPG_max_x: 1321.86
DSC_8325.JPG_min_x: 15.0606
DSC_8325.JPG_max_y: 994.67
DSC_8325.JPG_min_y: 24.7221
DSC_8475.JPG_max_x: 1054.77
DSC_8475.JPG_min_x: 236.976
DSC_8475.JPG_max_y: 777.074
DSC_8475.JPG_min_y: 197.817
