1.397356150504684091e+00 5.622925976295799488e-01 -2.455040765571616816e+02
7.910377076900453053e-02 1.356051743222864925e+00 -1.231354138214554581e+02
3.152397655747198111e-04 1.154395712091716006e-04 9.999999999999998890e-01
DSC_8321.JPG_max_x: 1277.75
DSC_8321.JPG_min_x: 33.5338
DSC_8321.JPG_max_y: 1096.74
DSC_8321.JPG_min_y: 46.0464
DSC_8467.JPG_max_x: 1213.16
DSC_8467.JPG_min_x: 184.436
DSC_8467.JPG_max_y: 1201.55
DSC_8467.JPG_min_y: 6.04862
