6.332618599786317137e-01 -8.308307034536678570e-02 6.128140025211013153e+02
1.878264988126008075e-02 8.818279268925593994e-01 -4.977366353457956052e+02
-1.747897681486436339e-04 4.076937045330256436e-05 1.000000000000000000e+00
DSC_8306.JPG_max_x: 853.936
DSC_8306.JPG_min_x: 31.0451
DSC_8306.JPG_max_y: 1289.0
DSC_8306.JPG_min_y: 824.895
DSC_8431.JPG_max_x: 1209.42
DSC_8431.JPG_min_x: 516.369
DSC_8431.JPG_max_y: 635.627
DSC_8431.JPG_min_y: 239.777
