-1.066123490106944072e+00 -5.183813078394444718e-01 6.750392635915256960e+02
-1.857819466398256347e+00 -1.229187504776085182e+00 1.545202552721257462e+03
-1.107654429944406700e-03 -9.784879413864558742e-04 1.000000000000000000e+00
DSC_8377.JPG_max_x: 1069.95
DSC_8377.JPG_min_x: 386.784
DSC_8377.JPG_max_y: 1080.26
DSC_8377.JPG_min_y: 39.8129
DSC_8418.JPG_max_x: 1260.35
DSC_8418.JPG_min_x: 197.615
DSC_8418.JPG_max_y: 1871.72
DSC_8418.JPG_min_y: 804.996
