-1.803986984389467640e-01 -8.142540209688111652e-01 7.953169333189587178e+02
-1.906727208095470028e-01 -1.178454656463577610e+00 1.128763497895050932e+03
-2.114822210508517824e-04 -1.014065768841340611e-03 1.000000000000000000e+00
DSC_8290.JPG_max_x: 867.803
DSC_8290.JPG_min_x: 36.7285
DSC_8290.JPG_max_y: 1054.38
DSC_8290.JPG_min_y: 338.957
DSC_8364.JPG_max_x: 989.344
DSC_8364.JPG_min_x: 524.819
DSC_8364.JPG_max_y: 1600.57
DSC_8364.JPG_min_y: 1078.64
