3.965404373517333325e-01 -2.217509468363322300e-01 1.268734258462078060e+03
-1.347952210369054993e-01 1.082488063381023435e+00 -7.654594548872981363e+01
-4.883992379034174901e-04 1.092818388830258828e-04 9.999999999999998890e-01
DSC_8441.JPG_max_x: 264.404
DSC_8441.JPG_min_x: 4.84426
DSC_8441.JPG_max_y: 944.962
DSC_8441.JPG_min_y: 597.157
DSC_8443.JPG_max_x: 1318.26
DSC_8443.JPG_min_x: 963.644
DSC_8443.JPG_max_y: 881.893
DSC_8443.JPG_min_y: 554.225
