1.231687551177293782e+00 3.366151526856543674e-02 -2.870480142647876960e+02
1.509637213622078014e-03 1.217556784785643220e+00 6.705314925490512223e+01
-1.109437277260526851e-05 1.490094984965607849e-05 1.000000000000000000e+00
DSC_8311.JPG_max_x: 1277.52
DSC_8311.JPG_min_x: 232.201
DSC_8311.JPG_max_y: 877.995
DSC_8311.JPG_min_y: 16.4826
DSC_8327.JPG_max_x: 1306.09
DSC_8327.JPG_min_x: 22.3177
DSC_8327.JPG_max_y: 1100.05
DSC_8327.JPG_min_y: 87.6604
