9.856943369559008516e+00 -6.702631023242711095e-01 -3.942362806459007516e+03
1.028802203686131511e+00 5.916615231659245744e+00 -9.672490860892765340e+03
2.053691591031866527e-03 1.559572578673251633e-03 1.000000000000000000e+00
DSC_8360.JPG_max_x: 1225.59
DSC_8360.JPG_min_x: 664.971
DSC_8360.JPG_max_y: 1916.18
DSC_8360.JPG_min_y: 1664.52
DSC_8403.JPG_max_x: 1138.3
DSC_8403.JPG_min_x: 252.121
DSC_8403.JPG_max_y: 448.552
DSC_8403.JPG_min_y: 194.364
