1.212939151739117705e+01 4.058137284762382002e+00 -8.033094285034892891e+03
8.123202700927477649e-01 1.355388859124773759e+01 -1.741127196152090983e+04
1.034954634202487440e-03 5.469242430692564973e-03 1.000000000000000000e+00
DSC_8272.JPG_max_x: 1152.49
DSC_8272.JPG_min_x: 303.078
DSC_8272.JPG_max_y: 1976.76
DSC_8272.JPG_min_y: 1289.09
DSC_8273.JPG_max_x: 1115.11
DSC_8273.JPG_min_x: 200.371
DSC_8273.JPG_max_y: 782.039
DSC_8273.JPG_min_y: 62.4053
