4.709353409499118515e-01 -6.502437818437281081e-01 5.998805373908479623e+02
2.158144205859090919e-02 -6.934681849855121039e-01 1.193744372784967936e+03
8.457812286756663463e-06 -7.746941218365286383e-04 1.000000000000000000e+00
DSC_8355.JPG_max_x: 989.638
DSC_8355.JPG_min_x: 14.6822
DSC_8355.JPG_max_y: 769.819
DSC_8355.JPG_min_y: 398.371
DSC_8412.JPG_max_x: 1187.88
DSC_8412.JPG_min_x: 60.4817
DSC_8412.JPG_max_y: 1616.65
DSC_8412.JPG_min_y: 1307.98
