9.523583691507978566e-01 3.403814171653380960e-01 4.359742572970795891e+02
6.681613787480903711e-03 9.824434689207958149e-01 -8.912071281257717601e+02
2.049644901520967242e-04 4.449370785679519075e-04 1.000000000000000000e+00
DSC_8252.JPG_max_x: 697.982
DSC_8252.JPG_min_x: 32.2565
DSC_8252.JPG_max_y: 1957.35
DSC_8252.JPG_min_y: 967.446
DSC_8365.JPG_max_x: 905.063
DSC_8365.JPG_min_x: 566.898
DSC_8365.JPG_max_y: 546.062
DSC_8365.JPG_min_y: 42.6647
