5.707182724057369150e-01 -7.647081398338684277e-02 -9.404684610675253964e+01
-6.206210215638099242e-02 6.021181986042988266e-01 1.281856759501731631e+03
-5.823465148354028362e-05 8.088372705894471108e-05 1.000000000000000000e+00
DSC_8211.JPG_max_x: 1276.89
DSC_8211.JPG_min_x: 273.724
DSC_8211.JPG_max_y: 1376.26
DSC_8211.JPG_min_y: 382.443
DSC_8426.JPG_max_x: 587.452
DSC_8426.JPG_min_x: 7.03583
DSC_8426.JPG_max_y: 1976.09
DSC_8426.JPG_min_y: 1475.82
