9.384921646498665115e-01 -1.284574544721318878e-01 -1.235874000670400790e+02
4.693090045118749470e-02 8.237263513824738537e-01 1.683609525412724111e+02
2.900316407494133006e-05 -9.115458410870625611e-05 1.000000000000000000e+00
DSC_8368.JPG_max_x: 1214.23
DSC_8368.JPG_min_x: 480.994
DSC_8368.JPG_max_y: 1809.85
DSC_8368.JPG_min_y: 670.079
DSC_8382.JPG_max_x: 930.78
DSC_8382.JPG_min_x: 116.02
DSC_8382.JPG_max_y: 1979.82
DSC_8382.JPG_min_y: 789.948
