3.105264050396847608e+00 3.299494138660215986e-02 2.097051903677340761e+02
7.311719577194341069e-01 2.857432421008414103e+00 -1.106375071880999940e+03
9.419006162306019919e-04 4.464558703156876348e-04 1.000000000000000000e+00
DSC_8298.JPG_max_x: 738.63
DSC_8298.JPG_min_x: 24.7332
DSC_8298.JPG_max_y: 1192.34
DSC_8298.JPG_min_y: 508.179
DSC_8328.JPG_max_x: 971.245
DSC_8328.JPG_min_x: 208.242
DSC_8328.JPG_max_y: 1461.75
DSC_8328.JPG_min_y: 394.533
