3.056080163306243325e+00 -6.627307524908637726e-01 8.767344705445201214e+01
2.213215520960764238e+00 1.376366537555285152e+00 -1.042376290276313512e+03
1.558674644663485915e-03 -4.512804724865465537e-04 1.000000000000000000e+00
DSC_8344.JPG_max_x: 1305.72
DSC_8344.JPG_min_x: 791.297
DSC_8344.JPG_max_y: 1524.82
DSC_8344.JPG_min_y: 601.337
DSC_8424.JPG_max_x: 1307.63
DSC_8424.JPG_min_x: 1022.87
DSC_8424.JPG_max_y: 1689.99
DSC_8424.JPG_min_y: 901.059
