-2.053333317780964506e+00 -9.840143903901545919e-01 2.970367020937424513e+03
-3.109867871573167353e+00 -2.744738412701052677e-01 2.435183531761852919e+03
-2.561431739935243583e-03 7.892112071645094543e-04 1.000000000000000000e+00
DSC_8205.JPG_max_x: 1273.63
DSC_8205.JPG_min_x: 507.772
DSC_8205.JPG_max_y: 1581.8
DSC_8205.JPG_min_y: 378.543
DSC_8207.JPG_max_x: 1308.8
DSC_8207.JPG_min_x: 10.9376
DSC_8207.JPG_max_y: 1942.14
DSC_8207.JPG_min_y: 647.465
