1.636068878157203921e+00 1.471557985426662774e-01 -8.607412088462795055e+02
8.280926575875310197e-03 2.219635034054494138e+00 -1.814868508016931401e+03
-3.088430435661421733e-04 3.778372533796546138e-04 1.000000000000000000e+00
DSC_8296.JPG_max_x: 1303.51
DSC_8296.JPG_min_x: 754.742
DSC_8296.JPG_max_y: 1796.1
DSC_8296.JPG_min_y: 848.677
DSC_8425.JPG_max_x: 1314.09
DSC_8425.JPG_min_x: 455.156
DSC_8425.JPG_max_y: 1726.62
DSC_8425.JPG_min_y: 19.2135
