4.994987688365460921e-01 -2.537010579335380323e-01 3.930234990965601014e+02
3.263534799599983327e-02 5.044079660826750189e-02 1.071626415731246880e+03
1.186793138326329716e-06 -3.209214229750552080e-04 1.000000000000000000e+00
DSC_8229.JPG_max_x: 837.154
DSC_8229.JPG_min_x: 152.165
DSC_8229.JPG_max_y: 910.435
DSC_8229.JPG_min_y: 231.894
DSC_8260.JPG_max_x: 816.804
DSC_8260.JPG_min_x: 434.176
DSC_8260.JPG_max_y: 1618.98
DSC_8260.JPG_min_y: 1174.86
