1.586131071857306551e+01 2.234928896709979185e+00 -1.697393118546964979e+04
9.424368941932536714e+00 1.463984119623115276e+01 -1.147870963946545271e+04
9.571301124168362165e-03 3.217788879358580273e-04 9.999999999999998890e-01
DSC_8254.JPG_max_x: 1328.35
DSC_8254.JPG_min_x: 924.596
DSC_8254.JPG_max_y: 1618.52
DSC_8254.JPG_min_y: 567.93
DSC_8256.JPG_max_x: 467.738
DSC_8256.JPG_min_x: 43.0051
DSC_8256.JPG_max_y: 1982.18
DSC_8256.JPG_min_y: 656.966
