-5.085821166794664006e-01 -9.066451168623987922e-01 1.013132855042758820e+03
-8.552314650094876569e-01 -1.110070755363515849e+00 1.371239452753487740e+03
-6.066569521930014353e-04 -8.451599133352062426e-04 1.000000000000000000e+00
DSC_8323.JPG_max_x: 1269.5
DSC_8323.JPG_min_x: 290.806
DSC_8323.JPG_max_y: 719.92
DSC_8323.JPG_min_y: 19.5989
DSC_8472.JPG_max_x: 1289.76
DSC_8472.JPG_min_x: 75.9939
DSC_8472.JPG_max_y: 1599.18
DSC_8472.JPG_min_y: 1172.47
