-3.354545800862430704e-01 1.827058582381599003e-02 3.120786215717041614e+02
-4.456245937373470856e-01 -5.109816845977812605e-01 1.128783135950621272e+03
-7.777544613276358900e-04 -2.222730103806219444e-04 1.000000000000000000e+00
DSC_8398.JPG_max_x: 1326.5
DSC_8398.JPG_min_x: 707.93
DSC_8398.JPG_max_y: 1552.17
DSC_8398.JPG_min_y: 1140.25
DSC_8415.JPG_max_x: 410.67
DSC_8415.JPG_min_x: 17.078
DSC_8415.JPG_max_y: 1212.35
DSC_8415.JPG_min_y: 322.294
