-1.210961669699372800e+00 -9.589232459495170002e-02 9.566974802458212253e+02
-2.848385413844401803e+00 4.363022885628737441e-02 1.786949221622211780e+03
-1.880560241526049465e-03 3.865063228564985911e-04 1.000000000000000000e+00
DSC_8397.JPG_max_x: 1242.11
DSC_8397.JPG_min_x: 500.457
DSC_8397.JPG_max_y: 558.808
DSC_8397.JPG_min_y: 196.635
DSC_8428.JPG_max_x: 1119.17
DSC_8428.JPG_min_x: 96.5224
DSC_8428.JPG_max_y: 1633.79
DSC_8428.JPG_min_y: 1215.88
