-5.081307735591176211e-01 -2.602339195976303143e-01 8.711011283066832220e+02
-8.082128512919751762e-01 -6.685004087917066906e-01 1.647336999601352318e+03
-5.240388513382037089e-04 -3.851935381297509750e-04 1.000000000000000000e+00
DSC_8450.JPG_max_x: 1324.49
DSC_8450.JPG_min_x: 215.812
DSC_8450.JPG_max_y: 1342.39
DSC_8450.JPG_min_y: 1050.44
DSC_8468.JPG_max_x: 1081.78
DSC_8468.JPG_min_x: 635.604
DSC_8468.JPG_max_y: 1622.61
DSC_8468.JPG_min_y: 1174.09
