-1.346202685670567778e+00 -2.052008949931543591e-01 4.662192724768295875e+02
-1.900720135437187874e+00 -8.901175091028912245e-01 1.155234155338334858e+03
-1.984236826727578656e-03 -6.803921829680725916e-04 9.999999999999998890e-01
DSC_8288.JPG_max_x: 1126.29
DSC_8288.JPG_min_x: 73.3798
DSC_8288.JPG_max_y: 1898.72
DSC_8288.JPG_min_y: 355.217
DSC_8350.JPG_max_x: 1073.83
DSC_8350.JPG_min_x: 408.367
DSC_8350.JPG_max_y: 1206.0
DSC_8350.JPG_min_y: 793.477
