9.893483266469702553e-01 -1.375415096176426655e-01 2.134894604650991425e+02
-6.725193283355079821e-01 1.270549751137348471e+00 -3.968668568734762658e+01
-5.334218850661852319e-04 -1.974073987965911572e-04 1.000000000000000000e+00
DSC_8334.JPG_max_x: 586.679
DSC_8334.JPG_min_x: 384.282
DSC_8334.JPG_max_y: 1043.92
DSC_8334.JPG_min_y: 770.989
DSC_8462.JPG_max_x: 1292.46
DSC_8462.JPG_min_x: 761.511
DSC_8462.JPG_max_y: 1755.25
DSC_8462.JPG_min_y: 1051.99
