-9.087951918414698405e-01 1.771955662167383483e-01 7.136235458686913944e+02
3.460705600323999320e+00 -3.595225305147220940e+00 -1.204352260759035573e+02
1.516573397232411037e-03 -2.916749518808945188e-03 1.000000000000000000e+00
DSC_8216.JPG_max_x: 1312.58
DSC_8216.JPG_min_x: 789.202
DSC_8216.JPG_max_y: 1880.42
DSC_8216.JPG_min_y: 716.315
DSC_8349.JPG_max_x: 1300.67
DSC_8349.JPG_min_x: 4.18037
DSC_8349.JPG_max_y: 1327.6
DSC_8349.JPG_min_y: 232.368
