6.799848575493950831e-01 3.832390398045159435e-02 -7.205154061832164416e+02
-4.922372546846300392e-03 5.151951516516364293e-01 -2.456850721025233213e+02
2.663535159824553735e-04 -3.755313165901971121e-04 1.000000000000000000e+00
DSC_8308.JPG_max_x: 1326.7
DSC_8308.JPG_min_x: 1064.26
DSC_8308.JPG_max_y: 1705.55
DSC_8308.JPG_min_y: 530.485
DSC_8311.JPG_max_x: 308.436
DSC_8311.JPG_min_x: 36.6227
DSC_8311.JPG_max_y: 942.633
DSC_8311.JPG_min_y: 22.1335
