8.738401266533041278e-01 7.317739476262655196e-02 -3.790082222488325936e+00
2.034479359483347405e-01 4.964426225807268001e-01 -4.329717480902203874e+02
6.054250146348598774e-04 -4.327561983870635738e-04 9.999999999999998890e-01
DSC_8224.JPG_max_x: 1249.06
DSC_8224.JPG_min_x: 12.0383
DSC_8224.JPG_max_y: 1519.25
DSC_8224.JPG_min_y: 762.766
DSC_8445.JPG_max_x: 1173.59
DSC_8445.JPG_min_x: 235.075
DSC_8445.JPG_max_y: 675.392
DSC_8445.JPG_min_y: 20.5391
