1.238230843966890093e+00 -3.038919704930342469e+00 7.697527965640512093e+02
6.390204350977061187e-01 -2.083722529985283956e+00 5.696371881148978673e+02
9.806674347646751697e-04 -3.612239519573710173e-03 1.000000000000000000e+00
DSC_8205.JPG_max_x: 717.541
DSC_8205.JPG_min_x: 39.8536
DSC_8205.JPG_max_y: 665.511
DSC_8205.JPG_min_y: 201.269
DSC_8209.JPG_max_x: 1314.66
DSC_8209.JPG_min_x: 225.606
DSC_8209.JPG_max_y: 862.336
DSC_8209.JPG_min_y: 383.055
