-5.368141881801252735e-01 1.136447913413920263e+00 2.335084457051835045e+02
-2.424677377372380427e+00 3.284026312971538797e+00 7.351227430416196285e+02
-1.895350455660909685e-03 1.491398550542675583e-03 1.000000000000000000e+00
DSC_8325.JPG_max_x: 1298.19
DSC_8325.JPG_min_x: 47.1746
DSC_8325.JPG_max_y: 612.99
DSC_8325.JPG_min_y: 53.2403
DSC_8354.JPG_max_x: 1167.14
DSC_8354.JPG_min_x: 371.143
DSC_8354.JPG_max_y: 1653.01
DSC_8354.JPG_min_y: 1313.97
