-1.194016888657584374e+00 -4.222071235484518015e-01 1.192148633829549453e+03
-1.813986214754613968e+00 1.553161292605644561e-01 1.210245566974365147e+03
-1.226493601493412310e-03 -2.159907773142186313e-04 1.000000000000000000e+00
DSC_8233.JPG_max_x: 420.035
DSC_8233.JPG_min_x: 63.1694
DSC_8233.JPG_max_y: 1018.35
DSC_8233.JPG_min_y: 170.868
DSC_8262.JPG_max_x: 1298.01
DSC_8262.JPG_min_x: 763.747
DSC_8262.JPG_max_y: 1815.11
DSC_8262.JPG_min_y: 1015.0
