2.542721469246207011e+00 4.582662012763752957e-01 -1.077295886508406511e+03
-8.393134284754946717e-02 2.953893697910346283e+00 -2.321542769038741881e+03
-9.150187687776276037e-05 5.048175397967390610e-04 1.000000000000000000e+00
DSC_8296.JPG_max_x: 959.648
DSC_8296.JPG_min_x: 227.106
DSC_8296.JPG_max_y: 1478.48
DSC_8296.JPG_min_y: 923.604
DSC_8327.JPG_max_x: 1297.69
DSC_8327.JPG_min_x: 44.1133
DSC_8327.JPG_max_y: 1159.61
DSC_8327.JPG_min_y: 249.841
