-2.421104740323527960e+00 -2.745145706588194012e-01 2.038472807188768002e+03
-2.715063919777478407e+00 -3.291668909984381663e+00 3.480669460620454174e+03
-3.253212262688517757e-03 -9.455204225188082847e-04 1.000000000000000000e+00
DSC_8230.JPG_max_x: 1315.45
DSC_8230.JPG_min_x: 865.616
DSC_8230.JPG_max_y: 1282.86
DSC_8230.JPG_min_y: 574.147
DSC_8278.JPG_max_x: 339.159
DSC_8278.JPG_min_x: 121.06
DSC_8278.JPG_max_y: 977.409
DSC_8278.JPG_min_y: 511.974
