1.044097770996786068e+01 3.542298600949986831e+00 -6.172250895663066331e+03
8.729656106762001544e-01 1.027011387144734833e+01 -1.259341225430637860e+04
1.259979865928995873e-03 4.820662601918128051e-03 1.000000000000000000e+00
DSC_8410.JPG_max_x: 914.004
DSC_8410.JPG_min_x: 9.65206
DSC_8410.JPG_max_y: 1974.9
DSC_8410.JPG_min_y: 1459.76
DSC_8411.JPG_max_x: 933.252
DSC_8411.JPG_min_x: 32.8699
DSC_8411.JPG_max_y: 726.074
DSC_8411.JPG_min_y: 309.818
