2.396583098434494352e-01 -2.768048936447212172e-01 5.424753968675838678e+02
-1.168154848173640070e-01 -1.135884322020256632e-01 1.113915539830323269e+03
-1.224856693391555569e-04 -3.390473963962541810e-04 1.000000000000000000e+00
DSC_8305.JPG_max_x: 975.297
DSC_8305.JPG_min_x: 377.495
DSC_8305.JPG_max_y: 1235.59
DSC_8305.JPG_min_y: 238.536
DSC_8318.JPG_max_x: 898.271
DSC_8318.JPG_min_x: 626.194
DSC_8318.JPG_max_y: 1780.06
DSC_8318.JPG_min_y: 1206.42
