3.990506840601293348e+00 -6.778274054337724008e-02 -2.022653399879939798e+03
2.250975878890973281e+00 3.687857699589255578e+00 -2.673426691567413855e+03
2.220816112656912467e-03 -4.691166500238589299e-05 1.000000000000000000e+00
DSC_8194.JPG_max_x: 1322.81
DSC_8194.JPG_min_x: 910.015
DSC_8194.JPG_max_y: 1264.14
DSC_8194.JPG_min_y: 580.526
DSC_8328.JPG_max_x: 821.546
DSC_8328.JPG_min_x: 510.345
DSC_8328.JPG_max_y: 1300.16
DSC_8328.JPG_min_y: 600.099
