-2.939412553343939000e-02 -2.056263993549558577e-01 3.359804793501652398e+02
2.057284430052063851e+00 -2.033445796504144365e+00 4.466108044562838586e+02
1.396775955537007648e-03 -1.851028199000977594e-03 1.000000000000000000e+00
DSC_8216.JPG_max_x: 1314.95
DSC_8216.JPG_min_x: 1079.88
DSC_8216.JPG_max_y: 1880.42
DSC_8216.JPG_min_y: 921.748
DSC_8419.JPG_max_x: 276.189
DSC_8419.JPG_min_x: 3.98625
DSC_8419.JPG_max_y: 1384.66
DSC_8419.JPG_min_y: 387.943
