7.577726412783900578e-01 -5.043361417038857986e-02 1.379838835703706081e+02
-1.763499645530011359e-03 7.538625623489219052e-01 4.473714025443694595e+02
-2.235403969070614888e-05 -5.261974971030265891e-06 1.000000000000000000e+00
DSC_8292.JPG_max_x: 1313.11
DSC_8292.JPG_min_x: 152.025
DSC_8292.JPG_max_y: 1633.0
DSC_8292.JPG_min_y: 687.41
DSC_8472.JPG_max_x: 1123.96
DSC_8472.JPG_min_x: 196.255
DSC_8472.JPG_max_y: 1683.39
DSC_8472.JPG_min_y: 980.052
