4.674503400782614726e-01 -1.182148431334490851e-01 6.942391538723882149e+01
-1.055239902378637545e-01 4.204082953099659292e-01 1.346649166638869701e+03
-9.761487114268984906e-05 3.406408341556012867e-05 1.000000000000000000e+00
DSC_8207.JPG_max_x: 1246.9
DSC_8207.JPG_min_x: 254.341
DSC_8207.JPG_max_y: 1132.65
DSC_8207.JPG_min_y: 223.778
DSC_8410.JPG_max_x: 576.308
DSC_8410.JPG_min_x: 161.326
DSC_8410.JPG_max_y: 1825.79
DSC_8410.JPG_min_y: 1436.28
