4.429658314953024245e+01 2.160770162997462052e+00 -2.676895509658356787e+03
5.125521200974580438e+01 1.614776775768105566e+01 -9.385550684796935457e+03
2.754690630002407103e-02 7.041065330465613205e-03 1.000000000000000000e+00
DSC_8234.JPG_max_x: 542.955
DSC_8234.JPG_min_x: 43.3076
DSC_8234.JPG_max_y: 1333.52
DSC_8234.JPG_min_y: 584.681
DSC_8316.JPG_max_x: 982.075
DSC_8316.JPG_min_x: 118.298
DSC_8316.JPG_max_y: 1627.94
DSC_8316.JPG_min_y: 376.833
