-2.118608135151700012e+01 -4.964340255748473041e+00 1.371436243563530297e+04
7.949576973869997010e-02 -2.451679083974983442e+01 2.986577843943385960e+04
-1.389069565512388266e-04 -6.825229205617582354e-03 1.000000000000000000e+00
DSC_8364.JPG_max_x: 774.146
DSC_8364.JPG_min_x: 344.992
DSC_8364.JPG_max_y: 1706.07
DSC_8364.JPG_min_y: 1235.64
DSC_8449.JPG_max_x: 1084.55
DSC_8449.JPG_min_x: 38.849
DSC_8449.JPG_max_y: 1131.52
DSC_8449.JPG_min_y: 50.4836
