7.062675516247245433e-01 1.756039658706206874e-01 -8.052851437573884823e+02
3.269167783733058913e-02 1.302809048900314792e+00 2.028866490662909072e+01
5.008399904678188802e-05 4.409473576412595622e-04 1.000000000000000000e+00
DSC_8240.JPG_max_x: 1317.52
DSC_8240.JPG_min_x: 928.197
DSC_8240.JPG_max_y: 1766.92
DSC_8240.JPG_min_y: 940.234
DSC_8454.JPG_max_x: 223.172
DSC_8454.JPG_min_x: 41.4186
DSC_8454.JPG_max_y: 1314.09
DSC_8454.JPG_min_y: 882.227
