-1.557375572715664624e+00 7.660830021825171254e-01 8.482006019925296414e+02
-3.712125938983927398e+00 2.920193783505192986e+00 -8.566086049378882308e+02
-2.943337718747927791e-03 8.626033441369663005e-04 1.000000000000000000e+00
DSC_8310.JPG_max_x: 1038.97
DSC_8310.JPG_min_x: 8.05428
DSC_8310.JPG_max_y: 1670.23
DSC_8310.JPG_min_y: 888.671
DSC_8324.JPG_max_x: 1323.16
DSC_8324.JPG_min_x: 96.0441
DSC_8324.JPG_max_y: 1939.8
DSC_8324.JPG_min_y: 1285.63
