1.020815240009216751e+00 1.556709658978547850e-01 -5.841480944223275173e+02
2.571224191860110517e-02 1.142871535756478263e+00 -1.406296602346915279e+02
6.209353836165843301e-04 -1.377716564542060364e-04 1.000000000000000000e+00
DSC_8331.JPG_max_x: 1165.01
DSC_8331.JPG_min_x: 452.917
DSC_8331.JPG_max_y: 1207.51
DSC_8331.JPG_min_y: 178.871
DSC_8377.JPG_max_x: 471.564
DSC_8377.JPG_min_x: 42.8343
DSC_8377.JPG_max_y: 1115.82
DSC_8377.JPG_min_y: 53.2832
