6.761610017795600669e+00 -2.542119779504888322e-01 6.426266799475661173e+02
1.698896633998942463e+01 3.552645219173160118e+00 4.594622514237908035e+02
1.155857977329864845e-02 1.336156783179307883e-03 1.000000000000000000e+00
DSC_8199.JPG_max_x: 281.278
DSC_8199.JPG_min_x: 14.8343
DSC_8199.JPG_max_y: 812.248
DSC_8199.JPG_min_y: 417.115
DSC_8264.JPG_max_x: 472.267
DSC_8264.JPG_min_x: 293.41
DSC_8264.JPG_max_y: 1600.98
DSC_8264.JPG_min_y: 1293.4
