-7.894505407130669283e+00 -2.652863564929476059e+00 1.920432374473206892e+03
-5.882025994529629820e+00 -9.514404466436884533e+00 5.493890854423838391e+03
-4.909294711630617959e-03 -2.710706769204374034e-03 1.000000000000000000e+00
DSC_8318.JPG_max_x: 1159.22
DSC_8318.JPG_min_x: 133.849
DSC_8318.JPG_max_y: 1088.23
DSC_8318.JPG_min_y: 662.43
DSC_8468.JPG_max_x: 1153.12
DSC_8468.JPG_min_x: 635.719
DSC_8468.JPG_max_y: 1974.47
DSC_8468.JPG_min_y: 956.772
