1.664669068454587286e-01 -3.423689229070503992e-01 2.188758944163051865e+02
-3.840129525442502745e-01 -3.918396813653366451e-01 1.221799289200683916e+03
-2.931788405800503936e-04 -5.200156712285461348e-04 1.000000000000000000e+00
DSC_8337.JPG_max_x: 1288.66
DSC_8337.JPG_min_x: 266.463
DSC_8337.JPG_max_y: 736.005
DSC_8337.JPG_min_y: 204.968
DSC_8366.JPG_max_x: 696.337
DSC_8366.JPG_min_x: 21.6405
DSC_8366.JPG_max_y: 1562.9
DSC_8366.JPG_min_y: 1237.39
