5.323353344521228880e-01 -3.581147136518895158e-01 6.733841613558176959e+02
4.125197180983086048e-02 4.585842714356705985e-01 8.521864973625527000e+02
-1.353693059616830295e-04 -2.258912602176582759e-04 1.000000000000000000e+00
DSC_8263.JPG_max_x: 960.504
DSC_8263.JPG_min_x: 215.107
DSC_8263.JPG_max_y: 818.842
DSC_8263.JPG_min_y: 14.6879
DSC_8296.JPG_max_x: 1304.27
DSC_8296.JPG_min_x: 667.466
DSC_8296.JPG_max_y: 1852.0
DSC_8296.JPG_min_y: 952.001
