1.162975286636039884e+00 -9.774783419243140634e-03 -3.179728563695030630e+02
-8.218048831479250749e-02 1.291742835379046106e+00 -1.661359989443530765e+02
-4.567780881901621463e-05 -4.835797983095158905e-05 1.000000000000000000e+00
DSC_8194.JPG_max_x: 1312.97
DSC_8194.JPG_min_x: 614.042
DSC_8194.JPG_max_y: 1262.24
DSC_8194.JPG_min_y: 300.683
DSC_8344.JPG_max_x: 1327.35
DSC_8344.JPG_min_x: 394.066
DSC_8344.JPG_max_y: 1561.51
DSC_8344.JPG_min_y: 327.681
