1.290244292016355931e+00 -1.537149610525181398e-01 1.011321651626661833e+02
3.490016978487514021e-01 1.105957796256509917e+00 1.213058693715974243e+02
2.717137392570540422e-04 -1.652816974289930891e-04 1.000000000000000000e+00
DSC_8198.JPG_max_x: 1228.21
DSC_8198.JPG_min_x: 11.2837
DSC_8198.JPG_max_y: 1126.38
DSC_8198.JPG_min_y: 637.944
DSC_8400.JPG_max_x: 1318.68
DSC_8400.JPG_min_x: 30.2672
DSC_8400.JPG_max_y: 1585.06
DSC_8400.JPG_min_y: 938.355
