5.407834125050741125e-01 -5.175286922882443852e-01 1.140448373957517106e+03
3.988371016003382508e-01 2.859340668080165293e-01 -2.927674003013263473e+02
-2.987830660976944179e-05 -3.086653224916586081e-04 1.000000000000000000e+00
DSC_8248.JPG_max_x: 392.451
DSC_8248.JPG_min_x: 101.368
DSC_8248.JPG_max_y: 1888.96
DSC_8248.JPG_min_y: 1291.24
DSC_8299.JPG_max_x: 1095.43
DSC_8299.JPG_min_x: 750.894
DSC_8299.JPG_max_y: 843.266
DSC_8299.JPG_min_y: 181.508
