4.631657393961922109e-01 -6.147325396360019817e-02 2.639227157084268924e+02
1.654663602802320388e-01 2.630135132961065603e-01 8.602663483540159177e+02
1.407391730238667139e-04 -1.035315475166383999e-04 1.000000000000000000e+00
DSC_8318.JPG_max_x: 1286.05
DSC_8318.JPG_min_x: 134.388
DSC_8318.JPG_max_y: 1846.21
DSC_8318.JPG_min_y: 474.165
DSC_8378.JPG_max_x: 735.484
DSC_8378.JPG_min_x: 299.125
DSC_8378.JPG_max_y: 1589.01
DSC_8378.JPG_min_y: 1049.1
