8.189446519977501282e-01 -4.502349830959841148e-02 1.292093763953131997e+02
6.511981708705886530e-03 7.602121656232592173e-01 1.506715565346806898e+02
3.454440086944470125e-05 -6.025683042848123616e-05 1.000000000000000000e+00
DSC_8351.JPG_max_x: 1269.94
DSC_8351.JPG_min_x: 165.063
DSC_8351.JPG_max_y: 1143.4
DSC_8351.JPG_min_y: 6.69092
DSC_8365.JPG_max_x: 1134.71
DSC_8365.JPG_min_x: 265.307
DSC_8365.JPG_max_y: 1046.53
DSC_8365.JPG_min_y: 157.107
