1.133713253794228909e-01 -1.410795264181291808e-01 1.758866793684780205e+01
3.218254126522633318e-01 -1.312037567500480950e+00 8.740969101122230995e+02
2.179120154949659163e-04 -1.346254352709988240e-03 9.999999999999998890e-01
DSC_8268.JPG_max_x: 1294.97
DSC_8268.JPG_min_x: 534.771
DSC_8268.JPG_max_y: 891.152
DSC_8268.JPG_min_y: 519.67
DSC_8466.JPG_max_x: 829.331
DSC_8466.JPG_min_x: 56.7822
DSC_8466.JPG_max_y: 1696.1
DSC_8466.JPG_min_y: 968.605
