1.052990050295694521e-02 -2.384092381697636709e-01 1.763248256794578310e+02
5.892030890533748316e-02 -2.025117584337519538e+00 1.579982520315795455e+03
7.425615775419446148e-05 -1.324974415083504924e-03 1.000000000000000000e+00
DSC_8350.JPG_max_x: 1323.25
DSC_8350.JPG_min_x: 259.46
DSC_8350.JPG_max_y: 1456.01
DSC_8350.JPG_min_y: 787.669
DSC_8430.JPG_max_x: 1099.26
DSC_8430.JPG_min_x: 8.89637
DSC_8430.JPG_max_y: 1670.28
DSC_8430.JPG_min_y: 859.477
