-5.860827442073185400e-01 -6.518690686826834613e-01 1.194113562634212940e+03
-1.858765230604873808e-01 -8.476235275042061090e-01 9.806944179229512883e+02
-5.605558000711639583e-04 -7.426452001130624076e-04 1.000000000000000000e+00
DSC_8352.JPG_max_x: 1323.65
DSC_8352.JPG_min_x: 696.804
DSC_8352.JPG_max_y: 1494.13
DSC_8352.JPG_min_y: 921.686
DSC_8445.JPG_max_x: 809.511
DSC_8445.JPG_min_x: 75.3746
DSC_8445.JPG_max_y: 816.383
DSC_8445.JPG_min_y: 121.416
