1.635542408125703506e+00 3.003095051991384046e-01 -6.175142458435917661e+02
-6.461082884463377474e-02 1.756992444287112765e+00 -1.507514058524602433e+03
4.089035891097977666e-05 3.724164708933525567e-04 1.000000000000000000e+00
DSC_8324.JPG_max_x: 1323.16
DSC_8324.JPG_min_x: 127.602
DSC_8324.JPG_max_y: 1939.8
DSC_8324.JPG_min_y: 938.088
DSC_8325.JPG_max_x: 1229.53
DSC_8325.JPG_min_x: 15.295
DSC_8325.JPG_max_y: 1043.56
DSC_8325.JPG_min_y: 24.7221
