-4.877082822070809343e+00 3.916906584380879242e-01 4.182209904386854760e+03
-8.297903239321533064e+00 -4.761259931505851917e+00 6.822224966268252501e+03
-7.520533607960316023e-03 -9.589194658719845700e-05 1.000000000000000000e+00
DSC_8424.JPG_max_x: 1318.22
DSC_8424.JPG_min_x: 1022.87
DSC_8424.JPG_max_y: 1637.02
DSC_8424.JPG_min_y: 655.118
DSC_8458.JPG_max_x: 210.926
DSC_8458.JPG_min_x: 43.1352
DSC_8458.JPG_max_y: 1315.43
DSC_8458.JPG_min_y: 754.195
