-2.104069088348697214e+00 -2.611501330246049246e+00 2.968947774715031301e+03
-4.053208314030174897e+00 -4.383137289883232590e+00 3.926728036720789532e+03
-3.992744896576028157e-03 -1.229124971628837342e-03 9.999999999999998890e-01
DSC_8202.JPG_max_x: 852.01
DSC_8202.JPG_min_x: 159.118
DSC_8202.JPG_max_y: 1941.1
DSC_8202.JPG_min_y: 682.198
DSC_8258.JPG_max_x: 1100.82
DSC_8258.JPG_min_x: 22.9959
DSC_8258.JPG_max_y: 1696.54
DSC_8258.JPG_min_y: 694.014
