1.201081325070603611e+00 -6.701528795255198845e-02 -1.125451954376053209e+03
2.006116987970102128e-01 3.329175143813490334e-01 1.461899178050573937e+03
3.057255328554465252e-04 -5.640767705832963348e-04 1.000000000000000000e+00
DSC_8339.JPG_max_x: 1329.1
DSC_8339.JPG_min_x: 969.119
DSC_8339.JPG_max_y: 652.06
DSC_8339.JPG_min_y: 312.549
DSC_8340.JPG_max_x: 398.424
DSC_8340.JPG_min_x: 11.7752
DSC_8340.JPG_max_y: 1928.27
DSC_8340.JPG_min_y: 1512.85
