3.613505612792911936e+00 2.318753218163465135e+00 -5.946446721212696502e+03
3.471041466989172736e-02 3.318716211889706891e+00 9.463490838670192034e+02
2.223069762216944335e-03 1.981078101518386465e-04 1.000000000000000000e+00
DSC_8217.JPG_max_x: 1324.52
DSC_8217.JPG_min_x: 1178.71
DSC_8217.JPG_max_y: 1072.08
DSC_8217.JPG_min_y: 512.893
DSC_8219.JPG_max_x: 310.434
DSC_8219.JPG_min_x: 11.9602
DSC_8219.JPG_max_y: 1103.09
DSC_8219.JPG_min_y: 660.454
