-5.354759954504872077e+00 8.583622608403307375e-01 8.951476926096438547e+02
-8.675648050055791316e+00 1.496480313262718020e+00 1.419622038293941614e+03
-6.217281889291125831e-03 1.131893161851593027e-03 1.000000000000000000e+00
DSC_8249.JPG_max_x: 307.054
DSC_8249.JPG_min_x: 13.6617
DSC_8249.JPG_max_y: 688.824
DSC_8249.JPG_min_y: 174.485
DSC_8278.JPG_max_x: 999.531
DSC_8278.JPG_min_x: 294.812
DSC_8278.JPG_max_y: 1641.71
DSC_8278.JPG_min_y: 661.499
