5.040767606962764935e-01 -1.439592798578068489e-01 8.941351632763640964e+02
-8.382198761335082904e-02 5.937846075460615491e-01 4.646617297406492639e+02
-1.515695063729226224e-04 -6.046973041935488910e-05 1.000000000000000000e+00
DSC_8310.JPG_max_x: 565.78
DSC_8310.JPG_min_x: 10.8665
DSC_8310.JPG_max_y: 1692.51
DSC_8310.JPG_min_y: 874.495
DSC_8474.JPG_max_x: 1175.31
DSC_8474.JPG_min_x: 772.493
DSC_8474.JPG_max_y: 1761.96
DSC_8474.JPG_min_y: 1046.45
