2.419338230255674294e-01 7.137229106264628142e-02 8.387529410608208309e+02
-5.285274931739606386e-01 8.292694796732692497e-01 2.871038099036773019e+02
-4.439658268117815249e-04 7.109931470311390146e-05 1.000000000000000000e+00
DSC_8420.JPG_max_x: 631.384
DSC_8420.JPG_min_x: 18.2968
DSC_8420.JPG_max_y: 1846.39
DSC_8420.JPG_min_y: 737.796
DSC_8438.JPG_max_x: 1327.3
DSC_8438.JPG_min_x: 863.067
DSC_8438.JPG_max_y: 1687.49
DSC_8438.JPG_min_y: 800.701
