-3.347103800816174091e-01 1.549372537145730921e-01 -7.927601282387995241e+01
-4.201266604900838253e+00 -4.145288008654776646e-02 1.698015142722089877e+03
-3.496479917540611885e-03 2.120803343760377521e-04 1.000000000000000000e+00
DSC_8224.JPG_max_x: 947.287
DSC_8224.JPG_min_x: 320.753
DSC_8224.JPG_max_y: 1850.89
DSC_8224.JPG_min_y: 761.139
DSC_8394.JPG_max_x: 693.332
DSC_8394.JPG_min_x: 16.3923
DSC_8394.JPG_max_y: 1557.06
DSC_8394.JPG_min_y: 913.389
