2.164583228204578713e+00 1.509062890178648475e-01 1.264327030940816257e+03
1.178538395679995965e+00 1.470811864281314385e+00 -3.374193965126313515e+02
7.453092331368172405e-04 1.610329667740730681e-04 1.000000000000000000e+00
DSC_8338.JPG_max_x: 117.181
DSC_8338.JPG_min_x: 14.2389
DSC_8338.JPG_max_y: 1767.4
DSC_8338.JPG_min_y: 833.542
DSC_8352.JPG_max_x: 1331.34
DSC_8352.JPG_min_x: 1222.6
DSC_8352.JPG_max_y: 1766.12
DSC_8352.JPG_min_y: 831.138
