5.453585566466526702e-01 -2.527070684326876426e-01 5.884719666951526733e+02
-7.356716158075572443e-01 1.431443436126244917e+00 -3.006691060800356041e+01
-1.382075622779516295e-03 4.450402248773865769e-04 1.000000000000000000e+00
DSC_8401.JPG_max_x: 551.336
DSC_8401.JPG_min_x: 99.3284
DSC_8401.JPG_max_y: 1321.35
DSC_8401.JPG_min_y: 392.524
DSC_8421.JPG_max_x: 1150.77
DSC_8421.JPG_min_x: 355.549
DSC_8421.JPG_max_y: 1747.12
DSC_8421.JPG_min_y: 397.32
