1.370375401143763439e+00 5.434880856948667155e-02 -1.803673907055446364e+02
2.712827710919883395e-01 -4.145340551169342941e-02 8.160891518357163932e+02
1.011275012229920700e-03 -8.595199457736162106e-04 1.000000000000000000e+00
DSC_8249.JPG_max_x: 730.289
DSC_8249.JPG_min_x: 238.204
DSC_8249.JPG_max_y: 968.846
DSC_8249.JPG_min_y: 204.771
DSC_8363.JPG_max_x: 949.25
DSC_8363.JPG_min_x: 190.008
DSC_8363.JPG_max_y: 1110.01
DSC_8363.JPG_min_y: 674.09
