4.622105061529990233e-01 3.588455421959612646e-01 1.167878918101452257e+02
-2.058498031949794749e-01 6.240813517181982295e-01 1.485939493570919467e+03
-1.011849257028319467e-04 1.254335788651344998e-04 1.000000000000000000e+00
DSC_8255.JPG_max_x: 1225.08
DSC_8255.JPG_min_x: 77.5925
DSC_8255.JPG_max_y: 362.292
DSC_8255.JPG_min_y: 154.065
DSC_8446.JPG_max_x: 854.214
DSC_8446.JPG_min_x: 240.555
DSC_8446.JPG_max_y: 1603.3
DSC_8446.JPG_min_y: 1497.18
