9.474594639833817666e-01 4.549001458526103631e-02 1.664699996658995929e+02
2.151845507055364856e-02 8.878126557292224108e-01 -1.189596979762211646e+02
4.805314267054639968e-05 3.222420088730198004e-05 1.000000000000000000e+00
DSC_8383.JPG_max_x: 1275.71
DSC_8383.JPG_min_x: 7.26065
DSC_8383.JPG_max_y: 1645.5
DSC_8383.JPG_min_y: 319.888
DSC_8395.JPG_max_x: 1322.21
DSC_8395.JPG_min_x: 206.301
DSC_8395.JPG_max_y: 1201.07
DSC_8395.JPG_min_y: 158.004
