4.298073806850191692e-01 4.322676937738884062e-02 1.638077817479817497e+02
-1.825035011754132935e-02 9.217522980689761836e-01 1.223698611477487248e+03
-1.576103151427414150e-05 3.692604763659174138e-04 1.000000000000000000e+00
DSC_8271.JPG_max_x: 1302.16
DSC_8271.JPG_min_x: 145.335
DSC_8271.JPG_max_y: 981.92
DSC_8271.JPG_min_y: 50.302
DSC_8430.JPG_max_x: 704.971
DSC_8430.JPG_min_x: 178.995
DSC_8430.JPG_max_y: 1533.98
DSC_8430.JPG_min_y: 1259.54
