1.436053048678952448e+00 2.362522501403912373e-02 1.778006757053886702e+02
-1.013171365082066844e+00 2.191807425403636156e+00 -7.026994307146374013e+02
-8.100297676647472871e-04 -9.045887229020250586e-05 1.000000000000000000e+00
DSC_8350.JPG_max_x: 396.81
DSC_8350.JPG_min_x: 243.122
DSC_8350.JPG_max_y: 934.962
DSC_8350.JPG_min_y: 813.836
DSC_8462.JPG_max_x: 1289.76
DSC_8462.JPG_min_x: 761.511
DSC_8462.JPG_max_y: 1551.8
DSC_8462.JPG_min_y: 1125.08
