-1.480924969960249138e+00 -3.746119622003840632e-01 1.754552585231248941e+03
-1.416039176351424178e+00 -2.013974292852612091e+00 2.590662469483217137e+03
-1.379423851694877882e-03 -6.080294267618109507e-04 1.000000000000000000e+00
DSC_8430.JPG_max_x: 1322.95
DSC_8430.JPG_min_x: 923.317
DSC_8430.JPG_max_y: 1705.15
DSC_8430.JPG_min_y: 938.55
DSC_8444.JPG_max_x: 744.009
DSC_8444.JPG_min_x: 28.2321
DSC_8444.JPG_max_y: 1560.09
DSC_8444.JPG_min_y: 821.698
