1.634184035743983632e+00 3.920203235292256394e-02 -7.700148494402576489e+02
2.420779411306983320e-01 1.553784778962389534e+00 -4.634703861365395028e+02
2.141778991828858028e-04 1.335483172872560688e-05 1.000000000000000000e+00
DSC_8218.JPG_max_x: 1327.04
DSC_8218.JPG_min_x: 495.297
DSC_8218.JPG_max_y: 1695.11
DSC_8218.JPG_min_y: 665.525
DSC_8234.JPG_max_x: 1111.01
DSC_8234.JPG_min_x: 43.3076
DSC_8234.JPG_max_y: 1976.19
DSC_8234.JPG_min_y: 660.358
