7.226532141334929271e+00 1.784748404621669948e+00 -7.421076302816774842e+03
5.438913516324501707e+00 7.118581624567114297e+00 -5.491319327662624346e+03
6.946397402190479693e-03 8.425246882005182328e-05 1.000000000000000000e+00
DSC_8252.JPG_max_x: 1317.99
DSC_8252.JPG_min_x: 864.526
DSC_8252.JPG_max_y: 1949.74
DSC_8252.JPG_min_y: 593.762
DSC_8320.JPG_max_x: 747.985
DSC_8320.JPG_min_x: 10.4092
DSC_8320.JPG_max_y: 1552.56
DSC_8320.JPG_min_y: 507.265
