4.023895723739306374e-01 -1.921856124283938816e-01 -4.792655560328319808e+01
2.013648850981391014e-01 -4.677601665369413020e-01 9.919587228451300689e+02
1.406803528340668289e-04 -5.903087478867765974e-04 1.000000000000000000e+00
DSC_8336.JPG_max_x: 1305.56
DSC_8336.JPG_min_x: 656.635
DSC_8336.JPG_max_y: 1295.57
DSC_8336.JPG_min_y: 965.451
DSC_8380.JPG_max_x: 732.988
DSC_8380.JPG_min_x: 34.6355
DSC_8380.JPG_max_y: 1557.56
DSC_8380.JPG_min_y: 1284.16
