-1.222020989033809180e+00 1.157476390431546737e-01 7.708056496218063103e+02
-3.262108584131844680e+00 2.481218931544144912e-01 1.930519270374188636e+03
-1.783534580192337347e-03 3.715711712344451452e-04 1.000000000000000000e+00
DSC_8329.JPG_max_x: 851.246
DSC_8329.JPG_min_x: 465.487
DSC_8329.JPG_max_y: 1062.3
DSC_8329.JPG_min_y: 64.8577
DSC_8360.JPG_max_x: 665.144
DSC_8360.JPG_min_x: 347.1
DSC_8360.JPG_max_y: 1960.94
DSC_8360.JPG_min_y: 1199.04
