6.818291434018515229e-01 -1.379270488482544632e+00 9.970860875112538224e+02
1.093409133851012349e+00 -9.161118362395148651e-01 4.760767916647423021e+02
8.996646717968434124e-04 -1.455150964150031404e-03 1.000000000000000000e+00
DSC_8278.JPG_max_x: 891.751
DSC_8278.JPG_min_x: 298.815
DSC_8278.JPG_max_y: 1035.15
DSC_8278.JPG_min_y: 608.64
DSC_8404.JPG_max_x: 1057.76
DSC_8404.JPG_min_x: 271.764
DSC_8404.JPG_max_y: 1865.37
DSC_8404.JPG_min_y: 712.756
