3.051890794015622022e-01 -1.366181211185012012e+00 1.120456226680911413e+03
9.508229494533341208e-01 -2.402019452934561539e+00 1.461826535188230991e+03
7.814104402339289157e-04 -1.805695316320950726e-03 9.999999999999998890e-01
DSC_8200.JPG_max_x: 1293.01
DSC_8200.JPG_min_x: 221.452
DSC_8200.JPG_max_y: 1301.87
DSC_8200.JPG_min_y: 1046.23
DSC_8254.JPG_max_x: 924.596
DSC_8254.JPG_min_x: 426.228
DSC_8254.JPG_max_y: 1357.24
DSC_8254.JPG_min_y: 1074.68
