1.396986560047554393e+00 1.725702079044220572e+00 -1.440016348881319345e+03
-3.452696290818770275e-01 2.411438164572666576e+00 -2.390101313474468498e+03
-7.748815258782413944e-04 1.006847258353412615e-03 1.000000000000000000e+00
DSC_8394.JPG_max_x: 693.332
DSC_8394.JPG_min_x: 41.7672
DSC_8394.JPG_max_y: 1813.81
DSC_8394.JPG_min_y: 1315.12
DSC_8413.JPG_max_x: 1160.14
DSC_8413.JPG_min_x: 467.669
DSC_8413.JPG_max_y: 740.012
DSC_8413.JPG_min_y: 318.597
