3.602040609810118088e+00 1.028128864314469704e+00 -8.889070888208037786e+02
-3.342035355433203292e-01 4.424932396872707230e+00 -4.257422178949423142e+03
-3.826984367176677264e-04 1.071654009033145769e-03 1.000000000000000000e+00
DSC_8200.JPG_max_x: 605.096
DSC_8200.JPG_min_x: 105.283
DSC_8200.JPG_max_y: 1489.41
DSC_8200.JPG_min_y: 980.739
DSC_8335.JPG_max_x: 1224.58
DSC_8335.JPG_min_x: 263.515
DSC_8335.JPG_max_y: 892.081
DSC_8335.JPG_min_y: 9.05744
