4.114550455331141832e-01 2.980496388923937201e-01 -2.484026280897525112e+02
-8.954638852186280751e-01 3.402168836242446814e-01 1.084765751226031171e+03
-3.959510936831140185e-04 -2.923677592694666092e-04 1.000000000000000000e+00
DSC_8249.JPG_max_x: 779.17
DSC_8249.JPG_min_x: 451.16
DSC_8249.JPG_max_y: 923.063
DSC_8249.JPG_min_y: 58.5054
DSC_8333.JPG_max_x: 748.064
DSC_8333.JPG_min_x: 26.3321
DSC_8333.JPG_max_y: 1807.62
DSC_8333.JPG_min_y: 767.374
