4.172488056940961698e+00 2.045583513178194757e+00 1.296413519772743939e+03
5.642042104222481091e-01 6.577258971099121609e+00 -7.232079007807652488e+03
-2.324147904569274885e-03 4.397725220208071294e-03 9.999999999999998890e-01
DSC_8242.JPG_max_x: 834.267
DSC_8242.JPG_min_x: 70.9445
DSC_8242.JPG_max_y: 1891.29
DSC_8242.JPG_min_y: 1108.32
DSC_8323.JPG_max_x: 1223.47
DSC_8323.JPG_min_x: 619.662
DSC_8323.JPG_max_y: 728.101
DSC_8323.JPG_min_y: 45.2464
