5.158742486911004343e-01 -2.987944967037686750e-01 1.116112487752526704e+03
2.003048846789777081e-03 6.311300402022729239e-01 3.287076874940822790e+02
-1.697558761633572290e-04 -4.196988369197489902e-05 1.000000000000000000e+00
DSC_8423.JPG_max_x: 644.351
DSC_8423.JPG_min_x: 17.0796
DSC_8423.JPG_max_y: 1616.68
DSC_8423.JPG_min_y: 14.3361
DSC_8441.JPG_max_x: 1266.58
DSC_8441.JPG_min_x: 1009.3
DSC_8441.JPG_max_y: 1619.78
DSC_8441.JPG_min_y: 353.921
