2.514461526319333284e+00 -3.994813627827512731e-02 -4.859319784977669201e+02
9.273557599248889727e-02 2.394780943843712873e+00 -1.171130804307971857e+03
8.203192573337652629e-05 -2.835688554366559520e-05 1.000000000000000000e+00
DSC_8252.JPG_max_x: 750.32
DSC_8252.JPG_min_x: 241.956
DSC_8252.JPG_max_y: 1082.35
DSC_8252.JPG_min_y: 587.813
DSC_8284.JPG_max_x: 1315.29
DSC_8284.JPG_min_x: 85.3686
DSC_8284.JPG_max_y: 1444.26
DSC_8284.JPG_min_y: 290.284
