-4.136655522787004990e-01 -2.087958604788369976e-01 6.269462095691155810e+02
-2.886438512174789861e-01 -7.429623127006714789e-01 1.066853616351376331e+03
-5.216987267600340077e-04 -5.208262660199351963e-04 1.000000000000000000e+00
DSC_8232.JPG_max_x: 1319.37
DSC_8232.JPG_min_x: 398.435
DSC_8232.JPG_max_y: 1715.46
DSC_8232.JPG_min_y: 965.026
DSC_8437.JPG_max_x: 876.886
DSC_8437.JPG_min_x: 59.3845
DSC_8437.JPG_max_y: 1420.3
DSC_8437.JPG_min_y: 112.694
