1.687292949667742459e+00 1.402656475615477183e-01 -1.817530885007489360e+03
6.734792718912088194e-01 1.726896102956236856e+00 -3.982136944569483603e+02
8.203365022164749642e-04 2.060722292928328099e-04 1.000000000000000000e+00
DSC_8222.JPG_max_x: 1307.24
DSC_8222.JPG_min_x: 969.677
DSC_8222.JPG_max_y: 1897.14
DSC_8222.JPG_min_y: 778.139
DSC_8338.JPG_max_x: 258.843
DSC_8338.JPG_min_x: 14.2389
DSC_8338.JPG_max_y: 1558.14
DSC_8338.JPG_min_y: 820.294
