-1.600987502877899704e-01 8.277161218840501933e-01 6.111586824804074922e+02
-4.201192465961411382e-01 1.658897928398010091e+00 1.413394616025554456e+02
-1.047935598038606973e-03 9.248495676299943805e-04 1.000000000000000000e+00
DSC_8261.JPG_max_x: 682.444
DSC_8261.JPG_min_x: 54.3083
DSC_8261.JPG_max_y: 469.643
DSC_8261.JPG_min_y: 210.193
DSC_8325.JPG_max_x: 1237.87
DSC_8325.JPG_min_x: 695.565
DSC_8325.JPG_max_y: 860.704
DSC_8325.JPG_min_y: 398.807
