-3.463890825336395807e+00 -5.841950687347706728e-01 1.400660055990739011e+03
-7.661927760597521120e-01 -3.864678435588940975e+00 3.578232874576709037e+03
-3.897431391422434208e-04 -1.345275957591694684e-03 1.000000000000000000e+00
DSC_8200.JPG_max_x: 427.237
DSC_8200.JPG_min_x: 254.102
DSC_8200.JPG_max_y: 1236.11
DSC_8200.JPG_min_y: 890.585
DSC_8288.JPG_max_x: 1109.13
DSC_8288.JPG_min_x: 116.151
DSC_8288.JPG_max_y: 1898.72
DSC_8288.JPG_min_y: 322.644
