3.133732457170858243e+00 1.010488593376747568e+00 -1.681323317770035146e+03
-1.824338957531171646e-01 3.750426587779255527e+00 -4.206795457827348400e+03
-1.091721832569241358e-05 1.325327075072661688e-03 1.000000000000000000e+00
DSC_8364.JPG_max_x: 1301.87
DSC_8364.JPG_min_x: 70.9408
DSC_8364.JPG_max_y: 1830.78
DSC_8364.JPG_min_y: 1163.2
DSC_8365.JPG_max_x: 1327.05
DSC_8365.JPG_min_x: 11.5587
DSC_8365.JPG_max_y: 749.356
DSC_8365.JPG_min_y: 16.4948
