-1.014511889209332440e-02 -1.308136517573895485e+00 9.297326562562047911e+02
-6.671186411298606067e-02 -7.339997122667392127e-01 5.826946304640550807e+02
-1.818297685515876021e-04 -1.138201455566734870e-03 1.000000000000000000e+00
DSC_8241.JPG_max_x: 1247.59
DSC_8241.JPG_min_x: 215.824
DSC_8241.JPG_max_y: 776.717
DSC_8241.JPG_min_y: 135.365
DSC_8431.JPG_max_x: 1328.54
DSC_8431.JPG_min_x: 189.352
DSC_8431.JPG_max_y: 819.698
DSC_8431.JPG_min_y: 372.577
