-7.427838229885074250e-01 -6.689069684061326182e-01 1.299586283648658764e+03
-8.066594972041509770e-01 7.015437411400105017e-01 1.034486997343659596e+03
-6.897921735448974724e-04 1.254749022557651483e-04 9.999999999999998890e-01
DSC_8323.JPG_max_x: 1264.28
DSC_8323.JPG_min_x: 101.362
DSC_8323.JPG_max_y: 781.992
DSC_8323.JPG_min_y: 183.539
DSC_8452.JPG_max_x: 1314.5
DSC_8452.JPG_min_x: 284.583
DSC_8452.JPG_max_y: 1719.13
DSC_8452.JPG_min_y: 1120.84
