1.560471884287043531e+00 2.707673925010206650e-01 -3.450537704413646907e+02
-1.338922104561219573e-01 1.570821926693430015e+00 -1.561425146762746635e+03
2.555574595208919388e-04 2.301082806206769505e-04 1.000000000000000000e+00
DSC_8254.JPG_max_x: 1201.63
DSC_8254.JPG_min_x: 442.378
DSC_8254.JPG_max_y: 1513.52
DSC_8254.JPG_min_y: 1074.12
DSC_8321.JPG_max_x: 1175.34
DSC_8321.JPG_min_x: 471.845
DSC_8321.JPG_max_y: 391.276
DSC_8321.JPG_min_y: 16.3527
