-2.069766390897304404e+02 -5.723498279090208740e+01 1.265954162024895777e+05
1.077961014424118424e+01 -2.473786150287129431e+02 2.360675539515120036e+05
-8.337522460500703531e-03 -7.870903138985584080e-02 1.000000000000000000e+00
DSC_8318.JPG_max_x: 898.271
DSC_8318.JPG_min_x: 278.353
DSC_8318.JPG_max_y: 1381.48
DSC_8318.JPG_min_y: 1126.88
DSC_8465.JPG_max_x: 1207.87
DSC_8465.JPG_min_x: 60.5276
DSC_8465.JPG_max_y: 858.508
DSC_8465.JPG_min_y: 385.594
