3.203351148190519027e+00 1.017834693522778888e+00 -4.198326977243572401e+03
-1.386265459631868646e+00 3.434980739152613705e+00 -2.248222401621102108e+03
-5.369544230464215115e-05 9.675564470888099343e-04 1.000000000000000000e+00
DSC_8298.JPG_max_x: 1077.69
DSC_8298.JPG_min_x: 895.13
DSC_8298.JPG_max_y: 1677.71
DSC_8298.JPG_min_y: 1090.47
DSC_8315.JPG_max_x: 280.982
DSC_8315.JPG_min_x: 68.6938
DSC_8315.JPG_max_y: 829.148
DSC_8315.JPG_min_y: 32.6462
