2.948192978213802551e+00 2.917554356909170532e-01 -1.084246115333036414e+03
6.021230417090538412e-01 2.252643853739000779e+00 -1.105513118467233653e+03
8.705124848087009322e-04 3.456690556682862243e-04 1.000000000000000000e+00
DSC_8222.JPG_max_x: 1327.74
DSC_8222.JPG_min_x: 243.684
DSC_8222.JPG_max_y: 1444.79
DSC_8222.JPG_min_y: 778.139
DSC_8306.JPG_max_x: 1233.73
DSC_8306.JPG_min_x: 15.432
DSC_8306.JPG_max_y: 1294.88
DSC_8306.JPG_min_y: 600.134
