1.713075628903586667e+00 6.597478306921386038e-01 -1.886479806681188393e+03
-2.546286683758405278e-01 2.228459371668476408e+00 -3.273296670722661020e+03
2.132235860902105244e-05 7.296080256217621698e-04 1.000000000000000000e+00
DSC_8330.JPG_max_x: 1162.66
DSC_8330.JPG_min_x: 595.848
DSC_8330.JPG_max_y: 1976.8
DSC_8330.JPG_min_y: 1651.79
DSC_8249.JPG_max_x: 545.605
DSC_8249.JPG_min_x: 136.834
DSC_8249.JPG_max_y: 389.189
DSC_8249.JPG_min_y: 58.5054
