7.732378912829109829e-01 -2.600439939160533731e-01 1.503680164567910538e+02
3.608926179311754134e-02 2.421744018512484720e-01 1.147089263142355094e+03
-2.095463883242339145e-06 -3.490922045158931643e-04 1.000000000000000000e+00
DSC_8365.JPG_max_x: 1217.01
DSC_8365.JPG_min_x: 220.079
DSC_8365.JPG_max_y: 749.356
DSC_8365.JPG_min_y: 16.4948
DSC_8378.JPG_max_x: 1163.99
DSC_8378.JPG_min_x: 309.252
DSC_8378.JPG_max_y: 1828.14
DSC_8378.JPG_min_y: 1181.73
