5.359692769231119147e-01 -1.085242741742615674e-01 1.136678512355077828e+03
-9.902093549766825820e-02 7.331355398572212412e-01 8.955803785726136539e+02
-2.302498353649242585e-04 1.048896806641846886e-05 1.000000000000000000e+00
DSC_8261.JPG_max_x: 210.223
DSC_8261.JPG_min_x: 35.0988
DSC_8261.JPG_max_y: 970.523
DSC_8261.JPG_min_y: 209.279
DSC_8274.JPG_max_x: 1263.37
DSC_8274.JPG_min_x: 1098.78
DSC_8274.JPG_max_y: 1619.42
DSC_8274.JPG_min_y: 1070.85
