2.267961390616032580e-01 -5.220920764862364560e-01 5.650819855951615409e+02
-2.138677130532686266e-01 2.111170289543139178e-01 6.218785051268361030e+02
-5.299967075864212311e-04 -2.629731118990616357e-04 1.000000000000000000e+00
DSC_8217.JPG_max_x: 839.354
DSC_8217.JPG_min_x: 557.249
DSC_8217.JPG_max_y: 942.825
DSC_8217.JPG_min_y: 95.0901
DSC_8423.JPG_max_x: 1291.12
DSC_8423.JPG_min_x: 444.503
DSC_8423.JPG_max_y: 1607.73
DSC_8423.JPG_min_y: 834.833
