1.211887891862686528e+00 2.859536198320638059e-02 -1.036859841977560563e+02
3.336706363628159228e-02 1.238394480711082046e+00 -8.949188124305754499e+00
-3.072383565595287303e-05 6.055875162628485120e-05 1.000000000000000000e+00
DSC_8201.JPG_max_x: 944.279
DSC_8201.JPG_min_x: 123.993
DSC_8201.JPG_max_y: 816.225
DSC_8201.JPG_min_y: 73.7985
DSC_8221.JPG_max_x: 1070.03
DSC_8221.JPG_min_x: 54.1564
DSC_8221.JPG_max_y: 1010.18
DSC_8221.JPG_min_y: 112.984
