5.639086161517666840e-01 -1.759331377607130376e-01 2.733588971751455006e+02
-3.260647669643799290e-02 6.067196120860273156e-01 1.849561237783380534e+02
-1.763913942145383989e-04 -1.404008998543552490e-05 1.000000000000000000e+00
DSC_8321.JPG_max_x: 1267.23
DSC_8321.JPG_min_x: 56.6741
DSC_8321.JPG_max_y: 1091.06
DSC_8321.JPG_min_y: 16.3527
DSC_8337.JPG_max_x: 1191.02
DSC_8337.JPG_min_x: 125.525
DSC_8337.JPG_max_y: 873.01
DSC_8337.JPG_min_y: 192.887
