8.650144361398444115e-01 -2.306139470565549132e-01 5.060543904219593969e+02
2.750703136888006939e-01 2.706180934733200538e-01 9.649752743856305415e+02
2.256449194209423986e-04 -2.523781362238632867e-04 1.000000000000000000e+00
DSC_8425.JPG_max_x: 1314.09
DSC_8425.JPG_min_x: 460.037
DSC_8425.JPG_max_y: 1116.89
DSC_8425.JPG_min_y: 12.0327
DSC_8456.JPG_max_x: 1294.14
DSC_8456.JPG_min_x: 806.73
DSC_8456.JPG_max_y: 1694.86
DSC_8456.JPG_min_y: 1020.28
