-7.029071805876333512e-01 -4.678000167019550903e-01 4.967906217806117866e+02
-1.179447376613227849e+00 -1.519835975240703574e+00 9.690434267663213177e+02
-1.455206626770798577e-03 -1.160261548115358110e-03 1.000000000000000000e+00
DSC_8215.JPG_max_x: 986.954
DSC_8215.JPG_min_x: 292.016
DSC_8215.JPG_max_y: 836.227
DSC_8215.JPG_min_y: 176.04
DSC_8329.JPG_max_x: 803.106
DSC_8329.JPG_min_x: 113.302
DSC_8329.JPG_max_y: 1120.87
DSC_8329.JPG_min_y: 383.916
