6.435456615005323844e-01 -1.912472659267721864e-01 7.330185225191321479e+02
5.399792092082125045e-02 7.668589676626387241e-01 8.727674130217933168e+01
-1.347290605958667477e-04 1.713302113463414976e-05 9.999999999999998890e-01
DSC_8307.JPG_max_x: 780.45
DSC_8307.JPG_min_x: 65.0707
DSC_8307.JPG_max_y: 1682.25
DSC_8307.JPG_min_y: 139.055
DSC_8447.JPG_max_x: 1327.09
DSC_8447.JPG_min_x: 662.721
DSC_8447.JPG_max_y: 1470.64
DSC_8447.JPG_min_y: 244.295
