1.885770221374760469e+00 -2.943146536597057494e+00 -1.998877158368780727e+02
3.646486289788774648e+00 -1.014321114017202774e+01 1.740256786363839183e+03
2.409419741438378459e-03 -6.620606608353864046e-03 1.000000000000000000e+00
DSC_8233.JPG_max_x: 927.59
DSC_8233.JPG_min_x: 315.356
DSC_8233.JPG_max_y: 493.421
DSC_8233.JPG_min_y: 49.3541
DSC_8376.JPG_max_x: 573.987
DSC_8376.JPG_min_x: 61.86
DSC_8376.JPG_max_y: 1827.76
DSC_8376.JPG_min_y: 1183.98
