1.529923373473250470e+00 -2.240092246153073952e-01 -4.069887137840517539e+02
5.452217974317708632e-02 1.074853031411431070e+00 1.941599446144364833e+02
4.328727682544299468e-05 -3.406639077270997044e-04 1.000000000000000000e+00
DSC_8214.JPG_max_x: 1050.16
DSC_8214.JPG_min_x: 556.091
DSC_8214.JPG_max_y: 918.039
DSC_8214.JPG_min_y: 224.793
DSC_8358.JPG_max_x: 1246.25
DSC_8358.JPG_min_x: 418.068
DSC_8358.JPG_max_y: 1693.61
DSC_8358.JPG_min_y: 492.452
