5.325483117642842990e-01 -3.905238646656383761e-01 8.254158352049030327e+02
1.037427358412502526e-01 7.583768109809501112e-01 5.678761469439277398e+00
-2.253211832501244725e-04 -3.365622491922258080e-05 1.000000000000000000e+00
DSC_8345.JPG_max_x: 1207.16
DSC_8345.JPG_min_x: 258.722
DSC_8345.JPG_max_y: 1567.93
DSC_8345.JPG_min_y: 688.247
DSC_8409.JPG_max_x: 1289.62
DSC_8409.JPG_min_x: 729.776
DSC_8409.JPG_max_y: 1942.99
DSC_8409.JPG_min_y: 631.308
