1.064055629657073343e+00 -1.306320418101676872e-01 -2.984802566790637002e+02
3.843180152267046679e-01 9.538213269098591018e-01 3.981810164099837266e+02
2.749739489469159174e-04 8.188464776878246528e-05 1.000000000000000000e+00
DSC_8336.JPG_max_x: 1327.45
DSC_8336.JPG_min_x: 378.039
DSC_8336.JPG_max_y: 1504.18
DSC_8336.JPG_min_y: 759.812
DSC_8396.JPG_max_x: 656.488
DSC_8396.JPG_min_x: 5.17065
DSC_8396.JPG_max_y: 1593.82
DSC_8396.JPG_min_y: 1099.04
