4.896090136491917932e-01 -1.313173458297146601e-01 5.851614605582709601e+02
1.919874102801239213e-01 7.190704131884350092e-01 -8.447842893092106920e+01
-6.929724088006906240e-05 6.495760601864299121e-05 1.000000000000000000e+00
DSC_8329.JPG_max_x: 1138.27
DSC_8329.JPG_min_x: 273.426
DSC_8329.JPG_max_y: 1513.05
DSC_8329.JPG_min_y: 21.1225
DSC_8477.JPG_max_x: 1004.87
DSC_8477.JPG_min_x: 575.044
DSC_8477.JPG_max_y: 1161.98
DSC_8477.JPG_min_y: 13.1175
