-1.940349781018920794e+01 6.661384931411028276e+01 1.744441190553639444e+03
-2.038240497442453503e+01 8.499457960215342212e+01 -8.853490710425259067e+02
-1.402344404161231725e-02 5.338776611284590246e-02 1.000000000000000000e+00
DSC_8353.JPG_max_x: 1240.95
DSC_8353.JPG_min_x: 24.4407
DSC_8353.JPG_max_y: 575.88
DSC_8353.JPG_min_y: 124.72
DSC_8398.JPG_max_x: 1326.5
DSC_8398.JPG_min_x: 673.152
DSC_8398.JPG_max_y: 1630.37
DSC_8398.JPG_min_y: 1040.76
