1.780523818565637351e+00 -1.797753200746528279e-01 -6.787165765164363620e+02
1.420679049248445569e+00 6.324389576401547863e-01 -7.051265852241952814e+01
1.554281196835867072e-03 -4.609788871253834241e-04 9.999999999999998890e-01
DSC_8314.JPG_max_x: 1164.44
DSC_8314.JPG_min_x: 557.695
DSC_8314.JPG_max_y: 1377.01
DSC_8314.JPG_min_y: 252.375
DSC_8218.JPG_max_x: 499.551
DSC_8218.JPG_min_x: 41.7302
DSC_8218.JPG_max_y: 1274.68
DSC_8218.JPG_min_y: 601.506
