-7.996196562085504667e-01 -7.318842353623715713e-01 1.706299377385646721e+03
2.022547551756780082e-01 -1.308142679768688144e+00 1.281629081279190586e+03
1.686443833109009982e-04 -1.147251545862107208e-03 1.000000000000000000e+00
DSC_8230.JPG_max_x: 1244.19
DSC_8230.JPG_min_x: 1063.81
DSC_8230.JPG_max_y: 1285.48
DSC_8230.JPG_min_y: 818.248
DSC_8387.JPG_max_x: 964.173
DSC_8387.JPG_min_x: 125.995
DSC_8387.JPG_max_y: 1656.01
DSC_8387.JPG_min_y: 17.9707
