-4.091134687674193415e+00 -3.913750177903936756e+00 2.219648472269071135e+03
2.921716013890253150e-01 -4.366673972827459949e+00 3.358240582283795447e+03
2.036121695466941634e-05 -3.395235359702356362e-03 9.999999999999998890e-01
DSC_8336.JPG_max_x: 383.432
DSC_8336.JPG_min_x: 25.5258
DSC_8336.JPG_max_y: 1551.31
DSC_8336.JPG_min_y: 768.511
DSC_8433.JPG_max_x: 1322.75
DSC_8433.JPG_min_x: 116.747
DSC_8433.JPG_max_y: 832.657
DSC_8433.JPG_min_y: 81.008
