9.450418909484488428e-02 -3.027000261328007258e-01 4.459857759280414484e+02
-1.223287675246418314e-02 6.760975644796555356e-03 1.896073704531897590e+02
-7.318618825823665027e-05 -5.758098868057365260e-04 1.000000000000000000e+00
DSC_8305.JPG_max_x: 975.297
DSC_8305.JPG_min_x: 377.495
DSC_8305.JPG_max_y: 648.337
DSC_8305.JPG_min_y: 131.007
DSC_8365.JPG_max_x: 605.341
DSC_8365.JPG_min_x: 481.108
DSC_8365.JPG_max_y: 321.676
DSC_8365.JPG_min_y: 205.059
