1.036499711415014957e+00 6.700471195779250655e-01 -3.187676002304145300e+02
-7.561718419988038009e-02 1.012088747146663303e+00 2.624201284929353051e+02
1.648511317651988066e-04 1.161234961764362949e-05 1.000000000000000000e+00
DSC_8271.JPG_max_x: 1299.94
DSC_8271.JPG_min_x: 13.5158
DSC_8271.JPG_max_y: 1478.95
DSC_8271.JPG_min_y: 390.176
DSC_8287.JPG_max_x: 1323.23
DSC_8287.JPG_min_x: 356.59
DSC_8287.JPG_max_y: 1674.08
DSC_8287.JPG_min_y: 538.882
