-1.584473259429620029e+00 4.303420411737164386e-01 8.565961744781648122e+02
-1.521524033067013226e+00 1.299907703997964514e+00 -5.012880141985608020e+02
-2.103810518394577927e-03 4.682401083814671339e-04 1.000000000000000000e+00
DSC_8262.JPG_max_x: 1262.72
DSC_8262.JPG_min_x: 163.121
DSC_8262.JPG_max_y: 1582.42
DSC_8262.JPG_min_y: 918.847
DSC_8327.JPG_max_x: 1313.23
DSC_8327.JPG_min_x: 697.967
DSC_8327.JPG_max_y: 1098.77
DSC_8327.JPG_min_y: 461.126
