1.961555635926582219e+00 6.079014255603507610e-01 -6.514039621033027743e+02
-8.210035925529549083e-02 2.400668037997217397e+00 -2.008358076458726600e+03
-7.608741097512463736e-05 7.408435670546920830e-04 1.000000000000000000e+00
DSC_8444.JPG_max_x: 1212.1
DSC_8444.JPG_min_x: 11.9686
DSC_8444.JPG_max_y: 1732.36
DSC_8444.JPG_min_y: 874.186
DSC_8445.JPG_max_x: 1325.61
DSC_8445.JPG_min_x: 73.0266
DSC_8445.JPG_max_y: 929.737
DSC_8445.JPG_min_y: 20.5391
