5.194337800191027865e-01 -5.597140060583245813e-02 9.863235986970333897e+02
-5.071827766932885950e-01 1.174822458810050874e+00 -1.236530537397360092e+02
-5.509433601460335742e-04 1.077578834716002781e-05 1.000000000000000000e+00
DSC_8220.JPG_max_x: 348.299
DSC_8220.JPG_min_x: 4.13323
DSC_8220.JPG_max_y: 1495.56
DSC_8220.JPG_min_y: 752.81
DSC_8234.JPG_max_x: 1318.78
DSC_8234.JPG_min_x: 915.677
DSC_8234.JPG_max_y: 1766.21
DSC_8234.JPG_min_y: 738.616
