2.049120207646378145e+00 -6.581415061684406376e-02 3.035007312262609958e+02
9.318610784012667514e-01 1.675895083177415978e+00 -5.692159503787896710e+02
8.261204411973294961e-04 7.912937806738041198e-06 1.000000000000000000e+00
DSC_8220.JPG_max_x: 1327.25
DSC_8220.JPG_min_x: 5.38297
DSC_8220.JPG_max_y: 1518.27
DSC_8220.JPG_min_y: 753.937
DSC_8432.JPG_max_x: 1221.22
DSC_8432.JPG_min_x: 267.502
DSC_8432.JPG_max_y: 1781.25
DSC_8432.JPG_min_y: 788.096
