-1.567964848614035178e-01 -3.240036185924079493e-01 7.388051222576325472e+02
-4.626025725741979566e-01 -1.019490827211675943e-01 1.134929603959853694e+03
-4.052839388579525790e-04 -3.062836569224671834e-04 1.000000000000000000e+00
DSC_8195.JPG_max_x: 1316.8
DSC_8195.JPG_min_x: 863.018
DSC_8195.JPG_max_y: 1044.94
DSC_8195.JPG_min_y: 30.1181
DSC_8230.JPG_max_x: 1157.69
DSC_8230.JPG_min_x: 792.098
DSC_8230.JPG_max_y: 1900.53
DSC_8230.JPG_min_y: 1141.34
