1.223000696740225157e+00 1.352351663383153380e+00 -8.353839979318142923e+02
-3.502089799961330963e-01 1.623709392780390948e+00 -1.001951599360529599e+03
-8.447181050416586925e-04 6.010072032613392656e-04 1.000000000000000000e+00
DSC_8202.JPG_max_x: 639.405
DSC_8202.JPG_min_x: 83.7894
DSC_8202.JPG_max_y: 1471.22
DSC_8202.JPG_min_y: 955.879
DSC_8431.JPG_max_x: 1214.14
DSC_8431.JPG_min_x: 397.503
DSC_8431.JPG_max_y: 817.82
DSC_8431.JPG_min_y: 328.756
