3.050345911092405271e-01 -2.738682908401740002e-01 6.051106432618495319e+02
1.054538327486718129e-02 3.056301343854976316e-01 2.170499547744306597e+02
-1.089033957296155642e-04 -2.599767915028831249e-04 1.000000000000000000e+00
DSC_8257.JPG_max_x: 1260.82
DSC_8257.JPG_min_x: 18.5744
DSC_8257.JPG_max_y: 760.694
DSC_8257.JPG_min_y: 46.5406
DSC_8431.JPG_max_x: 1155.37
DSC_8431.JPG_min_x: 523.98
DSC_8431.JPG_max_y: 565.969
DSC_8431.JPG_min_y: 249.718
