4.412342255315057638e-01 -4.233443662526635287e-01 1.273280390493239111e+03
5.940679235590222429e-02 5.486433842324471843e-01 -4.606129529633616926e+02
-1.235092614412415665e-04 -2.147989092312054752e-04 1.000000000000000000e+00
DSC_8338.JPG_max_x: 309.918
DSC_8338.JPG_min_x: 20.1875
DSC_8338.JPG_max_y: 1517.77
DSC_8338.JPG_min_y: 1267.07
DSC_8367.JPG_max_x: 1241.71
DSC_8367.JPG_min_x: 995.257
DSC_8367.JPG_max_y: 602.382
DSC_8367.JPG_min_y: 332.047
