6.120714003779691659e+00 -5.538249224337494780e+00 5.110507932928177070e+03
7.579989648003224723e-01 3.034025770941831013e+00 -2.567872957622417744e+03
2.541823465104349478e-03 1.928929991738791584e-03 1.000000000000000000e+00
DSC_8258.JPG_max_x: 1292.11
DSC_8258.JPG_min_x: 537.486
DSC_8258.JPG_max_y: 1624.19
DSC_8258.JPG_min_y: 817.377
DSC_8455.JPG_max_x: 1246.21
DSC_8455.JPG_min_x: 190.147
DSC_8455.JPG_max_y: 549.556
DSC_8455.JPG_min_y: 160.187
