1.528213453884736950e+00 -8.579504227126638627e-02 -3.313309346355982825e+02
2.478084558254329064e-02 1.485755658319091177e+00 -5.292857870210013971e+02
-1.880347968445855912e-05 -4.290773664649593966e-05 9.999999999999998890e-01
DSC_8362.JPG_max_x: 884.501
DSC_8362.JPG_min_x: 324.687
DSC_8362.JPG_max_y: 1523.66
DSC_8362.JPG_min_y: 808.733
DSC_8418.JPG_max_x: 995.164
DSC_8418.JPG_min_x: 47.776
DSC_8418.JPG_max_y: 1871.72
DSC_8418.JPG_min_y: 685.9
