8.952297015435046745e-01 -3.420547143278745428e-01 3.670177727852535554e+02
1.566642941970083358e-01 3.213411628010435783e-01 3.126559704932330419e+02
2.107602411118842506e-04 -4.473666036188329084e-04 1.000000000000000000e+00
DSC_8411.JPG_max_x: 1058.63
DSC_8411.JPG_min_x: 30.5155
DSC_8411.JPG_max_y: 1048.73
DSC_8411.JPG_min_y: 254.872
DSC_8427.JPG_max_x: 1207.91
DSC_8427.JPG_min_x: 300.756
DSC_8427.JPG_max_y: 1207.57
DSC_8427.JPG_min_y: 459.387
