-2.293096124328055773e-03 1.093304340694013360e-01 -4.722817366216575863e+01
5.007608587509657441e-03 -5.456299649393010487e-01 8.832342053074178239e+02
2.311971954627172762e-05 -7.321065586019363542e-04 9.999999999999998890e-01
DSC_8322.JPG_max_x: 1239.58
DSC_8322.JPG_min_x: 382.906
DSC_8322.JPG_max_y: 1187.46
DSC_8322.JPG_min_y: 610.462
DSC_8394.JPG_max_x: 612.293
DSC_8394.JPG_min_x: 16.3923
DSC_8394.JPG_max_y: 1607.12
DSC_8394.JPG_min_y: 913.389
