1.616098719956899910e+00 -2.288135367448452806e-01 -8.085443252192166597e+01
-9.822907697550536943e-01 1.240170663861427158e+00 -3.870341428612690748e+01
-9.635359325463051065e-04 -1.841025668064977131e-04 1.000000000000000000e+00
DSC_8298.JPG_max_x: 397.032
DSC_8298.JPG_min_x: 194.272
DSC_8298.JPG_max_y: 1042.71
DSC_8298.JPG_min_y: 515.943
DSC_8406.JPG_max_x: 833.995
DSC_8406.JPG_min_x: 72.9785
DSC_8406.JPG_max_y: 1856.25
DSC_8406.JPG_min_y: 527.353
