6.117099986384214594e-01 3.857864060824572339e-01 4.810915091673499546e+02
-1.506771924294746934e-01 2.370570176734807966e+00 -2.023091011391623397e+03
-9.363450187015810765e-04 6.205173324486493473e-04 1.000000000000000000e+00
DSC_8248.JPG_max_x: 414.758
DSC_8248.JPG_min_x: 25.4435
DSC_8248.JPG_max_y: 1558.47
DSC_8248.JPG_min_y: 929.055
DSC_8459.JPG_max_x: 910.447
DSC_8459.JPG_min_x: 560.113
DSC_8459.JPG_max_y: 996.053
DSC_8459.JPG_min_y: 106.373
