4.174605975809399516e-01 -2.604917736447003307e-01 9.905353404683321514e+02
-2.743865171988703333e-02 1.057196296960966064e+00 -1.860557156333051694e+02
-5.513529791630988712e-04 2.475025805072482042e-04 1.000000000000000000e+00
DSC_8197.JPG_max_x: 844.247
DSC_8197.JPG_min_x: 234.736
DSC_8197.JPG_max_y: 1097.54
DSC_8197.JPG_min_y: 437.578
DSC_8215.JPG_max_x: 1330.39
DSC_8215.JPG_min_x: 741.816
DSC_8215.JPG_max_y: 1126.06
DSC_8215.JPG_min_y: 278.105
