3.088108390539217929e+00 -1.813182154443639393e-01 -1.314405658596202102e+03
9.022531621780031097e-01 2.057913992457706787e+00 -1.011993080901363101e+03
7.842837504255281266e-04 -1.798429888508922458e-04 1.000000000000000000e+00
DSC_8348.JPG_max_x: 1258.34
DSC_8348.JPG_min_x: 527.875
DSC_8348.JPG_max_y: 1106.17
DSC_8348.JPG_min_y: 579.266
DSC_8434.JPG_max_x: 1323.12
DSC_8434.JPG_min_x: 135.065
DSC_8434.JPG_max_y: 1429.39
DSC_8434.JPG_min_y: 504.408
