5.559337674416201525e-01 1.578542384186758241e-01 6.400820628834514991e+02
-1.174115952043938982e-01 9.803696101591917733e-01 1.246554736902018249e+03
-1.678781750702716487e-05 2.802958852545400954e-04 1.000000000000000000e+00
DSC_8253.JPG_max_x: 976.002
DSC_8253.JPG_min_x: 9.23827
DSC_8253.JPG_max_y: 946.32
DSC_8253.JPG_min_y: 592.647
DSC_8364.JPG_max_x: 1075.26
DSC_8364.JPG_min_x: 640.253
DSC_8364.JPG_max_y: 1712.12
DSC_8364.JPG_min_y: 1562.7
