6.385330018943607966e-01 3.504859643634907207e-01 -3.121336431713151569e+02
-4.102922171321966571e-01 5.501613262874756050e-01 7.545323056618190094e+02
-2.721914639595716316e-04 1.099449678171612275e-04 1.000000000000000000e+00
DSC_8326.JPG_max_x: 1287.87
DSC_8326.JPG_min_x: 18.505
DSC_8326.JPG_max_y: 1855.65
DSC_8326.JPG_min_y: 389.263
DSC_8456.JPG_max_x: 1017.89
DSC_8456.JPG_min_x: 107.253
DSC_8456.JPG_max_y: 1516.6
DSC_8456.JPG_min_y: 650.758
