7.468467679306034768e+01 2.549957711687231310e+01 -1.057469715445387847e+05
-9.508898402287247364e+00 1.026645844961528127e+02 -8.928981401201407425e+04
3.281479917278429942e-02 2.659089925849333208e-02 1.000000000000000000e+00
DSC_8216.JPG_max_x: 1293.7
DSC_8216.JPG_min_x: 788.544
DSC_8216.JPG_max_y: 1858.6
DSC_8216.JPG_min_y: 1460.48
DSC_8363.JPG_max_x: 376.231
DSC_8363.JPG_min_x: 7.41523
DSC_8363.JPG_max_y: 1232.59
DSC_8363.JPG_min_y: 707.319
