3.821188514273326398e+00 7.682682216734567637e-01 -2.573511353775068528e+03
-2.606406031431422743e-02 4.837916613106560071e+00 -4.912210730480772327e+03
-1.348110084756731601e-04 1.308512858566040485e-03 1.000000000000000000e+00
DSC_8346.JPG_max_x: 1318.9
DSC_8346.JPG_min_x: 533.171
DSC_8346.JPG_max_y: 1915.49
DSC_8346.JPG_min_y: 1080.36
DSC_8405.JPG_max_x: 1320.8
DSC_8405.JPG_min_x: 221.736
DSC_8405.JPG_max_y: 1266.27
DSC_8405.JPG_min_y: 122.592
