1.058617870140740935e+00 3.035105393994954048e-01 -9.307798146838424600e+02
-2.852572195505817532e-01 1.308221501137110110e+00 -1.021793678468219127e+03
3.964333050004834914e-04 1.735308826007025929e-04 1.000000000000000000e+00
DSC_8330.JPG_max_x: 1139.32
DSC_8330.JPG_min_x: 418.142
DSC_8330.JPG_max_y: 1956.14
DSC_8330.JPG_min_y: 1507.91
DSC_8377.JPG_max_x: 469.319
DSC_8377.JPG_min_x: 49.1397
DSC_8377.JPG_max_y: 867.384
DSC_8377.JPG_min_y: 372.106
