2.454280287964897000e-01 1.159248023170480601e-03 5.086160260928566572e+02
-2.595610155559801568e-01 4.538862242202207353e-01 3.370047276383523922e+02
-3.066769029954381645e-04 -6.130300308063639199e-05 1.000000000000000000e+00
DSC_8196.JPG_max_x: 1181.0
DSC_8196.JPG_min_x: 127.176
DSC_8196.JPG_max_y: 1515.48
DSC_8196.JPG_min_y: 609.058
DSC_8262.JPG_max_x: 1311.03
DSC_8262.JPG_min_x: 664.298
DSC_8262.JPG_max_y: 1267.65
DSC_8262.JPG_min_y: 568.588
