3.751970308566155432e-01 -1.837802967132819432e-01 6.727584170611655736e+02
-4.631260361556044369e-02 4.982840982503746741e-01 1.094527557927375710e+03
-1.165010885408983288e-04 -4.911915293389502161e-05 1.000000000000000000e+00
DSC_8307.JPG_max_x: 1240.32
DSC_8307.JPG_min_x: 171.212
DSC_8307.JPG_max_y: 754.977
DSC_8307.JPG_min_y: 136.31
DSC_8414.JPG_max_x: 1308.19
DSC_8414.JPG_min_x: 670.193
DSC_8414.JPG_max_y: 1708.92
DSC_8414.JPG_min_y: 1237.75
