9.344073270597793579e-01 9.453533707296245259e-02 1.495175612640657903e+02
-1.719563855553228257e-02 9.947138297014993524e-01 9.092518009016966118e+01
-1.213589327078708469e-05 5.899628767120012961e-05 1.000000000000000000e+00
DSC_8426.JPG_max_x: 1165.59
DSC_8426.JPG_min_x: 4.5789
DSC_8426.JPG_max_y: 1979.58
DSC_8426.JPG_min_y: 755.001
DSC_8442.JPG_max_x: 1283.07
DSC_8442.JPG_min_x: 289.131
DSC_8442.JPG_max_y: 1865.1
DSC_8442.JPG_min_y: 821.007
