1.521021417931225805e+00 -2.891219940404203270e-01 6.295213895320391657e+02
1.558651986943316414e+00 5.161949037719827382e-01 4.286321307699894874e+02
1.116739975963517524e-03 -2.143661879615936505e-04 1.000000000000000000e+00
DSC_8246.JPG_max_x: 1264.95
DSC_8246.JPG_min_x: 22.3849
DSC_8246.JPG_max_y: 1743.06
DSC_8246.JPG_min_y: 488.003
DSC_8476.JPG_max_x: 944.442
DSC_8476.JPG_min_x: 476.755
DSC_8476.JPG_max_y: 1823.66
DSC_8476.JPG_min_y: 1143.01
