8.123395134470013934e-01 1.449262026085711419e-01 6.448848025865176226e+01
1.995680329318527402e-01 1.044069836442176102e+00 4.291164676452404336e+01
2.086736690921194774e-04 2.162184415396284094e-04 1.000000000000000000e+00
DSC_8194.JPG_max_x: 1316.17
DSC_8194.JPG_min_x: 219.109
DSC_8194.JPG_max_y: 1422.68
DSC_8194.JPG_min_y: 617.248
DSC_8262.JPG_max_x: 849.314
DSC_8262.JPG_min_x: 300.015
DSC_8262.JPG_max_y: 1137.69
DSC_8262.JPG_min_y: 675.614
