1.097913762587733766e+00 -2.747769255558262791e-01 6.845578606300448143e+01
5.866950470777185928e-02 7.911336003157304342e-01 6.887795149338786587e+02
-1.113193955277825463e-04 -1.965650526843545996e-04 9.999999999999998890e-01
DSC_8279.JPG_max_x: 941.868
DSC_8279.JPG_min_x: 259.526
DSC_8279.JPG_max_y: 596.365
DSC_8279.JPG_min_y: 102.208
DSC_8439.JPG_max_x: 1247.15
DSC_8439.JPG_min_x: 243.472
DSC_8439.JPG_max_y: 1423.55
DSC_8439.JPG_min_y: 920.654
