2.101280277585860556e+00 2.975367059912606971e-01 -2.383396211220153873e+03
1.243470706447503016e+00 1.059767603653579915e+00 9.019985650283935001e+02
1.068922042606898623e-03 -4.893238159007971778e-04 1.000000000000000000e+00
DSC_8331.JPG_max_x: 1268.48
DSC_8331.JPG_min_x: 1029.61
DSC_8331.JPG_max_y: 1024.97
DSC_8331.JPG_min_y: 74.2411
DSC_8332.JPG_max_x: 208.17
DSC_8332.JPG_min_x: 33.8948
DSC_8332.JPG_max_y: 1993.76
DSC_8332.JPG_min_y: 1102.12
