-1.331525508073145048e+01 -1.139555390291569914e+01 -1.451095299392435209e+03
-1.384213673317508775e+00 -2.832043103956901930e+01 2.755280927188944406e+04
7.628820129963472842e-03 -2.143702865914901001e-02 9.999999999999998890e-01
DSC_8292.JPG_max_x: 824.77
DSC_8292.JPG_min_x: 35.0295
DSC_8292.JPG_max_y: 1447.78
DSC_8292.JPG_min_y: 1094.84
DSC_8337.JPG_max_x: 1288.66
DSC_8337.JPG_min_x: 639.82
DSC_8337.JPG_max_y: 619.036
DSC_8337.JPG_min_y: 198.599
