1.707463900638901633e+00 -8.143286369790660173e-02 -5.943978037973812434e+02
7.776859041760636471e-02 1.678835499802816544e+00 -8.135817748923143427e+02
1.389836209749557763e-05 -1.426835885775932924e-05 1.000000000000000000e+00
DSC_8376.JPG_max_x: 979.269
DSC_8376.JPG_min_x: 454.59
DSC_8376.JPG_max_y: 1563.13
DSC_8376.JPG_min_y: 880.627
DSC_8418.JPG_max_x: 995.164
DSC_8418.JPG_min_x: 72.9843
DSC_8418.JPG_max_y: 1871.72
DSC_8418.JPG_min_y: 685.9
