4.202661033444488048e-01 -1.823956364971843214e-01 7.052671866809478161e+02
2.691177082728577613e-02 4.854133248822640190e-01 1.132131478712821036e+02
-9.427546327143316587e-05 -7.971543814432179996e-05 1.000000000000000000e+00
DSC_8257.JPG_max_x: 1191.17
DSC_8257.JPG_min_x: 279.184
DSC_8257.JPG_max_y: 876.471
DSC_8257.JPG_min_y: 44.0253
DSC_8447.JPG_max_x: 1329.23
DSC_8447.JPG_min_x: 745.76
DSC_8447.JPG_max_y: 596.155
DSC_8447.JPG_min_y: 155.342
