-5.641884027369317156e-01 -3.171306151666925532e-01 1.001785204233676495e+03
-1.745616170455028537e-01 -5.661207409799222656e-01 8.729774111630867992e+02
-4.127534599306271904e-04 -4.838844162858913552e-04 9.999999999999998890e-01
DSC_8234.JPG_max_x: 1300.81
DSC_8234.JPG_min_x: 985.543
DSC_8234.JPG_max_y: 1331.05
DSC_8234.JPG_min_y: 993.07
DSC_8305.JPG_max_x: 1007.38
DSC_8305.JPG_min_x: 377.495
DSC_8305.JPG_max_y: 1293.51
DSC_8305.JPG_min_y: 131.007
