8.908976667493165857e-01 -4.953461146820612240e-03 5.843239098355070382e+02
1.097325837512716784e-01 5.966540418634048715e-01 3.164127405062237699e+02
1.619564983887300177e-04 -3.662745436393950537e-05 1.000000000000000000e+00
DSC_8410.JPG_max_x: 818.174
DSC_8410.JPG_min_x: 61.9624
DSC_8410.JPG_max_y: 1886.01
DSC_8410.JPG_min_y: 714.97
DSC_8474.JPG_max_x: 1229.71
DSC_8474.JPG_min_x: 662.249
DSC_8474.JPG_max_y: 1436.41
DSC_8474.JPG_min_y: 754.589
