-6.098257066458231436e-03 -9.244054209805352418e-02 9.275024419035291601e+01
-1.462960602761838314e-01 -1.624851645007153511e+00 1.326065884604124676e+03
-5.961221328411632362e-04 -7.782434594114236940e-04 1.000000000000000000e+00
DSC_8196.JPG_max_x: 1330.81
DSC_8196.JPG_min_x: 678.326
DSC_8196.JPG_max_y: 1771.08
DSC_8196.JPG_min_y: 744.103
DSC_8198.JPG_max_x: 1197.8
DSC_8198.JPG_min_x: 9.55524
DSC_8198.JPG_max_y: 1606.03
DSC_8198.JPG_min_y: 807.568
