6.931770916170547636e-01 2.005673275116711882e-02 1.811500338585384782e+02
-7.120309431267900224e-02 8.098952829084105076e-01 2.780049379353641825e+02
-9.107138898533262850e-05 5.115062188443323499e-05 1.000000000000000000e+00
DSC_8228.JPG_max_x: 1191.51
DSC_8228.JPG_min_x: 67.8227
DSC_8228.JPG_max_y: 1971.77
DSC_8228.JPG_min_y: 353.345
DSC_8244.JPG_max_x: 1059.42
DSC_8244.JPG_min_x: 258.185
DSC_8244.JPG_max_y: 1814.14
DSC_8244.JPG_min_y: 561.285
