1.352203361877502452e+00 -3.334598522112024871e-03 -4.411602471343418586e+01
-2.123012297759511169e-01 1.278639886172678652e+00 2.476263166383536145e+02
-4.161174074542411781e-06 -1.740472346073544132e-04 1.000000000000000000e+00
DSC_8199.JPG_max_x: 658.953
DSC_8199.JPG_min_x: 46.6552
DSC_8199.JPG_max_y: 937.843
DSC_8199.JPG_min_y: 81.9603
DSC_8419.JPG_max_x: 910.779
DSC_8419.JPG_min_x: 3.98625
DSC_8419.JPG_max_y: 1644.61
DSC_8419.JPG_min_y: 285.393
