-3.263384688856334481e-01 -9.616474829006875780e-01 1.285589391076151287e+03
-6.033316081705758505e-01 -6.190833804009635566e-01 9.731666960061799045e+02
-3.456385241260792347e-04 -7.266689765076359041e-04 1.000000000000000000e+00
DSC_8274.JPG_max_x: 1157.58
DSC_8274.JPG_min_x: 11.504
DSC_8274.JPG_max_y: 1276.9
DSC_8274.JPG_min_y: 594.751
DSC_8446.JPG_max_x: 1323.23
DSC_8446.JPG_min_x: 577.824
DSC_8446.JPG_max_y: 1633.7
DSC_8446.JPG_min_y: 979.278
