7.262405248609769826e-02 -6.253079114680214490e-01 8.194459872810634806e+02
-1.280564570298355909e-01 3.174900219733516327e-01 6.674482824759490995e+02
-5.997491837592321216e-04 -1.921786917435254049e-04 1.000000000000000000e+00
DSC_8249.JPG_max_x: 478.81
DSC_8249.JPG_min_x: 109.081
DSC_8249.JPG_max_y: 923.063
DSC_8249.JPG_min_y: 203.068
DSC_8459.JPG_max_x: 839.297
DSC_8459.JPG_min_x: 480.196
DSC_8459.JPG_max_y: 1652.21
DSC_8459.JPG_min_y: 813.582
