-9.731226778585113646e-01 7.519252218267125087e-01 7.847109302605815628e+02
-1.270879640385941922e+00 2.787015607409954576e+00 -2.161071734811161207e+02
-1.101937527789588608e-03 5.977662467731182250e-04 1.000000000000000000e+00
DSC_8197.JPG_max_x: 1024.69
DSC_8197.JPG_min_x: 24.0816
DSC_8197.JPG_max_y: 997.146
DSC_8197.JPG_min_y: 124.233
DSC_8359.JPG_max_x: 1166.55
DSC_8359.JPG_min_x: 729.391
DSC_8359.JPG_max_y: 1766.34
DSC_8359.JPG_min_y: 92.4362
