-5.969305177142833827e+02 -1.018558185370055469e+01 4.621926247422318556e+05
-7.524887000007150846e+02 5.987275211847277205e+02 4.846345856570425531e+04
-9.696626662499321370e-01 9.852275764372896427e-01 1.000000000000000000e+00
DSC_8217.JPG_max_x: 1324.97
DSC_8217.JPG_min_x: 433.51
DSC_8217.JPG_max_y: 886.988
DSC_8217.JPG_min_y: 119.545
DSC_8377.JPG_max_x: 852.953
DSC_8377.JPG_min_x: 14.2589
DSC_8377.JPG_max_y: 1180.32
DSC_8377.JPG_min_y: 605.755
