1.377140139633049598e+00 2.656312382391288196e-01 7.128370875365753534e+01
-6.814208471839817982e-02 1.495111357999288071e+00 3.459171977686951891e+02
-2.802537416214744654e-04 3.860158061107251781e-04 1.000000000000000000e+00
DSC_8333.JPG_max_x: 564.846
DSC_8333.JPG_min_x: 63.873
DSC_8333.JPG_max_y: 1120.44
DSC_8333.JPG_min_y: 99.0014
DSC_8437.JPG_max_x: 998.221
DSC_8437.JPG_min_x: 325.459
DSC_8437.JPG_max_y: 1426.85
DSC_8437.JPG_min_y: 507.72
