1.006626322129778650e+00 -1.312292670425504459e-01 -4.722988768979363385e+02
-3.963215204029932326e-01 9.132116464624604468e-01 1.586173890364975705e+02
-4.489268248704145854e-04 -1.628303648340837179e-04 9.999999999999998890e-01
DSC_8312.JPG_max_x: 961.426
DSC_8312.JPG_min_x: 642.39
DSC_8312.JPG_max_y: 1110.28
DSC_8312.JPG_min_y: 487.288
DSC_8406.JPG_max_x: 865.681
DSC_8406.JPG_min_x: 66.3956
DSC_8406.JPG_max_y: 1937.38
DSC_8406.JPG_min_y: 526.218
