-2.624233612235174107e+01 -2.094123074781780858e+01 9.617489189836138394e+03
-4.109411243445350692e+01 -1.996921559512929605e+02 1.563785544844168544e+04
-2.999045822327249533e-02 -1.168332770276411248e-01 1.000000000000000000e+00
DSC_8323.JPG_max_x: 1173.43
DSC_8323.JPG_min_x: 148.543
DSC_8323.JPG_max_y: 691.752
DSC_8323.JPG_min_y: 45.2464
DSC_8338.JPG_max_x: 671.602
DSC_8338.JPG_min_x: 84.1634
DSC_8338.JPG_max_y: 1614.2
DSC_8338.JPG_min_y: 1051.26
