8.135785359268240535e-01 3.130392037173552744e-01 -1.194428087846559947e+03
-3.063030927039475659e-01 9.020142699027315913e-01 -5.229632313387760405e+02
-5.961585208939806285e-06 2.500325646238236825e-04 9.999999999999998890e-01
DSC_8222.JPG_max_x: 1297.57
DSC_8222.JPG_min_x: 997.508
DSC_8222.JPG_max_y: 1775.8
DSC_8222.JPG_min_y: 1457.64
DSC_8413.JPG_max_x: 275.373
DSC_8413.JPG_min_x: 61.7671
DSC_8413.JPG_max_y: 487.905
DSC_8413.JPG_min_y: 341.351
