2.945269776725844002e-01 -6.114355547064619367e-01 6.915624206058764685e+02
-9.426198297305354162e-03 6.209430768155830282e-01 4.509965255217435356e+02
-3.794926234911742084e-04 -7.620374005469733516e-06 1.000000000000000000e+00
DSC_8233.JPG_max_x: 1147.54
DSC_8233.JPG_min_x: 145.896
DSC_8233.JPG_max_y: 1096.11
DSC_8233.JPG_min_y: 262.501
DSC_8459.JPG_max_x: 871.766
DSC_8459.JPG_min_x: 466.165
DSC_8459.JPG_max_y: 1947.25
DSC_8459.JPG_min_y: 718.574
