4.673695575868951346e-01 1.142641602059925460e-01 2.281631076966393721e+02
-4.207822857049799137e-03 5.848370051690524596e-01 3.254629179988217516e+02
-8.873519284430780700e-05 3.726593456746858267e-04 1.000000000000000000e+00
DSC_8227.JPG_max_x: 1299.55
DSC_8227.JPG_min_x: 42.2549
DSC_8227.JPG_max_y: 914.19
DSC_8227.JPG_min_y: 201.84
DSC_8475.JPG_max_x: 868.196
DSC_8475.JPG_min_x: 257.374
DSC_8475.JPG_max_y: 647.267
DSC_8475.JPG_min_y: 445.571
