-3.132584200640813776e+00 3.546653470554378185e+00 8.791633760574177359e+02
-7.716694615943731961e+00 9.822318414129085795e+00 -9.670488158403750276e+02
-6.431948432437458937e-03 5.781043326638760776e-03 9.999999999999998890e-01
DSC_8274.JPG_max_x: 848.846
DSC_8274.JPG_min_x: 84.0752
DSC_8274.JPG_max_y: 1334.43
DSC_8274.JPG_min_y: 615.569
DSC_8380.JPG_max_x: 900.416
DSC_8380.JPG_min_x: 653.996
DSC_8380.JPG_max_y: 1731.52
DSC_8380.JPG_min_y: 1090.46
