-4.192864180283886744e-01 1.861261275869746101e-01 1.169746066831915414e+03
-9.481773970678512020e-01 9.481900021015196023e-01 3.077992410922960289e+02
-9.703794275199715191e-04 2.441308366627564731e-04 9.999999999999998890e-01
DSC_8258.JPG_max_x: 322.085
DSC_8258.JPG_min_x: 40.7926
DSC_8258.JPG_max_y: 1358.57
DSC_8258.JPG_min_y: 694.014
DSC_8352.JPG_max_x: 1323.65
DSC_8352.JPG_min_x: 1106.07
DSC_8352.JPG_max_y: 1239.57
DSC_8352.JPG_min_y: 815.672
