2.873658773488048102e+00 5.257960961675826189e-02 -4.307466035617937337e+02
-4.595138281350298115e+00 8.918642827647405014e+00 -2.252324349992973566e+03
-3.604153140230862210e-03 4.205636173288277400e-03 1.000000000000000000e+00
DSC_8248.JPG_max_x: 852.528
DSC_8248.JPG_min_x: 206.959
DSC_8248.JPG_max_y: 1400.16
DSC_8248.JPG_min_y: 605.401
DSC_8362.JPG_max_x: 1311.74
DSC_8362.JPG_min_x: 66.4495
DSC_8362.JPG_max_y: 1771.51
DSC_8362.JPG_min_y: 786.852
