-1.958882627144374222e+00 -8.434036276075789207e-01 1.158730247914137635e+03
-8.263382033686260397e-02 -2.438271749691824031e+00 2.577549425142593918e+03
-2.226838812844692244e-04 -1.152659665059408475e-03 1.000000000000000000e+00
DSC_8220.JPG_max_x: 317.908
DSC_8220.JPG_min_x: 176.33
DSC_8220.JPG_max_y: 1204.0
DSC_8220.JPG_min_y: 1080.24
DSC_8289.JPG_max_x: 1116.74
DSC_8289.JPG_min_x: 448.055
DSC_8289.JPG_max_y: 842.824
DSC_8289.JPG_min_y: 259.339
