-3.967265478362256292e-01 -4.750297272386742875e-02 3.815865942960372763e+02
-8.748125547593245122e-01 -9.308422807744475003e-02 8.315004787577698835e+02
-1.039351930082481508e-03 -1.249212170189827867e-04 1.000000000000000000e+00
DSC_8262.JPG_max_x: 880.967
DSC_8262.JPG_min_x: 92.6839
DSC_8262.JPG_max_y: 995.047
DSC_8262.JPG_min_y: 732.19
DSC_8386.JPG_max_x: 886.341
DSC_8386.JPG_min_x: 79.6733
DSC_8386.JPG_max_y: 1789.77
DSC_8386.JPG_min_y: 364.581
