8.438128252032701671e-01 -1.940514137108888315e+00 8.636138750659937386e+02
1.651947656071639958e+00 -8.762375815561451731e+00 4.483416064726578043e+03
-2.862788656803631131e-04 -4.251041696258009255e-03 1.000000000000000000e+00
DSC_8383.JPG_max_x: 1304.15
DSC_8383.JPG_min_x: 285.448
DSC_8383.JPG_max_y: 1597.18
DSC_8383.JPG_min_y: 590.801
DSC_8385.JPG_max_x: 359.764
DSC_8385.JPG_min_x: 26.1462
DSC_8385.JPG_max_y: 1268.17
DSC_8385.JPG_min_y: 132.684
