-8.011489733978481853e-01 -5.359446685895625784e-01 6.992117652058833528e+02
-2.731493440846506915e-01 -1.112607510808121258e+00 1.294046776539746816e+03
-7.211123748391665318e-04 -9.724721394493793941e-04 1.000000000000000000e+00
DSC_8222.JPG_max_x: 687.971
DSC_8222.JPG_min_x: 157.897
DSC_8222.JPG_max_y: 1552.02
DSC_8222.JPG_min_y: 1124.05
DSC_8453.JPG_max_x: 737.967
DSC_8453.JPG_min_x: 320.492
DSC_8453.JPG_max_y: 787.255
DSC_8453.JPG_min_y: 218.396
