7.555355734141027124e-01 9.909364153958488686e-02 2.521768248282382956e+02
5.024852880576679941e-03 8.432549327698145580e-01 1.157955383615625209e+02
-5.662153284521697716e-05 5.906527763444806273e-05 1.000000000000000000e+00
DSC_8349.JPG_max_x: 956.208
DSC_8349.JPG_min_x: 70.7271
DSC_8349.JPG_max_y: 1417.28
DSC_8349.JPG_min_y: 283.492
DSC_8363.JPG_max_x: 1047.91
DSC_8363.JPG_min_x: 376.231
DSC_8363.JPG_max_y: 1251.12
DSC_8363.JPG_min_y: 375.691
