9.299056160976731933e-02 -3.173588436596123663e-01 3.923047974969517782e+02
-4.346826740089851371e-01 2.982724491470581940e-01 2.346651528483364757e+02
-4.034110650164887788e-04 -2.980531283387533622e-04 9.999999999999998890e-01
DSC_8234.JPG_max_x: 1293.74
DSC_8234.JPG_min_x: 852.969
DSC_8234.JPG_max_y: 1331.05
DSC_8234.JPG_min_y: 952.936
DSC_8289.JPG_max_x: 1116.74
DSC_8289.JPG_min_x: 448.055
DSC_8289.JPG_max_y: 842.824
DSC_8289.JPG_min_y: 259.339
