-3.821822566259787668e-01 4.784606492769734043e-01 7.685932253283823457e+01
-3.021405044208934410e+00 2.526839213391056216e+00 -3.902090213158907659e+02
-2.577241085688540979e-03 1.075483929773194975e-03 1.000000000000000000e+00
DSC_8198.JPG_max_x: 1307.57
DSC_8198.JPG_min_x: 345.822
DSC_8198.JPG_max_y: 1533.71
DSC_8198.JPG_min_y: 905.255
DSC_8437.JPG_max_x: 886.772
DSC_8437.JPG_min_x: 29.2872
DSC_8437.JPG_max_y: 1435.0
DSC_8437.JPG_min_y: 114.601
