-1.355332946877535027e+00 -2.383550807417824935e-01 3.746565777084760498e+02
-1.943319709716539556e+00 -4.824427445300388806e-01 6.949201437840928293e+02
-3.581643129193446545e-03 -6.677605589739121772e-04 1.000000000000000000e+00
DSC_8252.JPG_max_x: 1166.13
DSC_8252.JPG_min_x: 23.6754
DSC_8252.JPG_max_y: 1948.21
DSC_8252.JPG_min_y: 569.577
DSC_8471.JPG_max_x: 833.226
DSC_8471.JPG_min_x: 32.2248
DSC_8471.JPG_max_y: 924.925
DSC_8471.JPG_min_y: 85.8122
