2.510348983807273893e+00 1.403413164571753469e-01 -1.344203720011548967e+03
1.418341762325858069e+00 2.641488183391699884e+00 -1.158647633402889142e+03
1.325498436794881772e-03 -2.135718011921866900e-05 9.999999999999998890e-01
DSC_8448.JPG_max_x: 1314.93
DSC_8448.JPG_min_x: 550.945
DSC_8448.JPG_max_y: 1166.07
DSC_8448.JPG_min_y: 716.684
DSC_8470.JPG_max_x: 764.03
DSC_8470.JPG_min_x: 79.913
DSC_8470.JPG_max_y: 1442.62
DSC_8470.JPG_min_y: 883.551
