7.993761568008284080e-02 -4.289222119001857014e-01 1.032285242366280727e+03
-6.417357116601370148e-02 3.701117456942744632e-01 3.918903213365155125e+02
-2.937863637544615384e-04 -1.793568600483949778e-04 1.000000000000000000e+00
DSC_8213.JPG_max_x: 744.394
DSC_8213.JPG_min_x: 271.012
DSC_8213.JPG_max_y: 1150.69
DSC_8213.JPG_min_y: 647.568
DSC_8341.JPG_max_x: 1163.66
DSC_8341.JPG_min_x: 898.87
DSC_8341.JPG_max_y: 1283.61
DSC_8341.JPG_min_y: 751.724
