-7.494195661684681653e-01 -7.464812039877204430e-01 1.216993688264903312e+03
-1.565034917968847750e-01 -9.067934392866949800e-01 1.097187421676250551e+03
-5.835360414347777599e-04 -7.617221870073668903e-04 1.000000000000000000e+00
DSC_8254.JPG_max_x: 924.596
DSC_8254.JPG_min_x: 95.9133
DSC_8254.JPG_max_y: 1845.22
DSC_8254.JPG_min_y: 1077.77
DSC_8287.JPG_max_x: 853.355
DSC_8287.JPG_min_x: 368.397
DSC_8287.JPG_max_y: 1249.81
DSC_8287.JPG_min_y: 86.8335
