1.066878987498985687e+00 -6.980743980201964405e-02 -2.036990358567424266e+02
-3.645198034758283523e-01 1.114193550890900664e+00 2.075803839258354913e+02
-1.773416332440799705e-04 -1.470433712156135543e-04 1.000000000000000000e+00
DSC_8377.JPG_max_x: 990.094
DSC_8377.JPG_min_x: 281.142
DSC_8377.JPG_max_y: 1101.12
DSC_8377.JPG_min_y: 583.124
DSC_8419.JPG_max_x: 1111.41
DSC_8419.JPG_min_x: 3.98625
DSC_8419.JPG_max_y: 1650.99
DSC_8419.JPG_min_y: 821.482
