6.975967988365777694e-01 -4.923124693260650386e-01 7.822896843998088343e+02
8.927287457498234158e-02 1.717184653610664968e-01 9.824280878452395882e+02
8.926111860991517503e-06 -3.450344103121534252e-04 1.000000000000000000e+00
DSC_8313.JPG_max_x: 803.658
DSC_8313.JPG_min_x: 110.169
DSC_8313.JPG_max_y: 844.903
DSC_8313.JPG_min_y: 12.6249
DSC_8456.JPG_max_x: 1315.44
DSC_8456.JPG_min_x: 284.813
DSC_8456.JPG_max_y: 1651.95
DSC_8456.JPG_min_y: 935.979
