-1.026071078354977351e+00 -2.313245990031057298e-01 8.820087750655266063e+02
-1.292941043963788728e+00 -6.010597221610854968e-01 1.337102495007193284e+03
-1.203301960462743129e-03 -3.384100921490498185e-04 1.000000000000000000e+00
DSC_8200.JPG_max_x: 1292.74
DSC_8200.JPG_min_x: 413.252
DSC_8200.JPG_max_y: 1497.84
DSC_8200.JPG_min_y: 845.549
DSC_8336.JPG_max_x: 1241.93
DSC_8336.JPG_min_x: 25.5258
DSC_8336.JPG_max_y: 1573.71
DSC_8336.JPG_min_y: 603.273
