8.827372456314586113e-01 -2.204256999970821140e-01 5.495845737459650593e+01
4.117792574521418560e-05 7.866984489088327814e-01 9.047065643614665760e+02
-2.832090763316907903e-05 6.970785962246232577e-05 1.000000000000000000e+00
DSC_8275.JPG_max_x: 1121.04
DSC_8275.JPG_min_x: 104.167
DSC_8275.JPG_max_y: 558.819
DSC_8275.JPG_min_y: 152.618
DSC_8294.JPG_max_x: 1025.87
DSC_8294.JPG_min_x: 83.2193
DSC_8294.JPG_max_y: 1295.33
DSC_8294.JPG_min_y: 1030.65
