2.737210999606278783e+00 8.119026660459865985e-01 -1.145948888918014973e+03
-1.222057861167799714e-01 3.180154186941102523e+00 -3.619873824109511133e+03
2.664380809866770603e-05 1.024159322461801799e-03 1.000000000000000000e+00
DSC_8364.JPG_max_x: 1210.78
DSC_8364.JPG_min_x: 333.467
DSC_8364.JPG_max_y: 1687.01
DSC_8364.JPG_min_y: 1164.0
DSC_8399.JPG_max_x: 1301.79
DSC_8399.JPG_min_x: 337.299
DSC_8399.JPG_max_y: 592.066
DSC_8399.JPG_min_y: 10.147
