-5.666950521562362786e-01 -1.784664095820031882e-01 7.758638275616534656e+02
-4.120499488168591351e-01 -4.777069029903173725e-01 9.634330381247638115e+02
-1.053873749556464299e-03 -1.415565314008080527e-04 1.000000000000000000e+00
DSC_8296.JPG_max_x: 1304.27
DSC_8296.JPG_min_x: 41.0533
DSC_8296.JPG_max_y: 1852.0
DSC_8296.JPG_min_y: 498.142
DSC_8299.JPG_max_x: 744.414
DSC_8299.JPG_min_x: 81.807
DSC_8299.JPG_max_y: 782.943
DSC_8299.JPG_min_y: 25.3749
