1.426434437078287321e+00 -1.474933381555598895e-02 -6.003675055037978154e+02
2.216533786194618827e-01 1.555841144294215495e+00 -5.609529715579852791e+02
2.557351114629336539e-04 8.826184482371050106e-06 1.000000000000000000e+00
DSC_8230.JPG_max_x: 1251.56
DSC_8230.JPG_min_x: 627.967
DSC_8230.JPG_max_y: 1284.84
DSC_8230.JPG_min_y: 524.325
DSC_8328.JPG_max_x: 877.931
DSC_8328.JPG_min_x: 239.525
DSC_8328.JPG_max_y: 1303.47
DSC_8328.JPG_min_y: 394.726
