-9.166764536747343817e-01 -1.815944092665952025e-01 3.996049545015017088e+02
-2.685804009018756489e+00 7.075904409789055549e-01 1.065153294108348291e+03
-2.349252795650494732e-03 4.293970227083572576e-04 1.000000000000000000e+00
DSC_8237.JPG_max_x: 944.357
DSC_8237.JPG_min_x: 225.442
DSC_8237.JPG_max_y: 1237.19
DSC_8237.JPG_min_y: 169.907
DSC_8269.JPG_max_x: 1024.17
DSC_8269.JPG_min_x: 81.1691
DSC_8269.JPG_max_y: 1226.37
DSC_8269.JPG_min_y: 891.887
