-4.959771469821976919e-01 -3.597957596815837267e-01 9.126337417947606809e+02
-2.679402216361141398e-01 -2.722034353124681560e-01 5.826811675915358819e+02
-8.682941328774486595e-04 -2.361582558145666982e-04 1.000000000000000000e+00
DSC_8200.JPG_max_x: 1304.22
DSC_8200.JPG_min_x: 653.824
DSC_8200.JPG_max_y: 1440.63
DSC_8200.JPG_min_y: 1131.58
DSC_8353.JPG_max_x: 674.99
DSC_8353.JPG_min_x: 48.4257
DSC_8353.JPG_max_y: 554.95
DSC_8353.JPG_min_y: 96.371
