2.148493734218869466e+00 -9.558639309435906783e-02 -1.392675009514101987e+02
8.036219876801131701e-01 5.322941681803252223e+00 -1.187078114346815596e+02
1.407208262510418421e-03 4.788324429817348432e-03 1.000000000000000000e+00
DSC_8229.JPG_max_x: 1037.82
DSC_8229.JPG_min_x: 104.933
DSC_8229.JPG_max_y: 927.451
DSC_8229.JPG_min_y: 103.479
DSC_8457.JPG_max_x: 663.886
DSC_8457.JPG_min_x: 50.692
DSC_8457.JPG_max_y: 958.155
DSC_8457.JPG_min_y: 264.836
