1.073960562502046967e+00 -5.260039114803064658e-02 3.866358845519821443e+02
4.360295214503598360e-01 3.768799794962908178e-01 3.490521232011033135e+02
4.500541372592016965e-04 -3.419942504521612673e-04 9.999999999999998890e-01
DSC_8219.JPG_max_x: 509.628
DSC_8219.JPG_min_x: 100.901
DSC_8219.JPG_max_y: 1096.01
DSC_8219.JPG_min_y: 511.883
DSC_8377.JPG_max_x: 958.822
DSC_8377.JPG_min_x: 548.482
DSC_8377.JPG_max_y: 1173.48
DSC_8377.JPG_min_y: 664.501
