9.910568452766480574e-01 2.672896353019648674e-01 5.654663454459743832e+01
6.821267386676654887e-01 6.301771984603918852e-01 1.086263583893371560e+03
4.679030443829965006e-04 7.600149772954848727e-05 1.000000000000000000e+00
DSC_8225.JPG_max_x: 1143.29
DSC_8225.JPG_min_x: 193.424
DSC_8225.JPG_max_y: 1462.67
DSC_8225.JPG_min_y: 298.797
DSC_8444.JPG_max_x: 1031.89
DSC_8444.JPG_min_x: 395.686
DSC_8444.JPG_max_y: 1701.23
DSC_8444.JPG_min_y: 1272.8
