5.140825723852369578e+01 2.977120723456560825e+01 2.088745630212383548e+04
1.948471986464277350e+01 9.676362184817789114e+01 -1.273104135925647424e+05
-1.948718306072201589e-02 4.408999385698968848e-02 9.999999999999998890e-01
DSC_8198.JPG_max_x: 327.95
DSC_8198.JPG_min_x: 13.6996
DSC_8198.JPG_max_y: 1747.15
DSC_8198.JPG_min_y: 1400.75
DSC_8217.JPG_max_x: 1324.97
DSC_8217.JPG_min_x: 986.959
DSC_8217.JPG_max_y: 596.027
DSC_8217.JPG_min_y: 149.641
