4.678600371358142551e-01 -7.096895643169077728e-01 6.966932550845027663e+02
2.476979031895294447e-01 -5.147726510454521121e-01 1.305047363229036819e+03
-3.545745736831763323e-05 -6.665951729428240937e-04 1.000000000000000000e+00
DSC_8311.JPG_max_x: 397.701
DSC_8311.JPG_min_x: 195.646
DSC_8311.JPG_max_y: 721.889
DSC_8311.JPG_min_y: 521.204
DSC_8426.JPG_max_x: 780.395
DSC_8426.JPG_min_x: 609.405
DSC_8426.JPG_max_y: 1979.58
DSC_8426.JPG_min_y: 1694.93
