1.942454414584276479e-01 -2.975821598008446256e-01 9.767264915933552629e+02
-4.065274395511153660e-01 4.345108777951293133e-01 1.158614670137837493e+03
-3.705865893551176654e-04 -1.081803518744236527e-04 1.000000000000000000e+00
DSC_8323.JPG_max_x: 610.57
DSC_8323.JPG_min_x: 30.0915
DSC_8323.JPG_max_y: 746.001
DSC_8323.JPG_min_y: 183.539
DSC_8414.JPG_max_x: 1309.46
DSC_8414.JPG_min_x: 850.731
DSC_8414.JPG_max_y: 1715.13
DSC_8414.JPG_min_y: 1267.84
