-1.376877039498339883e+01 -8.261797975133866601e+00 1.175094906908164376e+04
-6.280440980610408896e-01 -1.734633647280423929e+01 1.469741728289271123e+04
-4.080678054139147068e-03 -1.190993832457805379e-02 1.000000000000000000e+00
DSC_8254.JPG_max_x: 1319.18
DSC_8254.JPG_min_x: 443.054
DSC_8254.JPG_max_y: 1702.92
DSC_8254.JPG_min_y: 1072.82
DSC_8447.JPG_max_x: 889.725
DSC_8447.JPG_min_x: 275.103
DSC_8447.JPG_max_y: 700.237
DSC_8447.JPG_min_y: 279.216
