8.425233912556446825e+00 1.613112777344714255e+00 -5.057933785079770132e+03
2.896694013093039088e-01 9.556933170235538455e+00 -1.074388251000335549e+04
4.625685298868926175e-04 2.469426051159533033e-03 1.000000000000000000e+00
DSC_8398.JPG_max_x: 1067.42
DSC_8398.JPG_min_x: 401.431
DSC_8398.JPG_max_y: 1647.43
DSC_8398.JPG_min_y: 1109.25
DSC_8433.JPG_max_x: 1322.75
DSC_8433.JPG_min_x: 58.9284
DSC_8433.JPG_max_y: 962.712
DSC_8433.JPG_min_y: 25.1964
