6.812213096809494495e+00 7.515775741353864170e+00 -1.226598666267504632e+04
2.810931778384110302e+01 1.218338021683372219e+01 -2.366932669819987859e+04
1.646273352003228135e-02 -4.456594364705137104e-03 1.000000000000000000e+00
DSC_8216.JPG_max_x: 1313.88
DSC_8216.JPG_min_x: 225.713
DSC_8216.JPG_max_y: 1286.91
DSC_8216.JPG_min_y: 690.087
DSC_8400.JPG_max_x: 1021.9
DSC_8400.JPG_min_x: 8.26983
DSC_8400.JPG_max_y: 1671.66
DSC_8400.JPG_min_y: 921.677
