5.829908542909162383e-01 -1.809275381259739246e-01 5.023217106757913086e+01
-7.764583335130714227e-03 7.096748916605489788e-01 1.289329448942071622e+03
-4.185185474360743839e-05 1.144456144517423955e-04 1.000000000000000000e+00
DSC_8227.JPG_max_x: 1299.55
DSC_8227.JPG_min_x: 42.2549
DSC_8227.JPG_max_y: 603.862
DSC_8227.JPG_min_y: 226.921
DSC_8442.JPG_max_x: 762.823
DSC_8442.JPG_min_x: 14.4047
DSC_8442.JPG_max_y: 1613.96
DSC_8442.JPG_min_y: 1452.29
