2.354843806294103725e+00 8.000138563365004618e-01 -1.352896058118696828e+03
-3.300469069278055834e-01 2.904509272531460518e+00 -2.804760265202019127e+03
-8.338520959149458311e-06 8.333435490370621861e-04 1.000000000000000000e+00
DSC_8318.JPG_max_x: 1063.32
DSC_8318.JPG_min_x: 208.796
DSC_8318.JPG_max_y: 1986.3
DSC_8318.JPG_min_y: 1051.83
DSC_8319.JPG_max_x: 1044.34
DSC_8319.JPG_min_x: 48.7236
DSC_8319.JPG_max_y: 1017.13
DSC_8319.JPG_min_y: 39.5775
