1.343959121912918553e+00 -8.771525793058586318e-02 -1.130741682519764311e+02
8.681498644982885149e-02 1.154705780961436945e+00 1.994085557096571790e+02
6.773828071515270940e-05 -5.425137541901592868e-05 1.000000000000000000e+00
DSC_8351.JPG_max_x: 1079.18
DSC_8351.JPG_min_x: 165.063
DSC_8351.JPG_max_y: 618.365
DSC_8351.JPG_min_y: 41.6965
DSC_8433.JPG_max_x: 1227.24
DSC_8433.JPG_min_x: 96.8358
DSC_8433.JPG_max_y: 962.712
DSC_8433.JPG_min_y: 264.443
