5.464489940337784013e+00 -1.097172105230028588e-01 -2.614317186931839842e+03
1.852347555683228064e+00 2.498334112555461228e+00 -1.469380776260458106e+03
1.384899368628020018e-03 -2.808630355974268728e-04 1.000000000000000000e+00
DSC_8328.JPG_max_x: 875.645
DSC_8328.JPG_min_x: 689.391
DSC_8328.JPG_max_y: 1303.47
DSC_8328.JPG_min_y: 598.803
DSC_8374.JPG_max_x: 1055.35
DSC_8374.JPG_min_x: 624.898
DSC_8374.JPG_max_y: 1864.55
DSC_8374.JPG_min_y: 811.699
