6.473351129196129872e-01 -1.304619239285331966e+00 8.681882297435604414e+02
1.499346843429691267e+00 -2.057346894962727823e+00 9.761431136066626095e+02
3.109301521892508455e-03 -3.606446512222974670e-03 1.000000000000000000e+00
DSC_8286.JPG_max_x: 1296.73
DSC_8286.JPG_min_x: 668.105
DSC_8286.JPG_max_y: 1756.53
DSC_8286.JPG_min_y: 1184.35
DSC_8453.JPG_max_x: 559.353
DSC_8453.JPG_min_x: 111.909
DSC_8453.JPG_max_y: 1031.41
DSC_8453.JPG_min_y: 228.09
