7.784888969080030474e-01 -2.608187572762799555e-01 2.299108778978354906e+02
-2.280859849443118496e-05 2.698335080742296221e-01 1.089960507360446627e+03
-2.006227157385430840e-05 -3.469278184214518324e-04 1.000000000000000000e+00
DSC_8365.JPG_max_x: 1209.32
DSC_8365.JPG_min_x: 11.5587
DSC_8365.JPG_max_y: 749.356
DSC_8365.JPG_min_y: 36.8249
DSC_8398.JPG_max_x: 1295.08
DSC_8398.JPG_min_x: 145.874
DSC_8398.JPG_max_y: 1772.71
DSC_8398.JPG_min_y: 1117.95
