6.180787898343799436e-02 -3.737310075466921400e-01 3.987952503271866362e+02
-2.804743705043372115e-01 -9.686004342245067011e-01 1.497494159713594172e+03
-1.806155540907736885e-04 -6.632463802559289976e-04 1.000000000000000000e+00
DSC_8211.JPG_max_x: 1200.54
DSC_8211.JPG_min_x: 22.4226
DSC_8211.JPG_max_y: 1295.7
DSC_8211.JPG_min_y: 382.443
DSC_8442.JPG_max_x: 736.585
DSC_8442.JPG_min_x: 169.254
DSC_8442.JPG_max_y: 1710.55
DSC_8442.JPG_min_y: 864.451
