9.573237593703913806e-01 2.228170263152918357e-02 -3.502807258391013647e+02
5.033088459715023832e-01 1.067227016364040298e-01 8.934565741505376764e+02
4.596498426273797804e-04 -5.622310079161316762e-04 1.000000000000000000e+00
DSC_8445.JPG_max_x: 1262.34
DSC_8445.JPG_min_x: 398.856
DSC_8445.JPG_max_y: 822.465
DSC_8445.JPG_min_y: 415.814
DSC_8454.JPG_max_x: 1009.27
DSC_8454.JPG_min_x: 72.1097
DSC_8454.JPG_max_y: 1505.61
DSC_8454.JPG_min_y: 1193.55
