1.921397143843657673e+00 1.514833808258909953e-01 -7.939828549604535510e+02
4.085384431332203525e-01 1.761133080807416595e+00 -6.915042479052258386e+02
5.684121339150688314e-04 2.821926990974588079e-04 1.000000000000000000e+00
DSC_8238.JPG_max_x: 1317.65
DSC_8238.JPG_min_x: 313.257
DSC_8238.JPG_max_y: 1631.05
DSC_8238.JPG_min_y: 734.498
DSC_8306.JPG_max_x: 929.698
DSC_8306.JPG_min_x: 15.432
DSC_8306.JPG_max_y: 1299.68
DSC_8306.JPG_min_y: 582.092
