3.325666665250178178e-01 -2.989610181956819379e-01 8.579221371549120079e+01
-4.349030569263313550e-01 5.103005642204780923e-01 1.223220938724912912e+03
-3.560229830635222429e-04 1.211959335459706917e-04 1.000000000000000000e+00
DSC_8321.JPG_max_x: 1172.69
DSC_8321.JPG_min_x: 471.845
DSC_8321.JPG_max_y: 849.995
DSC_8321.JPG_min_y: 56.1179
DSC_8366.JPG_max_x: 589.557
DSC_8366.JPG_min_x: 47.4078
DSC_8366.JPG_max_y: 1577.98
DSC_8366.JPG_min_y: 1244.27
