2.040313769583779191e+00 5.912096909062799499e-01 -9.449007276675325784e+02
-2.578367765762785702e-01 2.526671263698646808e+00 -2.351811490547394442e+03
-6.637301504350246427e-05 7.097858404368327526e-04 1.000000000000000000e+00
DSC_8328.JPG_max_x: 1307.14
DSC_8328.JPG_min_x: 198.766
DSC_8328.JPG_max_y: 1943.29
DSC_8328.JPG_min_y: 975.61
DSC_8329.JPG_max_x: 1307.51
DSC_8329.JPG_min_x: 19.4296
DSC_8329.JPG_max_y: 1040.71
DSC_8329.JPG_min_y: 13.7676
