-7.828545037219577368e-03 1.163860308823428877e-02 1.063184963611948660e+03
-5.145506068812996103e-01 5.265072908049482914e-01 6.486903021375256913e+02
-4.515198290643130221e-04 1.189601053251859231e-05 1.000000000000000000e+00
DSC_8208.JPG_max_x: 360.572
DSC_8208.JPG_min_x: 22.5411
DSC_8208.JPG_max_y: 1832.63
DSC_8208.JPG_min_y: 817.461
DSC_8396.JPG_max_x: 1258.25
DSC_8396.JPG_min_x: 1070.03
DSC_8396.JPG_max_y: 1619.53
DSC_8396.JPG_min_y: 1058.09
