6.696815800409402497e-01 6.024756503633764693e-01 -4.977595272135043274e+02
3.190969760753368245e-01 7.905984997104864576e-01 -6.562734123260506749e+02
-5.233701732344780847e-04 -3.143280870171204141e-05 1.000000000000000000e+00
DSC_8278.JPG_max_x: 869.38
DSC_8278.JPG_min_x: 272.473
DSC_8278.JPG_max_y: 1619.37
DSC_8278.JPG_min_y: 564.783
DSC_8423.JPG_max_x: 1291.12
DSC_8423.JPG_min_x: 193.027
DSC_8423.JPG_max_y: 1299.96
DSC_8423.JPG_min_y: 199.627
