7.480859640106178876e-01 7.053606009647667022e-04 -1.028872275978879713e+02
2.581802766569560315e-01 8.172846257152404092e-01 3.093851618374624195e+02
1.939803234464830670e-04 1.203356798957882617e-04 1.000000000000000000e+00
DSC_8208.JPG_max_x: 1137.65
DSC_8208.JPG_min_x: 154.251
DSC_8208.JPG_max_y: 1990.06
DSC_8208.JPG_min_y: 816.895
DSC_8394.JPG_max_x: 503.585
DSC_8394.JPG_min_x: 16.3923
DSC_8394.JPG_max_y: 1524.07
DSC_8394.JPG_min_y: 913.389
