1.117542248257345960e+01 -4.281578523612381004e-01 -5.664891161554152859e+03
3.985252600254993727e+00 9.031780853917693364e+00 -6.656176166938388633e+03
3.567511092007365908e-03 3.015589648690706562e-04 1.000000000000000000e+00
DSC_8198.JPG_max_x: 1172.99
DSC_8198.JPG_min_x: 575.468
DSC_8198.JPG_max_y: 1198.86
DSC_8198.JPG_min_y: 632.28
DSC_8434.JPG_max_x: 1314.83
DSC_8434.JPG_min_x: 128.057
DSC_8434.JPG_max_y: 1671.89
DSC_8434.JPG_min_y: 497.4
