1.006678478313372871e+00 4.060909946831348094e-02 -4.086244440994836395e+02
1.108678330121891098e-01 1.014111881434459850e+00 2.041514791305743586e+02
1.139553392106615695e-04 -1.095616123083049674e-05 1.000000000000000000e+00
DSC_8336.JPG_max_x: 1328.1
DSC_8336.JPG_min_x: 374.401
DSC_8336.JPG_max_y: 1484.5
DSC_8336.JPG_min_y: 638.53
DSC_8430.JPG_max_x: 855.4
DSC_8430.JPG_min_x: 8.89637
DSC_8430.JPG_max_y: 1694.35
DSC_8430.JPG_min_y: 859.477
