-1.751636633650456576e-01 -2.667451235026733689e-02 2.235425360085458806e+02
-2.624524701860552756e-01 -8.050786861747291079e-01 1.272502964096822552e+03
-6.034314785314683332e-04 -4.155278985098874857e-04 1.000000000000000000e+00
DSC_8432.JPG_max_x: 1314.87
DSC_8432.JPG_min_x: 177.906
DSC_8432.JPG_max_y: 1740.14
DSC_8432.JPG_min_y: 1128.0
DSC_8447.JPG_max_x: 607.777
DSC_8447.JPG_min_x: 31.352
DSC_8447.JPG_max_y: 1525.65
DSC_8447.JPG_min_y: 698.43
