2.082770950111782593e+00 6.029123926293801228e-01 7.674790027387815599e+02
1.070037749424500806e+00 1.520193218313760530e+00 -1.039152747845928371e+00
8.975413894770011784e-04 3.137551951095247081e-04 1.000000000000000000e+00
DSC_8338.JPG_max_x: 367.474
DSC_8338.JPG_min_x: 39.8866
DSC_8338.JPG_max_y: 1463.78
DSC_8338.JPG_min_y: 820.294
DSC_8472.JPG_max_x: 1303.14
DSC_8472.JPG_min_x: 1061.1
DSC_8472.JPG_max_y: 1502.16
DSC_8472.JPG_min_y: 1020.1
