2.423796762496616353e+00 -6.929564524598427200e-01 1.067020533333772391e+03
2.581515506043119856e+00 2.417417604851268831e-01 1.089878825245234111e+03
1.442767718990605082e-03 -2.713485908998275269e-04 1.000000000000000000e+00
DSC_8229.JPG_max_x: 698.013
DSC_8229.JPG_min_x: 33.1007
DSC_8229.JPG_max_y: 916.551
DSC_8229.JPG_min_y: 231.894
DSC_8324.JPG_max_x: 1323.16
DSC_8324.JPG_min_x: 439.938
DSC_8324.JPG_max_y: 1718.83
DSC_8324.JPG_min_y: 1289.95
