2.323615318303314137e+00 1.871326970900867304e-01 -1.259160474849260936e+03
-9.431979907218203396e-02 2.707514886939756504e+00 -3.174762816183096675e+03
-4.479392826737616309e-05 6.338448241147906764e-04 1.000000000000000000e+00
DSC_8218.JPG_max_x: 1304.92
DSC_8218.JPG_min_x: 418.219
DSC_8218.JPG_max_y: 1963.31
DSC_8218.JPG_min_y: 1457.99
DSC_8235.JPG_max_x: 1097.33
DSC_8235.JPG_min_x: 29.6504
DSC_8235.JPG_max_y: 938.834
DSC_8235.JPG_min_y: 347.008
