9.061271868002606089e-01 -7.832420313934769229e-01 3.766347013349851522e+02
-7.325994301942888309e-02 -2.845170114561200725e-01 1.249295290821871731e+03
-1.362158143806526723e-04 -7.400447297052283480e-04 9.999999999999998890e-01
DSC_8331.JPG_max_x: 820.249
DSC_8331.JPG_min_x: 122.014
DSC_8331.JPG_max_y: 432.682
DSC_8331.JPG_min_y: 14.5002
DSC_8404.JPG_max_x: 1293.2
DSC_8404.JPG_min_x: 271.764
DSC_8404.JPG_max_y: 1818.91
DSC_8404.JPG_min_y: 1213.92
