1.606741539345831882e+01 -1.308340545626678786e+00 -1.153469705185389103e+04
8.854183737122253817e+00 7.455848648290655412e+00 -8.054413533560320502e+03
5.942362482886567182e-03 -2.142114770567018697e-03 1.000000000000000000e+00
DSC_8328.JPG_max_x: 971.245
DSC_8328.JPG_min_x: 789.53
DSC_8328.JPG_max_y: 1012.7
DSC_8328.JPG_min_y: 440.888
DSC_8402.JPG_max_x: 592.784
DSC_8402.JPG_min_x: 48.8471
DSC_8402.JPG_max_y: 1820.34
DSC_8402.JPG_min_y: 649.485
