8.226008876067203435e-01 2.429494680980637256e-01 -2.455219463267909816e+02
1.381535602413040860e-02 7.924238008910229336e-01 1.052227989686145293e+03
9.269007929411342544e-05 -1.068231113460339456e-04 1.000000000000000000e+00
DSC_8447.JPG_max_x: 1121.48
DSC_8447.JPG_min_x: 270.887
DSC_8447.JPG_max_y: 861.841
DSC_8447.JPG_min_y: 269.413
DSC_8472.JPG_max_x: 770.941
DSC_8472.JPG_min_x: 121.604
DSC_8472.JPG_max_y: 1864.01
DSC_8472.JPG_min_y: 1256.98
