1.779500744097668674e+00 7.504907386116721479e-01 -3.839294127665001355e+01
1.502289289093277497e-02 2.616603570889972197e+00 -3.316939642429817013e+03
-2.401180855397632818e-04 8.005316523029200630e-04 1.000000000000000000e+00
DSC_8256.JPG_max_x: 653.836
DSC_8256.JPG_min_x: 43.0051
DSC_8256.JPG_max_y: 1761.92
DSC_8256.JPG_min_y: 1394.99
DSC_8273.JPG_max_x: 1105.76
DSC_8273.JPG_min_x: 541.272
DSC_8273.JPG_max_y: 554.086
DSC_8273.JPG_min_y: 173.43
