1.315473229028504054e+00 -3.271280835868761901e-03 2.149764236265493764e+02
1.835813182769679974e-02 1.338638617763269423e+00 -3.266424285704093933e+01
1.458711740628354612e-04 3.512556534784671636e-05 1.000000000000000000e+00
DSC_8347.JPG_max_x: 942.941
DSC_8347.JPG_min_x: 428.056
DSC_8347.JPG_max_y: 1512.29
DSC_8347.JPG_min_y: 43.2998
DSC_8403.JPG_max_x: 1310.34
DSC_8403.JPG_min_x: 702.949
DSC_8403.JPG_max_y: 1770.71
DSC_8403.JPG_min_y: 26.4521
