-1.020019391746081894e+01 -1.176330194924116945e+00 9.130160820683580823e+03
-2.038688002634770680e+00 -9.897766772738124885e+00 1.181217308563341976e+04
-1.982136802174184510e-03 -2.461059286474568709e-03 9.999999999999998890e-01
DSC_8246.JPG_max_x: 1305.67
DSC_8246.JPG_min_x: 1009.49
DSC_8246.JPG_max_y: 1886.82
DSC_8246.JPG_min_y: 1032.37
DSC_8423.JPG_max_x: 1297.02
DSC_8423.JPG_min_x: 583.253
DSC_8423.JPG_max_y: 1590.29
DSC_8423.JPG_min_y: 199.627
