7.280800208462329115e-01 4.442167730613215126e-01 -9.306475597814682033e+02
-1.994632308215767424e-01 1.048035681518108220e+00 4.137896206569184869e+02
2.331924242652292441e-04 5.328346829979840959e-07 1.000000000000000000e+00
DSC_8347.JPG_max_x: 1310.97
DSC_8347.JPG_min_x: 525.358
DSC_8347.JPG_max_y: 1594.76
DSC_8347.JPG_min_y: 188.451
DSC_8363.JPG_max_x: 333.363
DSC_8363.JPG_min_x: 22.2926
DSC_8363.JPG_max_y: 1773.64
DSC_8363.JPG_min_y: 286.673
