2.097313716506426395e+00 -6.164210458103455137e-01 -4.227543304217848572e+02
2.113970425626707783e-01 8.379103200089568215e-01 1.646165633082847535e+02
2.785959143558166049e-05 -3.600508660720153162e-04 1.000000000000000000e+00
DSC_8266.JPG_max_x: 856.185
DSC_8266.JPG_min_x: 697.649
DSC_8266.JPG_max_y: 901.143
DSC_8266.JPG_min_y: 749.15
DSC_8462.JPG_max_x: 1195.08
DSC_8462.JPG_min_x: 745.054
DSC_8462.JPG_max_y: 1570.8
DSC_8462.JPG_min_y: 1255.22
