3.599576593705651195e+00 5.013527512602111713e-01 -3.823772958804192967e+03
2.372837607072421306e+00 2.470398706211681894e+00 2.624883050712347199e+02
2.220753440046415329e-03 -4.580297531531590219e-04 9.999999999999998890e-01
DSC_8309.JPG_max_x: 1313.94
DSC_8309.JPG_min_x: 976.593
DSC_8309.JPG_max_y: 926.394
DSC_8309.JPG_min_y: 11.5187
DSC_8310.JPG_max_x: 342.004
DSC_8310.JPG_min_x: 13.6297
DSC_8310.JPG_max_y: 1703.53
DSC_8310.JPG_min_y: 874.495
