-2.577412285536588923e-02 -3.264257730205309856e-03 3.926962186831286061e+01
-3.498143714742565913e-01 -5.768157385506842566e-02 5.463163751750554411e+02
-6.077876510996330171e-04 -1.317017445955919082e-04 1.000000000000000000e+00
DSC_8236.JPG_max_x: 1304.94
DSC_8236.JPG_min_x: 1028.22
DSC_8236.JPG_max_y: 1718.91
DSC_8236.JPG_min_y: 691.799
DSC_8255.JPG_max_x: 202.289
DSC_8255.JPG_min_x: 14.2477
DSC_8255.JPG_max_y: 737.899
DSC_8255.JPG_min_y: 291.035
