6.224523562738010218e-01 -1.515907225638242206e-01 -1.283125020364556690e+02
6.269278014392766496e-02 8.037913274838645039e-01 3.134886665682977309e+02
-2.218567520000362347e-05 -1.399693842361012842e-04 1.000000000000000000e+00
DSC_8328.JPG_max_x: 971.245
DSC_8328.JPG_min_x: 682.853
DSC_8328.JPG_max_y: 1300.89
DSC_8328.JPG_min_y: 431.023
DSC_8422.JPG_max_x: 453.868
DSC_8422.JPG_min_x: 158.899
DSC_8422.JPG_max_y: 1765.27
DSC_8422.JPG_min_y: 782.903
