1.189484162872883166e+00 5.817069803183562149e-01 -6.101701857171818801e+02
-1.833607956048587395e-01 1.480108677689184971e+00 -2.794699212707933498e+02
-6.147149739794901554e-06 4.102209575076808221e-04 1.000000000000000000e+00
DSC_8431.JPG_max_x: 1250.8
DSC_8431.JPG_min_x: 198.283
DSC_8431.JPG_max_y: 683.773
DSC_8431.JPG_min_y: 351.209
DSC_8473.JPG_max_x: 998.849
DSC_8473.JPG_min_x: 51.5658
DSC_8473.JPG_max_y: 585.977
DSC_8473.JPG_min_y: 70.925
