-3.803462955385948252e+00 -1.245253336302437897e-01 4.081840586796093703e+03
-2.559178417763628754e+00 -2.675891563573420839e+00 3.551347108595869486e+03
-2.436183724260463854e-03 1.431231549319294464e-04 1.000000000000000000e+00
DSC_8276.JPG_max_x: 1326.5
DSC_8276.JPG_min_x: 1126.04
DSC_8276.JPG_max_y: 1115.94
DSC_8276.JPG_min_y: 510.642
DSC_8328.JPG_max_x: 513.117
DSC_8328.JPG_min_x: 188.731
DSC_8328.JPG_max_y: 1444.13
DSC_8328.JPG_min_y: 423.431
