7.627820346342467639e-01 -6.580661590205524880e-02 8.667032545605752603e+02
5.680787846704930810e-02 6.512262033564816255e-01 3.385436384206398088e+02
4.409451667498837855e-05 -2.937415567676217513e-05 1.000000000000000000e+00
DSC_8252.JPG_max_x: 665.513
DSC_8252.JPG_min_x: 8.29286
DSC_8252.JPG_max_y: 1446.04
DSC_8252.JPG_min_y: 594.498
DSC_8334.JPG_max_x: 1309.6
DSC_8334.JPG_min_x: 803.398
DSC_8334.JPG_max_y: 1338.0
DSC_8334.JPG_min_y: 749.027
