-1.196686870507213740e+01 -3.059066347834258348e+00 4.824481433921333519e+03
-2.880330274620997999e-01 -1.202571342717867964e+01 1.278274652660994252e+04
-2.543310671638552081e-03 -2.842078331794600527e-03 1.000000000000000000e+00
DSC_8236.JPG_max_x: 377.523
DSC_8236.JPG_min_x: 188.88
DSC_8236.JPG_max_y: 1567.08
DSC_8236.JPG_min_y: 1115.94
DSC_8305.JPG_max_x: 1022.03
DSC_8305.JPG_min_x: 377.495
DSC_8305.JPG_max_y: 1401.28
DSC_8305.JPG_min_y: 238.536
