5.968565306657256375e-01 -3.250723821518232692e-01 1.653402280020763158e+02
-6.042202358686173808e-02 5.749201644037937875e-01 5.804692195120447877e+02
-2.224653188023701419e-04 -2.641612338192591549e-04 9.999999999999998890e-01
DSC_8279.JPG_max_x: 893.346
DSC_8279.JPG_min_x: 262.501
DSC_8279.JPG_max_y: 973.219
DSC_8279.JPG_min_y: 119.921
DSC_8459.JPG_max_x: 839.297
DSC_8459.JPG_min_x: 169.942
DSC_8459.JPG_max_y: 1947.25
DSC_8459.JPG_min_y: 750.037
