-9.039970072431067205e-01 -4.056888849233614702e-01 1.269143357810389034e+03
-2.320143350822008177e+00 -6.651324454470136649e-02 1.761296051900680823e+03
-1.939428630006496176e-03 2.577429129093257573e-04 1.000000000000000000e+00
DSC_8396.JPG_max_x: 1212.25
DSC_8396.JPG_min_x: 690.698
DSC_8396.JPG_max_y: 1486.21
DSC_8396.JPG_min_y: 1058.09
DSC_8454.JPG_max_x: 985.54
DSC_8454.JPG_min_x: 22.3987
DSC_8454.JPG_max_y: 1446.37
DSC_8454.JPG_min_y: 882.227
