-2.978490486466927045e-01 -1.688781776083478625e-01 4.601016933004041221e+02
-9.540431582591027415e-02 -8.452877323409552224e-02 1.888169131928240745e+02
-6.569261944798681415e-04 -3.610677834828702332e-04 1.000000000000000000e+00
DSC_8266.JPG_max_x: 1213.76
DSC_8266.JPG_min_x: 772.548
DSC_8266.JPG_max_y: 1450.53
DSC_8266.JPG_min_y: 522.28
DSC_8379.JPG_max_x: 788.134
DSC_8379.JPG_min_x: 233.801
DSC_8379.JPG_max_y: 652.948
DSC_8379.JPG_min_y: 51.9426
