9.517178068965195248e-01 2.505428164994539034e-02 8.546090434377353517e+01
-1.137161928095103622e-02 9.415697510531366721e-01 8.813342316881305294e+01
-9.733337707197489263e-06 -1.679897803634264596e-05 1.000000000000000000e+00
DSC_8355.JPG_max_x: 1175.52
DSC_8355.JPG_min_x: 8.57664
DSC_8355.JPG_max_y: 1506.59
DSC_8355.JPG_min_y: 388.663
DSC_8369.JPG_max_x: 1246.1
DSC_8369.JPG_min_x: 101.505
DSC_8369.JPG_max_y: 1559.33
DSC_8369.JPG_min_y: 456.694
