6.209612126345073868e+00 -4.426816367266981800e+00 3.590373368714666412e+03
5.289339058404068261e+00 -7.292833794660409374e-01 -3.479079642280663052e+02
9.776132763725953884e-03 -2.874072792071061602e-03 1.000000000000000000e+00
DSC_8422.JPG_max_x: 1207.66
DSC_8422.JPG_min_x: 58.4009
DSC_8422.JPG_max_y: 1729.75
DSC_8422.JPG_min_y: 1154.73
DSC_8457.JPG_max_x: 1321.26
DSC_8457.JPG_min_x: 296.204
DSC_8457.JPG_max_y: 697.951
DSC_8457.JPG_min_y: 58.6416
