-4.236179106497653279e+00 -1.503332421467843538e+01 1.653826085367345513e+04
-6.241680609435389382e-01 -1.444286037576669202e+01 1.119528056306615144e+04
4.496455550595951541e-03 -9.642161980421585718e-03 1.000000000000000000e+00
DSC_8218.JPG_max_x: 1303.37
DSC_8218.JPG_min_x: 53.8488
DSC_8218.JPG_max_y: 1934.91
DSC_8218.JPG_min_y: 765.583
DSC_8401.JPG_max_x: 1044.35
DSC_8401.JPG_min_x: 420.401
DSC_8401.JPG_max_y: 1276.91
DSC_8401.JPG_min_y: 662.838
