3.026959973400575321e-02 -7.885747024329474442e-02 8.302225508680650989e+01
2.431777276643196095e-01 -5.963454882208183427e-01 6.091224357314398503e+02
4.025394159578193388e-04 -9.810842094771982970e-04 1.000000000000000000e+00
DSC_8202.JPG_max_x: 1197.26
DSC_8202.JPG_min_x: 51.0365
DSC_8202.JPG_max_y: 1546.25
DSC_8202.JPG_min_y: 1038.03
DSC_8369.JPG_max_x: 1260.91
DSC_8369.JPG_min_x: 39.7097
DSC_8369.JPG_max_y: 1167.8
DSC_8369.JPG_min_y: 526.958
