1.336290859029948264e+00 -1.415274365933405776e-01 2.647389191056094546e+02
4.536913016209553895e-01 9.098147465654703447e-01 1.746240350363927973e+02
3.282525302997992044e-04 -9.503262958831497494e-05 1.000000000000000000e+00
DSC_8332.JPG_max_x: 817.695
DSC_8332.JPG_min_x: 9.18484
DSC_8332.JPG_max_y: 1586.75
DSC_8332.JPG_min_y: 515.015
DSC_8418.JPG_max_x: 978.877
DSC_8418.JPG_min_x: 163.626
DSC_8418.JPG_max_y: 1871.72
DSC_8418.JPG_min_y: 797.034
