5.666723361105405754e-01 -8.849683857883271221e-02 2.045450460910194295e+02
5.009105288109023252e-02 3.567831873043594282e-01 1.352417825146927044e+03
2.979768361118227907e-05 -9.040377778131337570e-05 1.000000000000000000e+00
DSC_8205.JPG_max_x: 1064.76
DSC_8205.JPG_min_x: 97.1877
DSC_8205.JPG_max_y: 1053.25
DSC_8205.JPG_min_y: 72.4086
DSC_8354.JPG_max_x: 780.098
DSC_8354.JPG_min_x: 242.99
DSC_8354.JPG_max_y: 1900.35
DSC_8354.JPG_min_y: 1390.31
