-9.080877437993023493e-01 -1.177004063262942823e+00 1.497494087105076233e+03
2.864847392002848325e-01 -1.585412887819088068e+00 1.724399476673040454e+03
2.839006402715142630e-04 -1.896818280825958826e-03 1.000000000000000000e+00
DSC_8222.JPG_max_x: 1226.26
DSC_8222.JPG_min_x: 149.908
DSC_8222.JPG_max_y: 1857.14
DSC_8222.JPG_min_y: 1228.77
DSC_8381.JPG_max_x: 875.193
DSC_8381.JPG_min_x: 88.3409
DSC_8381.JPG_max_y: 431.939
DSC_8381.JPG_min_y: 111.568
