1.443287348152663130e+00 -3.659450914538653898e-01 6.942145835207753635e+02
-4.256538139602625836e-01 8.977698125638005067e-01 3.328930477982094658e+02
-2.151924370898019429e-04 -1.750613818705867299e-04 1.000000000000000000e+00
DSC_8432.JPG_max_x: 494.99
DSC_8432.JPG_min_x: 137.726
DSC_8432.JPG_max_y: 1366.55
DSC_8432.JPG_min_y: 769.617
DSC_8468.JPG_max_x: 1203.31
DSC_8468.JPG_min_x: 594.847
DSC_8468.JPG_max_y: 1974.47
DSC_8468.JPG_min_y: 927.702
