9.948438065736586733e-01 5.711003882534149145e-01 2.579880404565743675e+02
2.960323154123078310e-02 8.429077260618081935e-01 3.508925711290460185e+02
1.089125518085250379e-04 2.752684502439460838e-04 1.000000000000000000e+00
DSC_8223.JPG_max_x: 1155.09
DSC_8223.JPG_min_x: 514.592
DSC_8223.JPG_max_y: 1066.5
DSC_8223.JPG_min_y: 68.3961
DSC_8353.JPG_max_x: 1328.91
DSC_8353.JPG_min_x: 986.429
DSC_8353.JPG_max_y: 925.843
DSC_8353.JPG_min_y: 389.54
