1.261285128348464513e+00 3.025011540725445688e-02 -4.898309118488209037e+02
-1.546832732746030448e-01 1.420446864310189516e+00 -1.115149705043303811e+03
-1.103203089139592058e-04 1.385976159866521360e-04 1.000000000000000000e+00
DSC_8260.JPG_max_x: 1194.61
DSC_8260.JPG_min_x: 422.456
DSC_8260.JPG_max_y: 1444.54
DSC_8260.JPG_min_y: 1171.99
DSC_8311.JPG_max_x: 1017.92
DSC_8311.JPG_min_x: 74.8272
DSC_8311.JPG_max_y: 742.247
DSC_8311.JPG_min_y: 358.713
