-4.893872597182175044e-01 -5.338095614712280446e-01 1.036931600431096285e+03
-1.317426462867697046e+00 -1.611792624735379542e+00 3.048672023850972892e+03
-1.204788258586318847e-03 -4.107094748150007810e-04 9.999999999999998890e-01
DSC_8310.JPG_max_x: 1316.67
DSC_8310.JPG_min_x: 228.474
DSC_8310.JPG_max_y: 1668.34
DSC_8310.JPG_min_y: 1011.72
DSC_8329.JPG_max_x: 873.229
DSC_8329.JPG_min_x: 109.787
DSC_8329.JPG_max_y: 1484.62
DSC_8329.JPG_min_y: 303.144
