6.590312833642654189e-01 1.543637083533003773e-01 -6.428886765238174803e+02
-6.605704665435233047e-02 5.486616573099316607e-01 1.461921844594929098e+03
6.263904562899660141e-05 4.492934641414522918e-05 1.000000000000000000e+00
DSC_8203.JPG_max_x: 1238.9
DSC_8203.JPG_min_x: 940.569
DSC_8203.JPG_max_y: 536.258
DSC_8203.JPG_min_y: 100.999
DSC_8394.JPG_max_x: 194.141
DSC_8394.JPG_min_x: 3.03376
DSC_8394.JPG_max_y: 1538.72
DSC_8394.JPG_min_y: 1351.83
