-3.671834817243718185e-01 -1.261957065061890537e-01 4.660047084820569125e+02
-8.369943083883403245e-01 -7.020142960725519465e-01 1.586675253731867997e+03
-9.114926746958754156e-04 -3.081983794035841580e-04 1.000000000000000000e+00
DSC_8232.JPG_max_x: 985.377
DSC_8232.JPG_min_x: 320.993
DSC_8232.JPG_max_y: 1877.37
DSC_8232.JPG_min_y: 1223.79
DSC_8419.JPG_max_x: 401.301
DSC_8419.JPG_min_x: 10.7299
DSC_8419.JPG_max_y: 1446.85
DSC_8419.JPG_min_y: 285.647
