5.217931440380668029e+00 1.150119406625624841e+00 -5.276910648439750275e+02
-5.492826102677917932e-01 6.071200533217231410e+00 -5.073964574667980742e+03
-2.725710816413049798e-04 1.796494474011439951e-03 1.000000000000000000e+00
DSC_8264.JPG_max_x: 473.843
DSC_8264.JPG_min_x: 18.542
DSC_8264.JPG_max_y: 1493.9
DSC_8264.JPG_min_y: 883.939
DSC_8331.JPG_max_x: 1052.81
DSC_8331.JPG_min_x: 298.128
DSC_8331.JPG_max_y: 1066.29
DSC_8331.JPG_min_y: 81.9449
