9.557485672053306347e-01 -6.240552101686937247e-02 -7.736914550235458137e+02
-3.252360731010598971e-01 1.087442120547763791e+00 2.095434718186224927e+02
-3.009745721198284229e-04 6.689159864025940065e-05 1.000000000000000000e+00
DSC_8346.JPG_max_x: 1290.48
DSC_8346.JPG_min_x: 881.865
DSC_8346.JPG_max_y: 1346.56
DSC_8346.JPG_min_y: 611.856
DSC_8420.JPG_max_x: 605.722
DSC_8420.JPG_min_x: 13.6924
DSC_8420.JPG_max_y: 1755.41
DSC_8420.JPG_min_y: 742.303
