7.363498572310770207e+00 6.362163501497940743e+00 -6.030010604594253891e+03
-1.272532105448786366e+00 9.021338008378531725e+00 -9.052449961202088161e+03
-1.037699441368030231e-03 5.822244942550789878e-03 9.999999999999998890e-01
DSC_8222.JPG_max_x: 1073.37
DSC_8222.JPG_min_x: 27.7104
DSC_8222.JPG_max_y: 1857.14
DSC_8222.JPG_min_y: 1147.6
DSC_8353.JPG_max_x: 1319.05
DSC_8353.JPG_min_x: 261.948
DSC_8353.JPG_max_y: 596.066
DSC_8353.JPG_min_y: 98.586
