7.160617693779154358e-01 -3.463566387337443375e-01 8.204702738786003238e+02
1.727954688241633840e-01 1.038251785825552886e+00 -3.031585441522986457e+02
-2.183097211748840250e-04 1.070798888699420426e-04 1.000000000000000000e+00
DSC_8265.JPG_max_x: 695.105
DSC_8265.JPG_min_x: 89.9312
DSC_8265.JPG_max_y: 1176.95
DSC_8265.JPG_min_y: 395.907
DSC_8279.JPG_max_x: 1004.49
DSC_8279.JPG_min_x: 550.051
DSC_8279.JPG_max_y: 1048.63
DSC_8279.JPG_min_y: 138.866
