2.002639369255356794e+00 1.033615041060448464e-01 -2.459100464509136145e+03
4.364632419682112907e-01 2.028233925445590113e+00 -9.308786529404061412e+02
5.343627922348708360e-04 -4.103977149874817173e-05 1.000000000000000000e+00
DSC_8218.JPG_max_x: 1327.04
DSC_8218.JPG_min_x: 1171.12
DSC_8218.JPG_max_y: 1697.17
DSC_8218.JPG_min_y: 763.338
DSC_8236.JPG_max_x: 193.29
DSC_8236.JPG_min_x: 4.53003
DSC_8236.JPG_max_y: 1909.83
DSC_8236.JPG_min_y: 712.26
