-2.839706763573512927e-01 -2.203265616630779855e-02 1.414779765602129658e+02
-5.189177688798850552e-01 -6.582558311701472986e-01 9.941401678195206841e+02
-3.128114569680795574e-04 -7.511966240390321277e-04 1.000000000000000000e+00
DSC_8274.JPG_max_x: 1048.93
DSC_8274.JPG_min_x: 314.785
DSC_8274.JPG_max_y: 1427.57
DSC_8274.JPG_min_y: 658.034
DSC_8338.JPG_max_x: 1015.28
DSC_8338.JPG_min_x: 21.8973
DSC_8338.JPG_max_y: 1637.36
DSC_8338.JPG_min_y: 828.581
