-6.804971460329930499e-01 2.344507799232259937e-01 3.654300870249427931e+02
-4.512710326736227295e-02 6.614803445466209686e-01 -7.137261561591118380e+02
-1.233494651479809245e-03 1.801570357549512084e-04 1.000000000000000000e+00
DSC_8252.JPG_max_x: 1128.26
DSC_8252.JPG_min_x: 80.5209
DSC_8252.JPG_max_y: 1957.35
DSC_8252.JPG_min_y: 822.734
DSC_8379.JPG_max_x: 996.255
DSC_8379.JPG_min_x: 524.794
DSC_8379.JPG_max_y: 921.833
DSC_8379.JPG_min_y: 12.8961
