4.556772925228018134e-01 -3.735426519426551101e-02 1.269225936151117651e+02
-1.897093564859520520e-01 2.125200020815439239e-01 3.708572439965962531e+02
-2.005878836341794540e-04 -2.543842020930214853e-04 1.000000000000000000e+00
DSC_8384.JPG_max_x: 1000.71
DSC_8384.JPG_min_x: 29.7845
DSC_8384.JPG_max_y: 1992.85
DSC_8384.JPG_min_y: 455.95
DSC_8392.JPG_max_x: 810.928
DSC_8392.JPG_min_x: 124.93
DSC_8392.JPG_max_y: 1760.58
DSC_8392.JPG_min_y: 389.195
