5.645748011225203422e-01 -1.102018686573908779e+00 1.253481525499564668e+03
5.316742316557887538e-01 -9.705570251165208662e-01 1.110162336925021464e+03
4.096038565134661920e-04 -8.612265714266448095e-04 9.999999999999998890e-01
DSC_8258.JPG_max_x: 773.231
DSC_8258.JPG_min_x: 31.9605
DSC_8258.JPG_max_y: 1419.16
DSC_8258.JPG_min_y: 692.541
DSC_8414.JPG_max_x: 1310.48
DSC_8414.JPG_min_x: 33.0024
DSC_8414.JPG_max_y: 1512.34
DSC_8414.JPG_min_y: 1019.78
