-8.710094066839750848e-01 -1.731155542455324048e-01 8.985926475876112818e+02
-1.018597157562148636e+00 -2.031661928480573975e-01 1.053566489800379941e+03
-9.679630031469910927e-04 -1.921424093752708152e-04 1.000000000000000000e+00
DSC_8268.JPG_max_x: 1317.55
DSC_8268.JPG_min_x: 24.1281
DSC_8268.JPG_max_y: 1654.14
DSC_8268.JPG_min_y: 506.824
DSC_8398.JPG_max_x: 1068.45
DSC_8398.JPG_min_x: 399.551
DSC_8398.JPG_max_y: 1346.1
DSC_8398.JPG_min_y: 983.82
