-1.081648153101877874e+01 2.112857950538989016e+01 -3.788640743951111745e+03
-5.627640496051548702e+00 2.708048792617639933e+01 -1.888270307182221586e+04
-2.006077640238460025e-02 2.111858434964767814e-02 1.000000000000000000e+00
DSC_8246.JPG_max_x: 1236.46
DSC_8246.JPG_min_x: 143.305
DSC_8246.JPG_max_y: 1886.82
DSC_8246.JPG_min_y: 783.092
DSC_8457.JPG_max_x: 1289.63
DSC_8457.JPG_min_x: 133.256
DSC_8457.JPG_max_y: 1313.43
DSC_8457.JPG_min_y: 186.124
