-1.965446815877852083e-01 -1.344967357072721637e-01 1.243898848281013443e+03
-6.682251871834860024e-01 8.194180133640937003e-01 8.822905272052786074e+01
-6.906860589222522029e-04 -5.003114669317762042e-05 1.000000000000000000e+00
DSC_8232.JPG_max_x: 245.617
DSC_8232.JPG_min_x: 66.2959
DSC_8232.JPG_max_y: 1535.53
DSC_8232.JPG_min_y: 857.415
DSC_8312.JPG_max_x: 1325.05
DSC_8312.JPG_min_x: 1204.44
DSC_8312.JPG_max_y: 1532.47
DSC_8312.JPG_min_y: 799.842
