3.100671003476131116e+00 1.287829415463410454e+00 -1.731897567421978238e+03
1.053876160104940535e-01 2.816893755108204278e+00 -3.624769602315002430e+03
7.123841997110613158e-04 4.816195748642088863e-04 1.000000000000000000e+00
DSC_8446.JPG_max_x: 602.879
DSC_8446.JPG_min_x: 240.555
DSC_8446.JPG_max_y: 1819.1
DSC_8446.JPG_min_y: 1333.88
DSC_8467.JPG_max_x: 970.158
DSC_8467.JPG_min_x: 551.386
DSC_8467.JPG_max_y: 701.22
DSC_8467.JPG_min_y: 79.8008
