1.280920611315237823e+00 -2.884392501565428146e-01 -3.228835848981873369e+01
-7.334208076262131726e-02 7.152262506401603215e-01 1.095657968407819908e+03
-8.305651348188439827e-05 -3.256444736238719344e-04 1.000000000000000000e+00
DSC_8379.JPG_max_x: 766.825
DSC_8379.JPG_min_x: 196.32
DSC_8379.JPG_max_y: 497.417
DSC_8379.JPG_min_y: 4.39294
DSC_8432.JPG_max_x: 1035.44
DSC_8432.JPG_min_x: 187.878
DSC_8432.JPG_max_y: 1776.9
DSC_8432.JPG_min_y: 1104.13
