-8.212559335898381163e-02 -5.321292021921723014e-01 5.523005071052581343e+02
-1.090457342818347553e-01 -7.981746219461580694e-01 8.399679426970189979e+02
-1.511380788068426319e-04 -9.297738208148521259e-04 1.000000000000000000e+00
DSC_8198.JPG_max_x: 1288.05
DSC_8198.JPG_min_x: 98.243
DSC_8198.JPG_max_y: 1827.79
DSC_8198.JPG_min_y: 782.329
DSC_8298.JPG_max_x: 1294.26
DSC_8298.JPG_min_x: 250.074
DSC_8298.JPG_max_y: 1856.91
DSC_8298.JPG_min_y: 642.109
