2.437519431938177938e-01 -6.062288322769402577e-02 -1.212315412708494762e+02
4.304190122657509943e-02 -5.645672658511611264e-01 2.306622045552038855e+02
-3.784413887255529986e-05 -1.849105476014334696e-03 1.000000000000000000e+00
DSC_8337.JPG_max_x: 1320.43
DSC_8337.JPG_min_x: 336.596
DSC_8337.JPG_max_y: 659.071
DSC_8337.JPG_min_y: 192.856
DSC_8473.JPG_max_x: 965.827
DSC_8473.JPG_min_x: 89.1213
DSC_8473.JPG_max_y: 638.323
DSC_8473.JPG_min_y: 153.442
