8.462598346630070267e-01 6.140600055116646194e-01 -3.852609823949611467e+01
-3.817133522433125425e-01 8.655153865178628614e-01 5.958202537105520378e+02
1.504165470880540122e-05 9.153713502348497497e-05 1.000000000000000000e+00
DSC_8203.JPG_max_x: 1035.43
DSC_8203.JPG_min_x: 312.106
DSC_8203.JPG_max_y: 1204.44
DSC_8203.JPG_min_y: 217.726
DSC_8323.JPG_max_x: 1164.47
DSC_8323.JPG_min_x: 410.999
DSC_8323.JPG_max_y: 1386.26
DSC_8323.JPG_min_y: 557.456
