1.184670272492119203e+00 2.420874947111055220e-01 7.538533796463756289e+02
2.944780792928229363e-01 9.611205897529664366e-01 1.825604376824415453e+02
2.771557639601752434e-04 1.735513903155946430e-05 1.000000000000000000e+00
DSC_8412.JPG_max_x: 386.039
DSC_8412.JPG_min_x: 7.12349
DSC_8412.JPG_max_y: 1442.11
DSC_8412.JPG_min_y: 871.626
DSC_8472.JPG_max_x: 1303.14
DSC_8472.JPG_min_x: 977.361
DSC_8472.JPG_max_y: 1511.22
DSC_8472.JPG_min_y: 1011.88
