-3.120098166236474402e+00 -1.029959194552286128e+00 3.131837833988318835e+03
6.314546744560534108e-02 -3.324961681837705907e+00 3.760706764265315996e+03
-7.980801782576353804e-04 -1.177646000187074389e-03 1.000000000000000000e+00
DSC_8196.JPG_max_x: 1115.41
DSC_8196.JPG_min_x: 592.952
DSC_8196.JPG_max_y: 1892.73
DSC_8196.JPG_min_y: 1162.44
DSC_8403.JPG_max_x: 1160.71
DSC_8403.JPG_min_x: 92.3976
DSC_8403.JPG_max_y: 1256.61
DSC_8403.JPG_min_y: 49.6295
