-8.188329678024752756e-01 -9.428364600898160308e-01 7.768882388824093823e+02
-5.458336845362998790e-01 -6.301436693069718542e-01 5.305492937331839585e+02
-1.015807884991875220e-03 -1.212656558727757527e-03 1.000000000000000000e+00
DSC_8237.JPG_max_x: 869.771
DSC_8237.JPG_min_x: 146.205
DSC_8237.JPG_max_y: 671.399
DSC_8237.JPG_min_y: 64.4907
DSC_8399.JPG_max_x: 1065.81
DSC_8399.JPG_min_x: 108.526
DSC_8399.JPG_max_y: 730.981
DSC_8399.JPG_min_y: 392.459
