6.389324521353084707e-01 6.302238036234206198e-02 1.014945594045891653e+03
-7.769334218107895595e-02 1.257132401933620525e+00 -2.486076435954059605e+02
6.727840651666015611e-06 1.076769055717971188e-04 1.000000000000000000e+00
DSC_8331.JPG_max_x: 452.917
DSC_8331.JPG_min_x: 147.097
DSC_8331.JPG_max_y: 1692.32
DSC_8331.JPG_min_y: 375.752
DSC_8361.JPG_max_x: 1307.94
DSC_8361.JPG_min_x: 1028.91
DSC_8361.JPG_max_y: 1587.74
DSC_8361.JPG_min_y: 206.799
