-2.134745395450467598e+00 1.878487022842400822e-01 1.203969661549720286e+03
-2.946320112262241775e+00 1.422209895323971018e+00 1.856771579529285177e+01
-2.604693039997426750e-03 2.800968163754070234e-04 1.000000000000000000e+00
DSC_8296.JPG_max_x: 767.993
DSC_8296.JPG_min_x: 60.0553
DSC_8296.JPG_max_y: 1404.19
DSC_8296.JPG_min_y: 804.613
DSC_8308.JPG_max_x: 1318.3
DSC_8308.JPG_min_x: 381.368
DSC_8308.JPG_max_y: 1602.49
DSC_8308.JPG_min_y: 884.539
