2.277153114015479929e-01 6.494390394413416916e-03 5.790941547765020232e+02
-1.476930608346672114e-01 4.305139265289000816e-01 6.795590132165096975e+02
-1.349226720965951952e-04 1.389259160974771424e-05 1.000000000000000000e+00
DSC_8240.JPG_max_x: 1317.52
DSC_8240.JPG_min_x: 28.0237
DSC_8240.JPG_max_y: 1717.09
DSC_8240.JPG_min_y: 917.167
DSC_8396.JPG_max_x: 1056.5
DSC_8396.JPG_min_x: 585.882
DSC_8396.JPG_max_y: 1394.68
DSC_8396.JPG_min_y: 1056.58
