1.088289966665993758e+00 5.986495922331405012e-02 -1.045539998528015673e+02
-3.679943525970935658e-02 1.131284124336024988e+00 -8.878966668953650299e+01
-7.311469141368668527e-06 -1.173590679694703898e-05 1.000000000000000000e+00
DSC_8430.JPG_max_x: 1216.27
DSC_8430.JPG_min_x: 38.7676
DSC_8430.JPG_max_y: 1573.76
DSC_8430.JPG_min_y: 895.358
DSC_8446.JPG_max_x: 1323.23
DSC_8446.JPG_min_x: 11.9423
DSC_8446.JPG_max_y: 1747.77
DSC_8446.JPG_min_y: 909.216
