-1.297809954941852917e+00 1.383087924669876845e-01 1.088644070230519446e+03
-3.887363518891631675e-01 2.337281185758513791e-01 9.847924196696441257e+00
-1.228310505340947292e-03 1.438617114532916082e-04 1.000000000000000000e+00
DSC_8466.JPG_max_x: 982.242
DSC_8466.JPG_min_x: 575.674
DSC_8466.JPG_max_y: 1958.59
DSC_8466.JPG_min_y: 1456.94
DSC_8471.JPG_max_x: 1306.53
DSC_8471.JPG_min_x: 780.749
DSC_8471.JPG_max_y: 1074.96
DSC_8471.JPG_min_y: 112.361
