2.386942739192940532e+00 1.479951082450264854e-01 -8.518661208834639638e+02
2.640603080667776603e-01 7.960113790185103788e-01 2.833750873173532909e+02
1.943025507439714731e-03 -4.437089246483381629e-04 9.999999999999998890e-01
DSC_8267.JPG_max_x: 1234.06
DSC_8267.JPG_min_x: 728.474
DSC_8267.JPG_max_y: 1169.69
DSC_8267.JPG_min_y: 14.3534
DSC_8399.JPG_max_x: 754.977
DSC_8399.JPG_min_x: 377.929
DSC_8399.JPG_max_y: 570.577
DSC_8399.JPG_min_y: 197.272
