9.062017777976159039e-01 -1.101896523998624616e-01 1.026458951440958032e+02
-2.336243814717443162e-02 8.156647608580614994e-01 2.990746429362171170e+02
-2.829646639954784293e-05 -6.496373262951982998e-05 9.999999999999998890e-01
DSC_8294.JPG_max_x: 1328.55
DSC_8294.JPG_min_x: 10.2972
DSC_8294.JPG_max_y: 1496.28
DSC_8294.JPG_min_y: 751.95
DSC_8454.JPG_max_x: 1325.96
DSC_8454.JPG_min_x: 22.3987
DSC_8454.JPG_max_y: 1721.68
DSC_8454.JPG_min_y: 963.192
