1.001580236709188387e+00 5.624065528456946572e-02 2.237340481372585259e+02
2.235795255740639226e-02 9.393609287975894784e-01 1.600470926270644725e+02
9.120278119010203873e-05 -3.732467510784982209e-05 9.999999999999998890e-01
DSC_8429.JPG_max_x: 1127.96
DSC_8429.JPG_min_x: 12.6435
DSC_8429.JPG_max_y: 759.402
DSC_8429.JPG_min_y: 127.035
DSC_8445.JPG_max_x: 1292.61
DSC_8445.JPG_min_x: 242.855
DSC_8445.JPG_max_y: 861.801
DSC_8445.JPG_min_y: 280.029
