2.389410626971161022e+00 8.237751779787226836e-01 -1.658712733965708594e+03
-1.926364767871954486e-01 1.587158827904769476e+00 4.904816009664931471e+02
8.677836906336980263e-04 9.095779921420436875e-05 1.000000000000000000e+00
DSC_8267.JPG_max_x: 1318.24
DSC_8267.JPG_min_x: 630.379
DSC_8267.JPG_max_y: 1321.77
DSC_8267.JPG_min_y: 14.3534
DSC_8319.JPG_max_x: 1006.22
DSC_8319.JPG_min_x: 70.8599
DSC_8319.JPG_max_y: 1363.28
DSC_8319.JPG_min_y: 203.466
