1.448165906438972472e+00 -1.282840524280048043e-02 -6.871791277977408754e+02
-1.099339517154651613e-02 1.839695389793438052e+00 -1.016342246947673260e+02
-7.998904139294444725e-05 1.019228030168116764e-03 1.000000000000000000e+00
DSC_8259.JPG_max_x: 1288.55
DSC_8259.JPG_min_x: 533.41
DSC_8259.JPG_max_y: 837.551
DSC_8259.JPG_min_y: 291.646
DSC_8309.JPG_max_x: 963.11
DSC_8309.JPG_min_x: 30.4971
DSC_8309.JPG_max_y: 840.726
DSC_8309.JPG_min_y: 359.465
