-1.026340259275126066e+00 -2.044117322059195441e-01 7.669394870877353014e+02
-2.115355586341017169e+00 4.630324455480865908e-01 5.053557165793220065e+02
-1.509813156399531387e-03 -2.366113483600174700e-04 1.000000000000000000e+00
DSC_8364.JPG_max_x: 1004.48
DSC_8364.JPG_min_x: 327.69
DSC_8364.JPG_max_y: 1160.57
DSC_8364.JPG_min_y: 1023.45
DSC_8462.JPG_max_x: 1289.76
DSC_8462.JPG_min_x: 731.153
DSC_8462.JPG_max_y: 1545.85
DSC_8462.JPG_min_y: 1003.33
