2.176465897295049690e+00 -2.561940015803605697e-02 -4.444849397085072269e+02
3.318976668655638229e-01 1.896908488488039835e+00 -8.758096941569924638e+02
3.588286908441657287e-04 -7.645412466403095320e-05 1.000000000000000000e+00
DSC_8268.JPG_max_x: 1315.25
DSC_8268.JPG_min_x: 227.64
DSC_8268.JPG_max_y: 1291.48
DSC_8268.JPG_min_y: 521.122
DSC_8284.JPG_max_x: 1324.41
DSC_8284.JPG_min_x: 50.6179
DSC_8284.JPG_max_y: 1537.69
DSC_8284.JPG_min_y: 290.284
