1.908876815335533550e+00 -1.076466640758772103e-01 -3.247724716852654865e+02
-1.872372213865772794e-01 1.636424470835322387e+00 -5.125841831765156940e+02
-8.494995301288387553e-05 -2.875062377518835914e-04 1.000000000000000000e+00
DSC_8432.JPG_max_x: 645.102
DSC_8432.JPG_min_x: 234.202
DSC_8432.JPG_max_y: 1104.13
DSC_8432.JPG_min_y: 784.146
DSC_8464.JPG_max_x: 1223.85
DSC_8464.JPG_min_x: 24.1371
DSC_8464.JPG_max_y: 1880.57
DSC_8464.JPG_min_y: 929.223
