1.834812610231833618e+00 -5.903465041367983446e-01 7.048621273934221563e+02
1.257260947576724075e-01 1.861340022300849162e+00 -1.479412404105461292e+03
-4.754553608927839805e-04 5.371677753297365724e-04 1.000000000000000000e+00
DSC_8294.JPG_max_x: 643.307
DSC_8294.JPG_min_x: 104.96
DSC_8294.JPG_max_y: 1261.14
DSC_8294.JPG_min_y: 959.797
DSC_8429.JPG_max_x: 955.3
DSC_8429.JPG_min_x: 127.234
DSC_8429.JPG_max_y: 652.815
DSC_8429.JPG_min_y: 233.777
