1.586486026236636704e+00 6.741744511565399556e-01 -4.775057247270225957e+02
-8.322101605759378573e-02 2.027983819663442766e+00 -2.191895315480185218e+03
-9.397440153040128653e-05 1.115709436423095681e-03 1.000000000000000000e+00
DSC_8208.JPG_max_x: 861.825
DSC_8208.JPG_min_x: 144.455
DSC_8208.JPG_max_y: 1860.49
DSC_8208.JPG_min_y: 1109.51
DSC_8413.JPG_max_x: 726.406
DSC_8413.JPG_min_x: 255.0
DSC_8413.JPG_max_y: 505.263
DSC_8413.JPG_min_y: 18.8706
