-2.906713502858602194e-01 -7.233512224236849919e-01 8.311362025929348647e+02
-5.221012166786025421e-01 -1.157389910079862139e+00 1.334315037253366199e+03
-3.564267740050368945e-04 -8.761430649142056470e-04 1.000000000000000000e+00
DSC_8242.JPG_max_x: 1219.92
DSC_8242.JPG_min_x: 27.7931
DSC_8242.JPG_max_y: 1641.46
DSC_8242.JPG_min_y: 561.606
DSC_8394.JPG_max_x: 1320.71
DSC_8394.JPG_min_x: 31.1996
DSC_8394.JPG_max_y: 1471.95
DSC_8394.JPG_min_y: 569.897
