-1.301294251549244585e+01 6.825967925772573608e+01 -4.001815224897036842e+03
-1.196242323600360002e+01 3.813653623020201877e+01 3.295275804792476720e+03
-1.896329324055485294e-02 7.515515378206517882e-02 9.999999999999998890e-01
DSC_8255.JPG_max_x: 1225.08
DSC_8255.JPG_min_x: 14.2477
DSC_8255.JPG_max_y: 570.121
DSC_8255.JPG_min_y: 75.011
DSC_8337.JPG_max_x: 1209.42
DSC_8337.JPG_min_x: 533.864
DSC_8337.JPG_max_y: 615.307
DSC_8337.JPG_min_y: 228.491
