1.170166236421228412e+00 3.518866873865419964e-01 -7.935231032905134043e+02
-2.009575597502212194e-02 1.071038849869971443e+00 2.219797352754208077e+02
3.199570711295452873e-04 2.633871598209809031e-04 1.000000000000000000e+00
DSC_8467.JPG_max_x: 1131.17
DSC_8467.JPG_min_x: 478.992
DSC_8467.JPG_max_y: 1167.41
DSC_8467.JPG_min_y: 9.31636
DSC_8473.JPG_max_x: 444.781
DSC_8473.JPG_min_x: 28.9553
DSC_8473.JPG_max_y: 1024.93
DSC_8473.JPG_min_y: 169.249
