6.575083681790993007e-01 -8.579554181660715984e-02 3.015330020884470059e+02
2.252015291369521485e-02 5.814324773428710680e-01 1.758166875182487843e+02
2.854831453420892185e-05 -1.003611511721344047e-04 1.000000000000000000e+00
DSC_8319.JPG_max_x: 1199.47
DSC_8319.JPG_min_x: 48.7236
DSC_8319.JPG_max_y: 1385.46
DSC_8319.JPG_min_y: 63.4736
DSC_8335.JPG_max_x: 1070.27
DSC_8335.JPG_min_x: 327.401
DSC_8335.JPG_max_y: 1126.73
DSC_8335.JPG_min_y: 217.875
