1.781926497789493302e+00 -9.485419953699124329e-02 -4.421359708642924602e+02
-6.618217792607333783e-02 1.924942717568418615e+00 -1.488972227598309701e+03
6.230961968225698106e-06 2.395064447158044992e-04 9.999999999999998890e-01
DSC_8294.JPG_max_x: 1276.47
DSC_8294.JPG_min_x: 297.224
DSC_8294.JPG_max_y: 1414.36
DSC_8294.JPG_min_y: 947.797
DSC_8309.JPG_max_x: 1302.52
DSC_8309.JPG_min_x: 50.438
DSC_8309.JPG_max_y: 893.035
DSC_8309.JPG_min_y: 229.069
