-1.607938682479770565e+00 -6.449712457543348432e-01 1.142045716888161905e+03
-5.812808972056031642e-01 -6.596517951229409205e-01 8.894490058639844392e+02
-1.486310688974518948e-03 -5.362077952699982088e-04 1.000000000000000000e+00
DSC_8276.JPG_max_x: 415.669
DSC_8276.JPG_min_x: 81.671
DSC_8276.JPG_max_y: 1516.09
DSC_8276.JPG_min_y: 1082.39
DSC_8309.JPG_max_x: 1255.76
DSC_8309.JPG_min_x: 391.422
DSC_8309.JPG_max_y: 926.394
DSC_8309.JPG_min_y: 355.021
