1.157364047990104172e+00 1.245148836366051892e+00 -1.929746549063311022e+03
-6.772262349171161988e-01 1.602886140146732474e+00 -1.071813473363763933e+03
3.462064896160964712e-04 5.034203127832547695e-05 1.000000000000000000e+00
DSC_8254.JPG_max_x: 1176.0
DSC_8254.JPG_min_x: 113.858
DSC_8254.JPG_max_y: 1927.17
DSC_8254.JPG_min_y: 1077.77
DSC_8273.JPG_max_x: 1233.96
DSC_8273.JPG_min_x: 130.529
DSC_8273.JPG_max_y: 1514.07
DSC_8273.JPG_min_y: 36.0511
