-2.035772098177074163e+00 -1.128196721646875789e+00 2.450854219040294993e+03
-1.064719400977671482e+00 -5.419847321753068492e-01 1.184059244938167922e+03
-4.334949722089966213e-03 1.540149244885714560e-03 1.000000000000000000e+00
DSC_8336.JPG_max_x: 1286.08
DSC_8336.JPG_min_x: 121.818
DSC_8336.JPG_max_y: 1283.16
DSC_8336.JPG_min_y: 604.8
DSC_8367.JPG_max_x: 1273.44
DSC_8367.JPG_min_x: 187.267
DSC_8367.JPG_max_y: 612.427
DSC_8367.JPG_min_y: 196.024
