-7.305733768917217485e-01 -6.777575282451515637e-01 1.075997561084810286e+03
-1.303654654873835250e+00 -4.512646772795168570e-01 1.073011576455488239e+03
-9.500621283857882187e-04 -5.421399449182611168e-04 1.000000000000000000e+00
DSC_8294.JPG_max_x: 629.834
DSC_8294.JPG_min_x: 29.1638
DSC_8294.JPG_max_y: 1066.07
DSC_8294.JPG_min_y: 663.182
DSC_8396.JPG_max_x: 1198.48
DSC_8396.JPG_min_x: 536.78
DSC_8396.JPG_max_y: 1529.6
DSC_8396.JPG_min_y: 1058.09
