4.972074426692046911e-01 5.984840906294482815e-02 9.219541998176973721e+02
-3.879695361571974810e-01 8.723608302825760497e-01 1.772897857548481966e+02
-3.421391821827036409e-04 1.340345181891063072e-05 1.000000000000000000e+00
DSC_8368.JPG_max_x: 351.112
DSC_8368.JPG_min_x: 6.20521
DSC_8368.JPG_max_y: 1777.13
DSC_8368.JPG_min_y: 1031.41
DSC_8396.JPG_max_x: 1324.98
DSC_8396.JPG_min_x: 979.528
DSC_8396.JPG_max_y: 1754.78
DSC_8396.JPG_min_y: 1058.09
