2.266924770139967737e+00 2.086362553603946790e-01 8.184885829299767579e+01
3.421368813321557512e-01 3.127067195135219801e+00 -6.992295352605285643e+02
-5.910695029087205832e-04 1.016894437939948586e-03 1.000000000000000000e+00
DSC_8335.JPG_max_x: 531.825
DSC_8335.JPG_min_x: 323.009
DSC_8335.JPG_max_y: 503.441
DSC_8335.JPG_min_y: 217.875
DSC_8463.JPG_max_x: 1273.44
DSC_8463.JPG_min_x: 704.621
DSC_8463.JPG_max_y: 745.11
DSC_8463.JPG_min_y: 136.811
