5.213183113955097703e+00 -3.985133062993088338e+00 1.698949639784958890e+03
8.109216013648124388e+00 -5.724130849767017359e+00 2.352639656017869129e+03
5.754521217271137135e-03 -3.478278011182452112e-03 1.000000000000000000e+00
DSC_8296.JPG_max_x: 1140.43
DSC_8296.JPG_min_x: 55.9704
DSC_8296.JPG_max_y: 1404.19
DSC_8296.JPG_min_y: 1065.99
DSC_8474.JPG_max_x: 1274.0
DSC_8474.JPG_min_x: 799.962
DSC_8474.JPG_max_y: 1708.1
DSC_8474.JPG_min_y: 1254.44
