-2.049494968733695632e+00 9.671545111071514489e-01 1.056290288029601015e+03
-8.912264455059439872e-01 8.491717438587275124e-01 2.139762672411802100e+02
-2.113488579944472392e-03 1.013309313222328714e-03 1.000000000000000000e+00
DSC_8323.JPG_max_x: 811.283
DSC_8323.JPG_min_x: 144.936
DSC_8323.JPG_max_y: 874.408
DSC_8323.JPG_min_y: 202.572
DSC_8353.JPG_max_x: 1329.88
DSC_8353.JPG_min_x: 402.991
DSC_8353.JPG_max_y: 787.039
DSC_8353.JPG_min_y: 81.9071
