-9.377537240099765858e-01 -2.201427036002083781e-01 9.242167714230253068e+02
-1.547001605823550507e+00 -2.358266421674734895e-02 1.029160855635745975e+03
-1.081123668926000335e-03 -2.208886725086397086e-04 1.000000000000000000e+00
DSC_8336.JPG_max_x: 683.479
DSC_8336.JPG_min_x: 87.1536
DSC_8336.JPG_max_y: 1688.86
DSC_8336.JPG_min_y: 603.273
DSC_8364.JPG_max_x: 1140.11
DSC_8364.JPG_min_x: 615.32
DSC_8364.JPG_max_y: 1713.79
DSC_8364.JPG_min_y: 1036.89
