-1.096431612863767890e+00 3.339779156827227258e-01 8.484079090240470578e+02
-2.802985293753121443e+00 8.176054253559834617e-01 2.041788677430627558e+03
-2.239269785562335562e-03 1.176650794799816461e-03 1.000000000000000000e+00
DSC_8196.JPG_max_x: 1318.32
DSC_8196.JPG_min_x: 913.016
DSC_8196.JPG_max_y: 1517.38
DSC_8196.JPG_min_y: 801.808
DSC_8420.JPG_max_x: 1089.53
DSC_8420.JPG_min_x: 14.8598
DSC_8420.JPG_max_y: 1793.2
DSC_8420.JPG_min_y: 760.161
