-8.984473056761167475e-01 -2.615108076809791876e-02 8.974649839875237376e+02
-1.009677356894108202e+00 -3.621491414174397572e-01 1.171029024592428868e+03
-1.089197742909111697e-03 -5.070054808040035869e-05 1.000000000000000000e+00
DSC_8278.JPG_max_x: 1245.76
DSC_8278.JPG_min_x: 713.658
DSC_8278.JPG_max_y: 973.886
DSC_8278.JPG_min_y: 468.872
DSC_8348.JPG_max_x: 1295.76
DSC_8348.JPG_min_x: 528.798
DSC_8348.JPG_max_y: 1103.07
DSC_8348.JPG_min_y: 637.066
