-2.432124325492259487e-01 -1.901337359812018957e-01 9.292779652959288796e+02
-1.312280628327445742e+00 3.826475948621682610e-01 6.659367402229559048e+02
-8.484496645517986078e-04 -1.441557436835824940e-04 1.000000000000000000e+00
DSC_8340.JPG_max_x: 393.763
DSC_8340.JPG_min_x: 11.8831
DSC_8340.JPG_max_y: 1859.42
DSC_8340.JPG_min_y: 610.223
DSC_8368.JPG_max_x: 1214.23
DSC_8368.JPG_min_x: 796.47
DSC_8368.JPG_max_y: 1951.42
DSC_8368.JPG_min_y: 666.967
