4.537568649705362667e+00 1.284003237938324549e-01 2.744614911990549444e+03
1.468335463748064118e+00 7.950568141471508810e+00 -1.005632237680864273e+04
-1.672074176335521878e-03 3.136470291937556304e-03 9.999999999999998890e-01
DSC_8198.JPG_max_x: 795.829
DSC_8198.JPG_min_x: 15.5377
DSC_8198.JPG_max_y: 1875.54
DSC_8198.JPG_min_y: 1393.39
DSC_8233.JPG_max_x: 1208.45
DSC_8233.JPG_min_x: 512.929
DSC_8233.JPG_max_y: 1076.03
DSC_8233.JPG_min_y: 262.833
