5.967846837657690973e-01 -2.816763515125094153e-01 1.166410184291891710e+03
-2.612332594350673040e-02 9.175895320099158869e-01 1.878175565231200608e+02
-2.906751668000716435e-04 1.484833794636689063e-05 1.000000000000000000e+00
DSC_8429.JPG_max_x: 322.226
DSC_8429.JPG_min_x: 44.261
DSC_8429.JPG_max_y: 691.187
DSC_8429.JPG_min_y: 216.646
DSC_8431.JPG_max_x: 1328.54
DSC_8431.JPG_min_x: 1129.08
DSC_8431.JPG_max_y: 862.264
DSC_8431.JPG_min_y: 391.76
