1.024469121739543187e+00 6.290107131803316376e-01 -1.003450636273560576e+03
-3.284529205317540668e-01 9.714508877460020786e-01 6.122134448985952986e+02
2.427889191014167669e-04 -5.267300315345930725e-06 1.000000000000000000e+00
DSC_8315.JPG_max_x: 901.988
DSC_8315.JPG_min_x: 435.023
DSC_8315.JPG_max_y: 1653.58
DSC_8315.JPG_min_y: 699.093
DSC_8333.JPG_max_x: 787.898
DSC_8333.JPG_min_x: 44.1831
DSC_8333.JPG_max_y: 1807.62
DSC_8333.JPG_min_y: 953.635
