-1.367236097863416266e-01 9.037636334059515053e-02 1.347420279333032909e+02
-1.299887629736260486e-01 2.195214684964338081e-01 -6.630040699420068506e+01
-8.148393580000818726e-04 1.266398056032368483e-04 1.000000000000000000e+00
DSC_8250.JPG_max_x: 1267.42
DSC_8250.JPG_min_x: 1073.87
DSC_8250.JPG_max_y: 1295.74
DSC_8250.JPG_min_y: 1021.41
DSC_8417.JPG_max_x: 797.767
DSC_8417.JPG_min_x: 327.813
DSC_8417.JPG_max_y: 303.561
DSC_8417.JPG_min_y: 44.9521
