-9.672999150602116236e-01 -1.095347024896682564e+00 1.823371615254334301e+03
-1.578084439433287689e-01 -7.502339046136101697e-01 9.197309622564332585e+02
-5.989286675998893063e-04 -7.033730126834135399e-04 1.000000000000000000e+00
DSC_8336.JPG_max_x: 1243.82
DSC_8336.JPG_min_x: 454.708
DSC_8336.JPG_max_y: 1453.58
DSC_8336.JPG_min_y: 1056.31
DSC_8467.JPG_max_x: 1226.77
DSC_8467.JPG_min_x: 567.187
DSC_8467.JPG_max_y: 792.952
DSC_8467.JPG_min_y: 79.8008
