6.622414344791330842e-01 1.116409935450830421e-01 2.308867609801181402e+02
1.764305907963523989e-01 7.651796516523512448e-01 1.033880158734675433e+03
1.096102889367099554e-04 2.594421242955827515e-04 1.000000000000000000e+00
DSC_8243.JPG_max_x: 1012.06
DSC_8243.JPG_min_x: 327.685
DSC_8243.JPG_max_y: 780.174
DSC_8243.JPG_min_y: 80.8715
DSC_8294.JPG_max_x: 756.24
DSC_8294.JPG_min_x: 445.487
DSC_8294.JPG_max_y: 1373.95
DSC_8294.JPG_min_y: 1104.65
