6.311099608181549314e+01 -3.785900207458382294e+00 -5.442158695858423744e+04
1.533996044446522546e+02 -3.087267869393780018e+01 -6.878536966239169124e+04
1.074166583666167768e-01 -5.473364625314514065e-02 1.000000000000000000e+00
DSC_8378.JPG_max_x: 1286.04
DSC_8378.JPG_min_x: 395.927
DSC_8378.JPG_max_y: 1629.72
DSC_8378.JPG_min_y: 1063.92
DSC_8414.JPG_max_x: 1207.35
DSC_8414.JPG_min_x: 29.7822
DSC_8414.JPG_max_y: 1769.0
DSC_8414.JPG_min_y: 967.234
