6.570223957717868934e-01 1.022965453337235375e-01 3.763431660615604812e+01
-2.616249089269733971e-02 6.888672752153495171e-01 -5.330160668147557317e+02
1.581445704680005653e-04 8.839360189487587829e-05 9.999999999999998890e-01
DSC_8318.JPG_max_x: 1233.31
DSC_8318.JPG_min_x: 195.376
DSC_8318.JPG_max_y: 1386.57
DSC_8318.JPG_min_y: 845.153
DSC_8365.JPG_max_x: 740.305
DSC_8365.JPG_min_x: 238.883
DSC_8365.JPG_max_y: 347.492
DSC_8365.JPG_min_y: 16.4948
