-2.730436453064180480e+00 -2.262598683143323963e-01 1.437326860298096335e+03
-1.298848509507232740e-01 -2.472935949797310240e+00 3.338949057753856323e+03
-3.950618802871576872e-03 7.582063912663376050e-06 1.000000000000000000e+00
DSC_8272.JPG_max_x: 1094.49
DSC_8272.JPG_min_x: 387.519
DSC_8272.JPG_max_y: 1681.05
DSC_8272.JPG_min_y: 1345.57
DSC_8293.JPG_max_x: 693.358
DSC_8293.JPG_min_x: 163.215
DSC_8293.JPG_max_y: 1123.52
DSC_8293.JPG_min_y: 100.309
