8.878799465288689241e-01 1.663786099979069205e-02 -2.705423962665898898e+02
-9.057318080775059177e-02 8.188367272852505874e-01 2.612928621137922960e+02
-1.274942829514960510e-04 -1.040854749710710497e-04 1.000000000000000000e+00
DSC_8261.JPG_max_x: 1247.28
DSC_8261.JPG_min_x: 371.172
DSC_8261.JPG_max_y: 736.88
DSC_8261.JPG_min_y: 37.4911
DSC_8311.JPG_max_x: 1017.92
DSC_8311.JPG_min_x: 86.1021
DSC_8311.JPG_max_y: 954.601
DSC_8311.JPG_min_y: 215.605
