1.890960367349628246e+00 1.552207075255643554e-01 -1.020038910409851269e+03
8.705208379155167098e-01 9.993901058654671710e-01 9.963888776259384485e+02
8.412036188732381408e-04 -3.875049269285137576e-04 1.000000000000000000e+00
DSC_8337.JPG_max_x: 1288.66
DSC_8337.JPG_min_x: 755.411
DSC_8337.JPG_max_y: 531.918
DSC_8337.JPG_min_y: 184.992
DSC_8452.JPG_max_x: 757.956
DSC_8452.JPG_min_x: 292.829
DSC_8452.JPG_max_y: 1421.25
DSC_8452.JPG_min_y: 1149.4
