3.047313880294664767e-01 -1.634163635967323114e-01 4.087678798628841719e+02
-2.173743921708680693e-01 4.756291187541719645e-01 1.232562584970222133e+03
-2.133206229808105718e-04 6.870865803201500624e-05 1.000000000000000000e+00
DSC_8273.JPG_max_x: 1065.04
DSC_8273.JPG_min_x: 130.912
DSC_8273.JPG_max_y: 1164.18
DSC_8273.JPG_min_y: 143.508
DSC_8446.JPG_max_x: 890.226
DSC_8446.JPG_min_x: 257.355
DSC_8446.JPG_max_y: 1811.03
DSC_8446.JPG_min_y: 1313.83
