4.770451519120685324e-01 -5.837129234167779401e-01 1.105641401712903189e+03
2.569529546242630899e-02 9.230747521412516199e-02 1.340512158126317445e+03
-9.207905125377535021e-05 -2.830294679501264734e-04 1.000000000000000000e+00
DSC_8339.JPG_max_x: 462.317
DSC_8339.JPG_min_x: 16.6626
DSC_8339.JPG_max_y: 847.815
DSC_8339.JPG_min_y: 218.036
DSC_8396.JPG_max_x: 1324.98
DSC_8396.JPG_min_x: 867.073
DSC_8396.JPG_max_y: 1881.73
DSC_8396.JPG_min_y: 1487.49
