-4.563272544481120074e-01 -9.547910485768989000e-03 4.974914568569137714e+02
-1.047078089457498029e+00 -4.333113559473329018e-02 1.157081959177997987e+03
-9.142319331034222700e-04 -2.565691708191640194e-05 1.000000000000000000e+00
DSC_8250.JPG_max_x: 1320.2
DSC_8250.JPG_min_x: 1055.18
DSC_8250.JPG_max_y: 1295.74
DSC_8250.JPG_min_y: 734.03
DSC_8398.JPG_max_x: 895.372
DSC_8398.JPG_min_x: 383.631
DSC_8398.JPG_max_y: 1337.72
DSC_8398.JPG_min_y: 1044.75
