7.437976170529914111e-01 -1.630801399831062481e-01 5.865598034296167498e+02
2.934679058957816444e-01 4.921978442413726951e-01 5.138862830278014826e+02
2.417046843820240087e-04 -3.380380892169921160e-04 1.000000000000000000e+00
DSC_8336.JPG_max_x: 964.325
DSC_8336.JPG_min_x: 18.3383
DSC_8336.JPG_max_y: 1336.14
DSC_8336.JPG_min_y: 620.08
DSC_8470.JPG_max_x: 1320.69
DSC_8470.JPG_min_x: 650.281
DSC_8470.JPG_max_y: 1883.8
DSC_8470.JPG_min_y: 1027.64
