1.023293908240783034e+00 5.721426379351945979e-02 -1.771384075018354309e+01
4.322992605474453853e-01 1.037788718409000888e+00 -1.389781845876052842e+02
5.571052878899417169e-04 6.462142487210499034e-05 9.999999999999998890e-01
DSC_8224.JPG_max_x: 774.239
DSC_8224.JPG_min_x: 11.1493
DSC_8224.JPG_max_y: 1264.38
DSC_8224.JPG_min_y: 731.456
DSC_8274.JPG_max_x: 555.288
DSC_8274.JPG_min_x: 43.9041
DSC_8274.JPG_max_y: 1078.75
DSC_8274.JPG_min_y: 596.885
