4.495797013041001655e+00 1.601781282672214202e+00 -4.625464223524486442e+03
-1.861514699965544084e-01 5.562158782543635382e+00 -7.627703694350422666e+03
1.771747373283042283e-05 2.076963890328139585e-03 1.000000000000000000e+00
DSC_8232.JPG_max_x: 998.423
DSC_8232.JPG_min_x: 401.616
DSC_8232.JPG_max_y: 1858.04
DSC_8232.JPG_min_y: 1446.12
DSC_8249.JPG_max_x: 555.268
DSC_8249.JPG_min_x: 13.6617
DSC_8249.JPG_max_y: 539.972
DSC_8249.JPG_min_y: 58.5054
