3.126067407176720181e+01 1.035825578294269000e+01 -2.303731215725563379e+04
-7.715470341091578144e-01 3.728970374191378312e+01 -4.287336017910080409e+04
1.316837891605492084e-03 1.695530044868294797e-02 1.000000000000000000e+00
DSC_8368.JPG_max_x: 1197.16
DSC_8368.JPG_min_x: 230.094
DSC_8368.JPG_max_y: 1966.02
DSC_8368.JPG_min_y: 1484.67
DSC_8369.JPG_max_x: 1017.75
DSC_8369.JPG_min_x: 39.7097
DSC_8369.JPG_max_y: 858.009
DSC_8369.JPG_min_y: 456.694
