6.979585498299204493e-01 -1.431888601236481762e-01 1.461695329284288221e+02
-3.555201080655472773e-02 8.103528871269038980e-01 2.399625458883393776e+02
-1.530062857737231991e-04 -2.369300632409020949e-05 1.000000000000000000e+00
DSC_8249.JPG_max_x: 849.686
DSC_8249.JPG_min_x: 13.6617
DSC_8249.JPG_max_y: 1031.56
DSC_8249.JPG_min_y: 69.725
DSC_8265.JPG_max_x: 726.468
DSC_8265.JPG_min_x: 89.3971
DSC_8265.JPG_max_y: 1188.15
DSC_8265.JPG_min_y: 308.405
