-3.199244400243940412e+00 -1.010719543961394296e+00 2.938457762050376459e+03
-1.411809003572250587e+00 -5.323448470920947528e+00 3.017450236053639401e+03
-2.029091409482672390e-03 -3.148761954152697311e-03 1.000000000000000000e+00
DSC_8202.JPG_max_x: 1066.63
DSC_8202.JPG_min_x: 559.485
DSC_8202.JPG_max_y: 1143.32
DSC_8202.JPG_min_y: 688.324
DSC_8294.JPG_max_x: 350.351
DSC_8294.JPG_min_x: 27.3093
DSC_8294.JPG_max_y: 1066.07
DSC_8294.JPG_min_y: 663.182
