5.203688107884272274e-01 -1.922061163024219033e-02 -6.025777097902749802e+01
1.563568623723000234e-02 3.912255230766987779e-01 1.237888764925984788e+03
1.082916146507174357e-05 -4.482002125199130427e-05 1.000000000000000000e+00
DSC_8287.JPG_max_x: 1153.2
DSC_8287.JPG_min_x: 326.974
DSC_8287.JPG_max_y: 989.252
DSC_8287.JPG_min_y: 31.3364
DSC_8472.JPG_max_x: 529.639
DSC_8472.JPG_min_x: 90.403
DSC_8472.JPG_max_y: 1682.42
DSC_8472.JPG_min_y: 1255.64
