7.494886594038334682e-01 1.575052695507557887e+00 -3.028252161092563028e+02
9.905795573192152648e-02 2.462523889359955476e+00 1.391398881037439651e+03
1.382163636073380653e-04 8.896520582610999367e-04 1.000000000000000000e+00
DSC_8271.JPG_max_x: 1278.9
DSC_8271.JPG_min_x: 131.708
DSC_8271.JPG_max_y: 1007.78
DSC_8271.JPG_min_y: 38.5152
DSC_8272.JPG_max_x: 1026.35
DSC_8272.JPG_min_x: 303.078
DSC_8272.JPG_max_y: 1994.02
DSC_8272.JPG_min_y: 1384.42
