4.142504830517755643e+00 -5.642596299129974291e+00 1.105301841507690369e+03
4.906016691237996774e+00 -6.852378811126570213e+00 1.367421229180399450e+03
3.482894979234901767e-03 -4.899559233348624657e-03 1.000000000000000000e+00
DSC_8323.JPG_max_x: 949.674
DSC_8323.JPG_min_x: 101.362
DSC_8323.JPG_max_y: 894.121
DSC_8323.JPG_min_y: 183.539
DSC_8352.JPG_max_x: 1310.55
DSC_8352.JPG_min_x: 86.5305
DSC_8352.JPG_max_y: 1553.31
DSC_8352.JPG_min_y: 1096.07
