1.190610712046568542e+00 2.577190877235080446e-01 -1.545503158593145088e+02
-1.676206562993766414e-02 1.251693747413467950e+00 -1.366299539679268946e+02
1.343863377334686335e-05 1.334635153088670082e-04 1.000000000000000000e+00
DSC_8380.JPG_max_x: 1142.83
DSC_8380.JPG_min_x: 34.6355
DSC_8380.JPG_max_y: 1913.08
DSC_8380.JPG_min_y: 1085.58
DSC_8396.JPG_max_x: 1331.0
DSC_8396.JPG_min_x: 214.869
DSC_8396.JPG_max_y: 1778.72
DSC_8396.JPG_min_y: 1055.38
