1.423850837432683480e+00 -6.030633035919938378e-02 -3.276381827078558331e+02
2.803861500168975396e-01 1.303739820466538246e+00 -2.650582653695308863e+02
2.280288663312624172e-04 -4.709844272344840531e-05 1.000000000000000000e+00
DSC_8376.JPG_max_x: 1162.37
DSC_8376.JPG_min_x: 276.616
DSC_8376.JPG_max_y: 1595.69
DSC_8376.JPG_min_y: 865.028
DSC_8400.JPG_max_x: 1021.9
DSC_8400.JPG_min_x: 6.34757
DSC_8400.JPG_max_y: 1917.76
DSC_8400.JPG_min_y: 952.601
