-1.804062037696884557e+00 2.339784320784485672e-01 1.319235595975093929e+03
-2.570999923303376011e+00 1.376137415432325595e+00 -5.197945652285912956e+02
-2.343148040955779325e-03 2.243991616584616728e-04 1.000000000000000000e+00
DSC_8240.JPG_max_x: 1058.68
DSC_8240.JPG_min_x: 6.3411
DSC_8240.JPG_max_y: 1976.76
DSC_8240.JPG_min_y: 904.893
DSC_8254.JPG_max_x: 1328.35
DSC_8254.JPG_min_x: 172.747
DSC_8254.JPG_max_y: 1592.63
DSC_8254.JPG_min_y: 577.625
