-4.303281027820284321e-01 -2.580824321552607215e-01 8.475436995939176086e+02
-1.110541163553871724e-01 6.227550027248438536e-01 2.545496639855972205e+02
1.093016730064008148e-04 -2.909701899835073205e-04 1.000000000000000000e+00
DSC_8250.JPG_max_x: 1257.12
DSC_8250.JPG_min_x: 26.9108
DSC_8250.JPG_max_y: 1093.52
DSC_8250.JPG_min_y: 516.034
DSC_8332.JPG_max_x: 815.935
DSC_8332.JPG_min_x: 12.7075
DSC_8332.JPG_max_y: 1176.52
DSC_8332.JPG_min_y: 646.873
