1.861869562270304757e+00 4.116157596906047100e-01 -1.006907991395457998e+03
-1.808674758894260881e-01 2.361452883557620286e+00 -1.908834154922112702e+03
-4.667676940929950868e-05 5.738517012370738385e-04 1.000000000000000000e+00
DSC_8298.JPG_max_x: 1082.01
DSC_8298.JPG_min_x: 336.882
DSC_8298.JPG_max_y: 1878.9
DSC_8298.JPG_min_y: 892.641
DSC_8459.JPG_max_x: 921.412
DSC_8459.JPG_min_x: 161.823
DSC_8459.JPG_max_y: 1175.63
DSC_8459.JPG_min_y: 32.604
