1.479329987434639282e+00 9.152302416357110948e-02 9.299752105928519086e+01
-6.915020116961527741e-01 2.181650175948409487e+00 -2.341208928125340947e+02
-6.762412995415930869e-04 4.691312969908436659e-04 1.000000000000000000e+00
DSC_8312.JPG_max_x: 670.646
DSC_8312.JPG_min_x: 210.989
DSC_8312.JPG_max_y: 1007.32
DSC_8312.JPG_min_y: 520.054
DSC_8408.JPG_max_x: 1162.08
DSC_8408.JPG_min_x: 375.137
DSC_8408.JPG_max_y: 1444.57
DSC_8408.JPG_min_y: 614.418
