7.066434359895408246e-01 -8.433078883080217247e-01 5.311018242866875880e+02
-9.701300923611037852e-02 -8.047497405689466587e-01 1.404187856834508239e+03
-8.113690378087993213e-05 -9.063206544869879984e-04 1.000000000000000000e+00
DSC_8201.JPG_max_x: 759.517
DSC_8201.JPG_min_x: 107.898
DSC_8201.JPG_max_y: 302.306
DSC_8201.JPG_min_y: 126.161
DSC_8398.JPG_max_x: 1188.45
DSC_8398.JPG_min_x: 482.318
DSC_8398.JPG_max_y: 1613.09
DSC_8398.JPG_min_y: 1481.47
