1.966237764596889370e+00 2.705899473189183474e-02 -1.812698028228065596e+03
1.064448740389951853e+00 1.987467090829531768e+00 -1.001768758424039561e+03
9.594193579248375386e-04 -1.876854368854726667e-04 1.000000000000000000e+00
DSC_8216.JPG_max_x: 1310.24
DSC_8216.JPG_min_x: 968.938
DSC_8216.JPG_max_y: 1232.8
DSC_8216.JPG_min_y: 690.087
DSC_8362.JPG_max_x: 378.747
DSC_8362.JPG_min_x: 66.8006
DSC_8362.JPG_max_y: 1438.02
DSC_8362.JPG_min_y: 780.975
