1.165029314848951447e+00 3.028588293187168823e-01 1.143661265459770391e+02
-3.631550785932952802e-02 1.227836542041796708e+00 -1.036565056128560627e+03
1.459992370789877985e-04 3.512990631409421941e-04 1.000000000000000000e+00
DSC_8236.JPG_max_x: 779.181
DSC_8236.JPG_min_x: 28.6961
DSC_8236.JPG_max_y: 1619.94
DSC_8236.JPG_min_y: 888.077
DSC_8365.JPG_max_x: 905.063
DSC_8365.JPG_min_x: 358.549
DSC_8365.JPG_max_y: 578.411
DSC_8365.JPG_min_y: 25.1206
