-5.415805584159573138e-01 -3.982145459379289321e-01 1.127559400964227507e+03
-7.664393896744108314e-01 -1.020270274391042564e+00 1.679369772886530654e+03
-7.235283818582720827e-04 -4.301846954771773265e-04 1.000000000000000000e+00
DSC_8289.JPG_max_x: 1272.07
DSC_8289.JPG_min_x: 1014.71
DSC_8289.JPG_max_y: 1663.31
DSC_8289.JPG_min_y: 1296.33
DSC_8291.JPG_max_x: 308.071
DSC_8291.JPG_min_x: 113.975
DSC_8291.JPG_max_y: 1750.42
DSC_8291.JPG_min_y: 1297.28
