1.470551978034867702e+00 -1.248763025262258734e-02 -6.203690236998148748e+02
4.399987545447141962e-02 1.352467605231166603e+00 -5.859539979394780573e+01
1.458050854789084744e-04 -4.869842076241846650e-06 1.000000000000000000e+00
DSC_8309.JPG_max_x: 1327.35
DSC_8309.JPG_min_x: 427.905
DSC_8309.JPG_max_y: 1029.6
DSC_8309.JPG_min_y: 19.4982
DSC_8325.JPG_max_x: 1125.7
DSC_8325.JPG_min_x: 28.5244
DSC_8325.JPG_max_y: 1188.05
DSC_8325.JPG_min_y: 7.31809
