-1.141958380371068948e-01 -1.253504855837373790e-02 1.487162893148471881e+02
-2.407532179063529842e-01 -5.076460842731641415e-02 3.428090333269855137e+02
-7.922091443683095067e-04 -4.473898192919426335e-05 9.999999999999998890e-01
DSC_8296.JPG_max_x: 1284.25
DSC_8296.JPG_min_x: 179.361
DSC_8296.JPG_max_y: 1786.57
DSC_8296.JPG_min_y: 818.903
DSC_8423.JPG_max_x: 408.967
DSC_8423.JPG_min_x: 17.0796
DSC_8423.JPG_max_y: 1483.11
DSC_8423.JPG_min_y: 14.3361
