4.770891961648185964e-01 -8.699998685974082158e-02 3.274280012845484293e+02
7.386396936580535977e-02 5.535226274348341580e-01 -4.029725952214778886e+02
-8.103527665873785598e-05 -3.256855759176492600e-05 1.000000000000000000e+00
DSC_8272.JPG_max_x: 1295.97
DSC_8272.JPG_min_x: 316.956
DSC_8272.JPG_max_y: 1650.05
DSC_8272.JPG_min_y: 941.115
DSC_8431.JPG_max_x: 988.75
DSC_8431.JPG_min_x: 374.888
DSC_8431.JPG_max_y: 565.969
DSC_8431.JPG_min_y: 215.019
