-3.510085212149368084e-01 -1.256381803740317382e+00 8.547741005459708958e+02
8.935555835534040314e-01 -2.085744809309007408e+00 1.934157256270131029e+03
1.211223706752929822e-03 -1.596501802707700176e-03 1.000000000000000000e+00
DSC_8264.JPG_max_x: 322.427
DSC_8264.JPG_min_x: 42.3282
DSC_8264.JPG_max_y: 1473.32
DSC_8264.JPG_min_y: 962.183
DSC_8347.JPG_max_x: 1194.42
DSC_8347.JPG_min_x: 741.861
DSC_8347.JPG_max_y: 915.416
DSC_8347.JPG_min_y: 106.092
