8.269945649895328321e-01 1.128785310807357972e-01 1.435566373683037966e+02
1.894447767250319672e-02 8.512563889107519488e-01 3.382187824703843404e+01
6.854749331988839076e-05 1.055089044251723753e-04 1.000000000000000000e+00
DSC_8224.JPG_max_x: 1038.49
DSC_8224.JPG_min_x: 7.4341
DSC_8224.JPG_max_y: 1939.83
DSC_8224.JPG_min_y: 724.034
DSC_8322.JPG_max_x: 955.034
DSC_8322.JPG_min_x: 230.498
DSC_8322.JPG_max_y: 1358.83
DSC_8322.JPG_min_y: 597.064
