-1.814271544221849053e-01 -4.668234997926083429e-01 5.660682943130243530e+02
-2.421672994125558531e-01 -1.383779611451655178e+00 1.295435310179243970e+03
-1.449934945076864802e-04 -1.137853911328692933e-03 1.000000000000000000e+00
DSC_8203.JPG_max_x: 1283.26
DSC_8203.JPG_min_x: 352.143
DSC_8203.JPG_max_y: 711.143
DSC_8203.JPG_min_y: 16.777
DSC_8322.JPG_max_x: 1178.51
DSC_8322.JPG_min_x: 320.475
DSC_8322.JPG_max_y: 1551.21
DSC_8322.JPG_min_y: 617.602
