1.006340648302944674e+00 1.577891753991436663e-01 -2.366879423783846335e+02
-9.482371883563290860e-01 1.024183125719171139e+00 -6.497946620253281935e+02
-1.702899538898913464e-03 3.207224656699706931e-04 1.000000000000000000e+00
DSC_8376.JPG_max_x: 573.987
DSC_8376.JPG_min_x: 68.812
DSC_8376.JPG_max_y: 1832.03
DSC_8376.JPG_min_y: 1113.77
DSC_8421.JPG_max_x: 1031.24
DSC_8421.JPG_min_x: 81.6525
DSC_8421.JPG_max_y: 1139.08
DSC_8421.JPG_min_y: 154.928
