2.439836252392744598e+00 -8.704821036234755560e-02 -1.527946694165182407e+03
1.797709978690590349e+00 2.250358810178122670e+00 -8.928204096291967744e+02
1.638561988564233044e-03 -2.151164227219223314e-04 1.000000000000000000e+00
DSC_8314.JPG_max_x: 1202.07
DSC_8314.JPG_min_x: 768.389
DSC_8314.JPG_max_y: 1122.84
DSC_8314.JPG_min_y: 239.733
DSC_8434.JPG_max_x: 473.741
DSC_8434.JPG_min_x: 128.057
DSC_8434.JPG_max_y: 1436.25
DSC_8434.JPG_min_y: 511.074
