-6.198094275001012399e+00 1.356283109805310083e+00 9.528018688963644536e+02
-1.074035656932753469e+01 1.274449567342538892e+00 1.845733679134167915e+03
-6.430618680478691548e-03 1.168503570221022300e-03 1.000000000000000000e+00
DSC_8221.JPG_max_x: 1006.04
DSC_8221.JPG_min_x: 70.5511
DSC_8221.JPG_max_y: 956.539
DSC_8221.JPG_min_y: 212.815
DSC_8416.JPG_max_x: 1092.29
DSC_8416.JPG_min_x: 445.558
DSC_8416.JPG_max_y: 1817.86
DSC_8416.JPG_min_y: 1331.62
