-4.725325411472180690e+02 3.056047313317991438e+02 3.027045494032521383e+05
-9.894817940519722015e+02 1.065707008272748453e+03 1.874455127545971482e+05
-6.904524857153676587e-01 8.859380656206267135e-01 9.999999999999998890e-01
DSC_8198.JPG_max_x: 1317.39
DSC_8198.JPG_min_x: 343.061
DSC_8198.JPG_max_y: 1843.93
DSC_8198.JPG_min_y: 776.177
DSC_8464.JPG_max_x: 1242.57
DSC_8464.JPG_min_x: 24.1371
DSC_8464.JPG_max_y: 1892.27
DSC_8464.JPG_min_y: 953.429
