7.564256967996244585e-01 -1.737104952641784772e-01 -2.027769644446988906e+01
8.342824769903361970e-02 4.329067760642049678e-01 1.086515348245128280e+03
4.199184270450426659e-05 -2.099397337031367900e-04 1.000000000000000000e+00
DSC_8323.JPG_max_x: 1318.23
DSC_8323.JPG_min_x: 101.362
DSC_8323.JPG_max_y: 878.763
DSC_8323.JPG_min_y: 183.539
DSC_8428.JPG_max_x: 937.989
DSC_8428.JPG_min_x: 28.9355
DSC_8428.JPG_max_y: 1804.25
DSC_8428.JPG_min_y: 1214.36
