2.005731393764614623e+00 5.460753743958836059e-01 2.143604415400079688e+03
3.638399313044096139e-01 7.016657953680736526e+00 -7.565561277039363631e+03
-2.546074473173250315e-03 2.107522776140758128e-03 1.000000000000000000e+00
DSC_8236.JPG_max_x: 454.658
DSC_8236.JPG_min_x: 57.5977
DSC_8236.JPG_max_y: 1633.91
DSC_8236.JPG_min_y: 1115.94
DSC_8267.JPG_max_x: 1295.49
DSC_8267.JPG_min_x: 818.122
DSC_8267.JPG_max_y: 1169.69
DSC_8267.JPG_min_y: 108.539
