9.245723671317145342e-01 -2.207159927026521862e-01 -5.086800400522769650e+01
1.924840137555797470e-01 3.269781960285604860e-01 9.780778171421645766e+02
1.227933970891848859e-04 -3.501844223602767646e-04 1.000000000000000000e+00
DSC_8335.JPG_max_x: 1315.32
DSC_8335.JPG_min_x: 267.671
DSC_8335.JPG_max_y: 934.942
DSC_8335.JPG_min_y: 141.128
DSC_8432.JPG_max_x: 1093.48
DSC_8432.JPG_min_x: 169.092
DSC_8432.JPG_max_y: 1852.45
DSC_8432.JPG_min_y: 1089.8
