1.062345670625969962e+00 -5.532762760487238557e-02 -1.159755142557780516e+01
-6.235029380997954979e-02 8.976860107526325461e-01 1.892156683394628658e+02
-4.972538255956071964e-05 -7.386594006580406158e-05 9.999999999999998890e-01
DSC_8352.JPG_max_x: 1153.92
DSC_8352.JPG_min_x: 46.8083
DSC_8352.JPG_max_y: 1334.16
DSC_8352.JPG_min_y: 815.672
DSC_8446.JPG_max_x: 1323.23
DSC_8446.JPG_min_x: 12.3481
DSC_8446.JPG_max_y: 1557.87
DSC_8446.JPG_min_y: 965.613
