8.312538501441504302e-01 7.123977377996826288e-02 7.144768138593294680e+02
2.072863427433997013e-02 1.283622220949968362e+00 -8.972481901060085647e+02
-2.690886694916770584e-04 2.741020279510250385e-04 1.000000000000000000e+00
DSC_8306.JPG_max_x: 707.091
DSC_8306.JPG_min_x: 14.1319
DSC_8306.JPG_max_y: 1308.66
DSC_8306.JPG_min_y: 790.722
DSC_8447.JPG_max_x: 1281.57
DSC_8447.JPG_min_x: 623.29
DSC_8447.JPG_max_y: 613.977
DSC_8447.JPG_min_y: 104.18
