6.992614438398644383e-01 3.148227548983365681e-02 -4.431226359651412849e+02
3.220116588785456591e-01 6.521144888197628608e-01 1.999035444692548822e+02
3.934946965287224323e-04 1.676666478122960517e-05 1.000000000000000000e+00
DSC_8268.JPG_max_x: 1317.55
DSC_8268.JPG_min_x: 616.831
DSC_8268.JPG_max_y: 1320.59
DSC_8268.JPG_min_y: 489.304
DSC_8336.JPG_max_x: 331.584
DSC_8336.JPG_min_x: 6.43509
DSC_8336.JPG_max_y: 967.978
DSC_8336.JPG_min_y: 596.183
