2.733992420196653117e-01 -1.884985921601382008e-01 8.718026839951016882e+02
-6.599391516383122658e-02 5.914621970907111281e-01 1.165698913891779114e+02
-2.509988292732782456e-04 -1.193703317914587389e-06 1.000000000000000000e+00
DSC_8423.JPG_max_x: 886.318
DSC_8423.JPG_min_x: 77.1913
DSC_8423.JPG_max_y: 1567.11
DSC_8423.JPG_min_y: 584.743
DSC_8477.JPG_max_x: 1280.25
DSC_8477.JPG_min_x: 789.066
DSC_8477.JPG_max_y: 1163.99
DSC_8477.JPG_min_y: 457.989
