1.259234215548077795e+00 2.517905504030248237e-02 -2.274662902585886570e+02
2.016452317385996826e-02 1.241505536465838277e+00 -2.974750647997914825e+02
3.208086727879918307e-05 -2.859182567122689286e-07 1.000000000000000000e+00
DSC_8200.JPG_max_x: 1232.48
DSC_8200.JPG_min_x: 166.448
DSC_8200.JPG_max_y: 1637.95
DSC_8200.JPG_min_y: 845.549
DSC_8220.JPG_max_x: 1304.29
DSC_8220.JPG_min_x: 10.6351
DSC_8220.JPG_max_y: 1727.69
DSC_8220.JPG_min_y: 748.489
