5.901650997490894834e-01 1.132887176275609517e-03 1.027829429671140133e+03
-3.327512183475814789e-01 9.114245344287742467e-01 7.116263615769595674e+01
-3.387846157947903909e-04 -1.617278381213105179e-05 1.000000000000000000e+00
DSC_8224.JPG_max_x: 258.266
DSC_8224.JPG_min_x: 7.4341
DSC_8224.JPG_max_y: 1894.2
DSC_8224.JPG_min_y: 728.61
DSC_8238.JPG_max_x: 1313.2
DSC_8238.JPG_min_x: 1050.5
DSC_8238.JPG_max_y: 1897.16
DSC_8238.JPG_min_y: 729.115
