-3.071163744927898165e+01 -9.518876122596244826e-01 1.808718764410721406e+03
-2.633984390947651022e+01 -5.832963274801237219e+00 5.916388836507305768e+02
-2.235016025246269397e-02 -8.812139085306149380e-04 1.000000000000000000e+00
DSC_8335.JPG_max_x: 730.378
DSC_8335.JPG_min_x: 263.515
DSC_8335.JPG_max_y: 503.441
DSC_8335.JPG_min_y: 9.05744
DSC_8400.JPG_max_x: 1330.75
DSC_8400.JPG_min_x: 1274.99
DSC_8400.JPG_max_y: 1600.75
DSC_8400.JPG_min_y: 1261.71
