6.065034937301172491e-01 -3.632191370892008386e-01 6.733250747552179973e+02
3.900856556029443784e-02 7.990061605346717721e-01 4.424322104816488377e+01
-3.151941351650850483e-04 3.855582302095767269e-05 1.000000000000000000e+00
DSC_8309.JPG_max_x: 976.593
DSC_8309.JPG_min_x: 41.6593
DSC_8309.JPG_max_y: 1311.98
DSC_8309.JPG_min_y: 398.527
DSC_8429.JPG_max_x: 1311.44
DSC_8429.JPG_min_x: 483.699
DSC_8429.JPG_max_y: 1230.76
DSC_8429.JPG_min_y: 419.332
