1.865694601219491844e+01 5.773637479871831957e+00 -1.420217968454611400e+04
-3.318141743368118735e-01 1.843637185240289966e+01 -2.383049845541610921e+04
1.556733913498292016e-03 8.570870389717981375e-03 1.000000000000000000e+00
DSC_8254.JPG_max_x: 1319.1
DSC_8254.JPG_min_x: 200.544
DSC_8254.JPG_max_y: 1821.14
DSC_8254.JPG_min_y: 1462.29
DSC_8255.JPG_max_x: 1175.86
DSC_8255.JPG_min_x: 13.1469
DSC_8255.JPG_max_y: 612.775
DSC_8255.JPG_min_y: 161.647
