3.091356038269484907e-01 -5.462398499862654022e-01 1.274695521891228282e+03
-4.725023759736598494e-01 4.735863693813586739e-01 1.154122984161795330e+03
-4.947894857741797067e-04 -1.970151917049723820e-04 1.000000000000000000e+00
DSC_8199.JPG_max_x: 214.792
DSC_8199.JPG_min_x: 9.89965
DSC_8199.JPG_max_y: 800.939
DSC_8199.JPG_min_y: 173.577
DSC_8216.JPG_max_x: 1314.95
DSC_8216.JPG_min_x: 1061.75
DSC_8216.JPG_max_y: 1880.42
DSC_8216.JPG_min_y: 1289.16
