8.247489589402025034e-01 -1.431927815142860494e-01 -1.684377814126334840e+02
-1.977455714705263490e-01 8.897488224736764817e-01 2.632659554050140400e+02
-2.445380813246492537e-04 -1.451245984208058030e-04 1.000000000000000000e+00
DSC_8296.JPG_max_x: 1267.75
DSC_8296.JPG_min_x: 769.274
DSC_8296.JPG_max_y: 1082.76
DSC_8296.JPG_min_y: 379.317
DSC_8424.JPG_max_x: 1322.76
DSC_8424.JPG_min_x: 495.134
DSC_8424.JPG_max_y: 1751.81
DSC_8424.JPG_min_y: 575.699
