1.112001530857134046e+00 -7.667784698268691190e-02 7.981380807381329987e+02
-4.176858197896206326e-02 1.245075102347133589e+00 -1.835732252130836741e+02
-1.472290662337378370e-04 -3.423253604112719663e-05 1.000000000000000000e+00
DSC_8246.JPG_max_x: 429.684
DSC_8246.JPG_min_x: 138.574
DSC_8246.JPG_max_y: 1175.42
DSC_8246.JPG_min_y: 489.206
DSC_8326.JPG_max_x: 1318.43
DSC_8326.JPG_min_x: 932.547
DSC_8326.JPG_max_y: 1404.87
DSC_8326.JPG_min_y: 389.263
