-4.654141244294020652e+00 -2.963421281651876349e+00 1.682214749374125631e+03
-3.499079696226908620e+00 -4.678655502372563113e+00 2.160610507742069331e+03
-3.306565956720114614e-03 -3.077947854238598843e-03 1.000000000000000000e+00
DSC_8268.JPG_max_x: 1317.55
DSC_8268.JPG_min_x: 13.725
DSC_8268.JPG_max_y: 1684.23
DSC_8268.JPG_min_y: 514.364
DSC_8416.JPG_max_x: 1233.11
DSC_8416.JPG_min_x: 747.054
DSC_8416.JPG_max_y: 1655.88
DSC_8416.JPG_min_y: 958.301
