1.707718782270387092e-01 2.067219500287688708e-02 5.135673759747878648e+02
-6.222908248778247914e-02 3.468677362162322364e-01 2.183520963539965010e+02
-2.895829671654069864e-04 1.312435110826897803e-05 9.999999999999998890e-01
DSC_8227.JPG_max_x: 1299.55
DSC_8227.JPG_min_x: 49.5655
DSC_8227.JPG_max_y: 1222.93
DSC_8227.JPG_min_y: 199.124
DSC_8455.JPG_max_x: 1148.96
DSC_8455.JPG_min_x: 512.982
DSC_8455.JPG_max_y: 801.593
DSC_8455.JPG_min_y: 307.926
