1.359449001154987124e+00 -1.683220955668934593e+00 8.253188709820856275e+02
6.611416969411495481e-01 -8.551285117174842743e-01 3.951064686319303974e+02
1.311592163261860291e-03 -1.952929442683570523e-03 9.999999999999998890e-01
DSC_8225.JPG_max_x: 931.92
DSC_8225.JPG_min_x: 61.6981
DSC_8225.JPG_max_y: 1407.35
DSC_8225.JPG_min_y: 220.42
DSC_8397.JPG_max_x: 1102.09
DSC_8397.JPG_min_x: 476.435
DSC_8397.JPG_max_y: 558.808
DSC_8397.JPG_min_y: 310.462
