2.061453542156860497e+00 5.416513199372244847e-01 -2.230011647263158636e+02
-7.472065488951676413e-04 2.348397483156741572e+00 -2.023545696475411660e+03
-5.214191823661041951e-05 6.570092341252625366e-04 1.000000000000000000e+00
DSC_8236.JPG_max_x: 496.986
DSC_8236.JPG_min_x: 17.6919
DSC_8236.JPG_max_y: 1633.91
DSC_8236.JPG_min_y: 888.016
DSC_8433.JPG_max_x: 827.359
DSC_8433.JPG_min_x: 225.066
DSC_8433.JPG_max_y: 883.332
DSC_8433.JPG_min_y: 43.8754
