9.224453751093097509e+00 3.159199476267852802e+00 -6.288045098835923454e+03
-6.843735725359464395e-01 1.010518561874770960e+01 -1.321720579980741786e+04
1.762291945666696023e-04 4.415636491140813476e-03 1.000000000000000000e+00
DSC_8236.JPG_max_x: 1302.73
DSC_8236.JPG_min_x: 135.076
DSC_8236.JPG_max_y: 1909.83
DSC_8236.JPG_min_y: 1463.04
DSC_8237.JPG_max_x: 1300.92
DSC_8237.JPG_min_x: 24.3476
DSC_8237.JPG_max_y: 649.265
DSC_8237.JPG_min_y: 148.947
