8.218931331612522317e-01 -2.079754795756169269e-02 7.261900986356548060e+01
8.169241373649678561e-02 8.968314802119236040e-01 1.521151586671125244e+02
-1.854038121355465233e-05 1.470079345993620639e-04 1.000000000000000000e+00
DSC_8228.JPG_max_x: 823.701
DSC_8228.JPG_min_x: 88.3026
DSC_8228.JPG_max_y: 1927.13
DSC_8228.JPG_min_y: 372.352
DSC_8310.JPG_max_x: 562.301
DSC_8310.JPG_min_x: 49.4881
DSC_8310.JPG_max_y: 1548.03
DSC_8310.JPG_min_y: 472.551
