3.420767475041846861e+00 1.558686357001403400e-01 -3.811090786222302995e+03
1.731741212642589289e+00 3.108632484630535320e+00 -1.692430052236539268e+03
1.714254009085601970e-03 -4.372075803828796361e-07 1.000000000000000000e+00
DSC_8322.JPG_max_x: 1325.13
DSC_8322.JPG_min_x: 1065.36
DSC_8322.JPG_max_y: 1503.96
DSC_8322.JPG_min_y: 1084.86
DSC_8324.JPG_max_x: 280.962
DSC_8324.JPG_min_x: 10.198
DSC_8324.JPG_max_y: 1653.1
DSC_8324.JPG_min_y: 1247.96
