2.786301545229564525e+01 5.891201217098741338e+00 -2.697394094989275254e+04
6.498598145433054363e-01 3.335948111048559639e+01 -3.234612116339302520e+04
1.348432320221655935e-03 9.113407110558687657e-03 1.000000000000000000e+00
DSC_8262.JPG_max_x: 1301.95
DSC_8262.JPG_min_x: 830.36
DSC_8262.JPG_max_y: 1715.99
DSC_8262.JPG_min_y: 995.047
DSC_8423.JPG_max_x: 1183.45
DSC_8423.JPG_min_x: 182.881
DSC_8423.JPG_max_y: 1441.39
DSC_8423.JPG_min_y: 132.35
