1.074172460979470500e+00 -6.293502662575523043e-02 -2.291646066702026019e+02
2.827049972962509816e-01 1.203539765885136559e+00 -7.365639734197435473e+01
1.655092869499658406e-04 2.939871648847638855e-04 1.000000000000000000e+00
DSC_8208.JPG_max_x: 1244.11
DSC_8208.JPG_min_x: 268.653
DSC_8208.JPG_max_y: 1990.06
DSC_8208.JPG_min_y: 844.891
DSC_8354.JPG_max_x: 545.223
DSC_8354.JPG_min_x: 3.86726
DSC_8354.JPG_max_y: 1496.62
DSC_8354.JPG_min_y: 801.159
