-1.324763210888877119e+01 -3.737918714068456882e+00 3.708757172799861564e+03
-8.201258742878873020e-01 -1.616453792254618804e+01 1.782611207474407638e+04
-3.122868969670346186e-03 -5.797453065344434879e-03 1.000000000000000000e+00
DSC_8216.JPG_max_x: 855.684
DSC_8216.JPG_min_x: 39.5146
DSC_8216.JPG_max_y: 1792.27
DSC_8216.JPG_min_y: 1112.96
DSC_8361.JPG_max_x: 1307.94
DSC_8361.JPG_min_x: 218.829
DSC_8361.JPG_max_y: 1038.34
DSC_8361.JPG_min_y: 50.1978
