7.144569014095031312e-01 -2.199134614836927015e-02 2.722132989037630750e+02
-5.202327976985330338e-01 9.973320566102331641e-01 -1.530882834980644702e+01
-6.489532801100188035e-04 4.705759286916438638e-05 1.000000000000000000e+00
DSC_8218.JPG_max_x: 499.126
DSC_8218.JPG_min_x: 325.56
DSC_8218.JPG_max_y: 1756.08
DSC_8218.JPG_min_y: 579.265
DSC_8264.JPG_max_x: 856.663
DSC_8264.JPG_min_x: 594.742
DSC_8264.JPG_max_y: 1886.9
DSC_8264.JPG_min_y: 470.826
