1.070793026268295645e+00 9.790365255693063151e-01 1.001049431574221899e+03
-6.968273668380271513e-01 3.225024490219996931e+00 -1.112101546350509807e+03
-7.961110049031121585e-04 1.213488978139193536e-03 1.000000000000000000e+00
DSC_8210.JPG_max_x: 532.155
DSC_8210.JPG_min_x: 50.1061
DSC_8210.JPG_max_y: 1983.93
DSC_8210.JPG_min_y: 1483.21
DSC_8338.JPG_max_x: 1244.3
DSC_8338.JPG_min_x: 894.726
DSC_8338.JPG_max_y: 1634.92
DSC_8338.JPG_min_y: 1384.18
