-2.481901975911697367e+00 -1.857839450059268316e+00 2.439472414069539809e+03
-2.049620096245478029e-01 -2.814662844191309521e+00 3.974497420497263647e+03
-2.518031551069718505e-04 -1.616352833738761343e-03 1.000000000000000000e+00
DSC_8238.JPG_max_x: 643.945
DSC_8238.JPG_min_x: 169.906
DSC_8238.JPG_max_y: 1681.74
DSC_8238.JPG_min_y: 1459.86
DSC_8255.JPG_max_x: 1226.2
DSC_8255.JPG_min_x: 566.043
DSC_8255.JPG_max_y: 464.504
DSC_8255.JPG_min_y: 161.647
