3.504489037186999667e-01 5.794035289031250480e-02 1.839881414013250662e+02
-2.925481355881514034e-01 6.017621244825214211e-01 3.346568027709444664e+02
-4.240541393768276681e-04 1.121057798271362407e-04 1.000000000000000000e+00
DSC_8228.JPG_max_x: 1325.95
DSC_8228.JPG_min_x: 98.0483
DSC_8228.JPG_max_y: 1887.29
DSC_8228.JPG_min_y: 350.839
DSC_8276.JPG_max_x: 1276.62
DSC_8276.JPG_min_x: 240.702
DSC_8276.JPG_max_y: 1383.48
DSC_8276.JPG_min_y: 506.723
