7.931220184658199779e-02 -2.858606997740975597e-01 4.733400676348942966e+02
-5.795979202955416076e-02 -5.782545354659137660e-01 1.278404671394987872e+03
-4.656899195077246337e-05 -5.109851764175816482e-04 1.000000000000000000e+00
DSC_8289.JPG_max_x: 1116.74
DSC_8289.JPG_min_x: 477.788
DSC_8289.JPG_max_y: 832.551
DSC_8289.JPG_min_y: 259.339
DSC_8378.JPG_max_x: 606.125
DSC_8378.JPG_min_x: 507.386
DSC_8378.JPG_max_y: 1397.46
DSC_8378.JPG_min_y: 1303.29
