1.031770169363411954e-01 -9.109417469199876383e-01 1.158867584197550968e+03
2.235901492122443768e-01 -1.062852599677791554e+00 1.289017726863904500e+03
1.203079405426525216e-04 -8.057242311965592515e-04 1.000000000000000000e+00
DSC_8196.JPG_max_x: 1172.07
DSC_8196.JPG_min_x: 405.861
DSC_8196.JPG_max_y: 1845.91
DSC_8196.JPG_min_y: 1117.71
DSC_8423.JPG_max_x: 1265.88
DSC_8423.JPG_min_x: 240.521
DSC_8423.JPG_max_y: 1357.64
DSC_8423.JPG_min_y: 305.495
