1.015540309952582820e+00 1.345497811332773685e-01 3.657794358080205939e+02
-1.082586245266899505e+00 1.876363977104501979e+00 -4.419270185936760527e+02
-8.102424334227485096e-04 -4.534906010614119697e-05 1.000000000000000000e+00
DSC_8432.JPG_max_x: 371.635
DSC_8432.JPG_min_x: 140.04
DSC_8432.JPG_max_y: 1027.45
DSC_8432.JPG_min_y: 842.726
DSC_8462.JPG_max_x: 1299.01
DSC_8462.JPG_min_x: 747.066
DSC_8462.JPG_max_y: 1660.6
DSC_8462.JPG_min_y: 1125.08
