4.628978385821179709e-01 -2.295946574488379188e-01 8.923754396540217613e+02
-4.591884849645883060e-02 8.479936025798162635e-01 1.046981875842073748e+02
-3.886119638086065159e-04 5.915189990370721960e-05 1.000000000000000000e+00
DSC_8327.JPG_max_x: 537.891
DSC_8327.JPG_min_x: 4.59106
DSC_8327.JPG_max_y: 1100.05
DSC_8327.JPG_min_y: 66.1814
DSC_8427.JPG_max_x: 1261.96
DSC_8427.JPG_min_x: 645.139
DSC_8427.JPG_max_y: 1161.54
DSC_8427.JPG_min_y: 188.512
