1.590349091514132507e+00 3.683157512663990385e-01 7.485160394844414213e+02
5.800816772473246230e-01 2.135517827049418838e+00 -1.162896410427746652e+01
4.343242074131784133e-04 6.260326065325184366e-04 1.000000000000000000e+00
DSC_8322.JPG_max_x: 967.746
DSC_8322.JPG_min_x: 23.9067
DSC_8322.JPG_max_y: 1643.78
DSC_8322.JPG_min_y: 610.462
DSC_8472.JPG_max_x: 1303.14
DSC_8472.JPG_min_x: 332.114
DSC_8472.JPG_max_y: 1682.42
DSC_8472.JPG_min_y: 1020.1
