3.569190937852401824e+00 -2.385911458444359035e+00 1.388767809494046787e+03
1.843418069718089969e+00 -2.752039851562144257e+00 2.625764354383491536e+03
3.816960541117399904e-03 -2.170751422938173476e-03 1.000000000000000000e+00
DSC_8432.JPG_max_x: 498.225
DSC_8432.JPG_min_x: 187.878
DSC_8432.JPG_max_y: 1676.69
DSC_8432.JPG_min_y: 1157.84
DSC_8463.JPG_max_x: 1321.37
DSC_8463.JPG_min_x: 765.025
DSC_8463.JPG_max_y: 1535.23
DSC_8463.JPG_min_y: 136.811
