3.123204129295808595e+00 1.573009275591331857e+00 -3.770619704113731586e+03
-8.910817597758559361e-02 4.674139918546601713e+00 -6.212148882765821327e+03
4.273151652029581358e-04 1.971496106567773802e-03 1.000000000000000000e+00
DSC_8330.JPG_max_x: 1032.65
DSC_8330.JPG_min_x: 415.667
DSC_8330.JPG_max_y: 1976.8
DSC_8330.JPG_min_y: 1656.47
DSC_8265.JPG_max_x: 466.854
DSC_8265.JPG_min_x: 92.236
DSC_8265.JPG_max_y: 571.862
DSC_8265.JPG_min_y: 308.405
