2.321783432163629257e+00 1.622138965267035660e-01 -1.093146754216002819e+03
5.276404291230490234e-02 2.387304200042470903e+00 -2.102883227955007897e+03
1.597645389555657882e-04 7.380157855010681216e-04 1.000000000000000000e+00
DSC_8454.JPG_max_x: 1309.57
DSC_8454.JPG_min_x: 415.061
DSC_8454.JPG_max_y: 1578.93
DSC_8454.JPG_min_y: 1220.89
DSC_8475.JPG_max_x: 962.472
DSC_8475.JPG_min_x: 47.2223
DSC_8475.JPG_max_y: 742.464
DSC_8475.JPG_min_y: 410.3
