-1.083537839007859827e+00 -5.863079721049377913e-01 9.074917008611057554e+02
-1.979017251100188002e+00 -7.700874340749194191e-01 1.278233201928492690e+03
-1.439344099798476077e-03 -6.244108910591940342e-04 1.000000000000000000e+00
DSC_8348.JPG_max_x: 221.143
DSC_8348.JPG_min_x: 11.9158
DSC_8348.JPG_max_y: 1252.02
DSC_8348.JPG_min_y: 737.927
DSC_8420.JPG_max_x: 1176.95
DSC_8420.JPG_min_x: 362.112
DSC_8420.JPG_max_y: 1791.92
DSC_8420.JPG_min_y: 968.427
