7.002196939110165719e-01 -1.254408215394163251e-01 8.551162472840957207e+02
1.936778241836176750e-01 9.900983124233748711e-01 -5.802668872988646598e+01
4.892089444958051570e-05 -5.419842733816136320e-05 1.000000000000000000e+00
DSC_8248.JPG_max_x: 802.482
DSC_8248.JPG_min_x: 39.9227
DSC_8248.JPG_max_y: 1558.47
DSC_8248.JPG_min_y: 597.558
DSC_8298.JPG_max_x: 1302.79
DSC_8298.JPG_min_x: 807.258
DSC_8298.JPG_max_y: 1697.97
DSC_8298.JPG_min_y: 577.372
