3.900124549714811373e+00 1.070677729959114588e+00 -2.169582755509934941e+03
4.128399306848930250e-02 3.815322754495586555e+00 -4.471168389411205681e+03
2.779463436954073647e-04 1.516546700516487392e-03 1.000000000000000000e+00
DSC_8226.JPG_max_x: 984.203
DSC_8226.JPG_min_x: 197.816
DSC_8226.JPG_max_y: 1884.59
DSC_8226.JPG_min_y: 1363.74
DSC_8227.JPG_max_x: 910.863
DSC_8227.JPG_min_x: 92.9111
DSC_8227.JPG_max_y: 678.007
DSC_8227.JPG_min_y: 241.576
