8.472162635682395360e-01 3.414999483007676861e-01 -8.502694538532031174e+02
-3.834755760274001501e-02 9.896157325539937100e-01 -1.465408141422090011e+02
-4.634881121698767854e-05 4.753573913696598442e-06 1.000000000000000000e+00
DSC_8405.JPG_max_x: 1280.52
DSC_8405.JPG_min_x: 636.223
DSC_8405.JPG_max_y: 1499.84
DSC_8405.JPG_min_y: 262.634
DSC_8421.JPG_max_x: 604.251
DSC_8421.JPG_min_x: 12.8022
DSC_8421.JPG_max_y: 1346.32
DSC_8421.JPG_min_y: 66.2559
