7.153565051385480933e-01 -3.783641643314670233e-01 6.480361917344487210e+02
1.615244933581109210e-01 1.133013635235665895e+00 -3.361143154472286483e+02
-2.972388150671237276e-04 2.001100813566961264e-04 9.999999999999998890e-01
DSC_8373.JPG_max_x: 1098.22
DSC_8373.JPG_min_x: 336.567
DSC_8373.JPG_max_y: 1780.52
DSC_8373.JPG_min_y: 932.614
DSC_8391.JPG_max_x: 861.899
DSC_8391.JPG_min_x: 449.197
DSC_8391.JPG_max_y: 1785.02
DSC_8391.JPG_min_y: 757.807
