-4.449649805972880623e-01 -2.805418716117693001e-01 8.150384533422075037e+02
-9.941144403189636769e-01 -1.316696437884652127e-01 9.250876426384423894e+02
-8.340631637993118014e-04 -2.871416323087948221e-04 1.000000000000000000e+00
DSC_8238.JPG_max_x: 1126.2
DSC_8238.JPG_min_x: 122.526
DSC_8238.JPG_max_y: 1667.27
DSC_8238.JPG_min_y: 1071.89
DSC_8254.JPG_max_x: 1307.71
DSC_8254.JPG_min_x: 89.1101
DSC_8254.JPG_max_y: 1788.86
DSC_8254.JPG_min_y: 532.355
