1.240895570585526936e-01 -6.662114698766628818e-02 6.244101063116565911e+02
-2.129852683683412518e-01 3.169053957087352713e-01 5.844396662906589199e+02
-2.360794025028145127e-04 -7.404835279942726571e-05 1.000000000000000000e+00
DSC_8256.JPG_max_x: 1314.06
DSC_8256.JPG_min_x: 294.02
DSC_8256.JPG_max_y: 1695.26
DSC_8256.JPG_min_y: 656.966
DSC_8352.JPG_max_x: 1240.76
DSC_8352.JPG_min_x: 700.683
DSC_8352.JPG_max_y: 1313.76
DSC_8352.JPG_min_y: 815.672
