2.164158266838614786e+00 -2.968717022704080444e-01 8.742588552452310751e+02
1.661275177699562455e+00 5.892259691309806868e-01 -3.112797543392069244e+01
1.297806695286342045e-03 -2.722477837636134556e-04 1.000000000000000000e+00
DSC_8246.JPG_max_x: 1192.13
DSC_8246.JPG_min_x: 143.305
DSC_8246.JPG_max_y: 1543.93
DSC_8246.JPG_min_y: 466.428
DSC_8276.JPG_max_x: 1326.99
DSC_8276.JPG_min_x: 958.533
DSC_8276.JPG_max_y: 1397.25
DSC_8276.JPG_min_y: 517.395
