6.724960264699686441e-01 4.292088726094948209e-02 -5.190153998104494804e+02
2.013908261546149547e-01 1.218249214160700977e-01 1.061094096413684838e+03
2.238148242112636605e-04 -3.554229026165609613e-04 1.000000000000000000e+00
DSC_8325.JPG_max_x: 1326.52
DSC_8325.JPG_min_x: 714.162
DSC_8325.JPG_max_y: 1043.56
DSC_8325.JPG_min_y: 446.852
DSC_8456.JPG_max_x: 428.801
DSC_8456.JPG_min_x: 10.9512
DSC_8456.JPG_max_y: 1652.33
DSC_8456.JPG_min_y: 1238.43
