4.249359318614530645e-01 -1.362102496901646809e-01 1.187401265573870432e+03
-7.084328440910396818e-01 1.217942089345084744e+00 -1.803152801091776780e+02
-7.012675414644481409e-04 -6.565127947282979192e-05 1.000000000000000000e+00
DSC_8198.JPG_max_x: 143.968
DSC_8198.JPG_min_x: 4.68645
DSC_8198.JPG_max_y: 1525.82
DSC_8198.JPG_min_y: 750.619
DSC_8346.JPG_max_x: 1328.91
DSC_8346.JPG_min_x: 1096.49
DSC_8346.JPG_max_y: 1849.61
DSC_8346.JPG_min_y: 757.207
