-4.215710812660384832e-01 -5.879082230493219985e-01 1.095619540873104370e+03
-2.205886464048647799e-01 -1.684107431265086108e-01 3.946119625382038407e+02
-4.563496957890596597e-04 -4.957887060033584672e-04 1.000000000000000000e+00
DSC_8322.JPG_max_x: 826.233
DSC_8322.JPG_min_x: 436.716
DSC_8322.JPG_max_y: 1398.52
DSC_8322.JPG_min_y: 1112.55
DSC_8367.JPG_max_x: 1182.91
DSC_8367.JPG_min_x: 384.883
DSC_8367.JPG_max_y: 578.22
DSC_8367.JPG_min_y: 295.566
