1.491736680095548717e+00 1.101650268421253909e+00 -5.562571063358715264e+02
-9.330746524450039825e-02 1.916801593856931607e+00 -2.101230396890218799e+03
-2.550786732108040514e-04 7.740714846645191122e-04 1.000000000000000000e+00
DSC_8442.JPG_max_x: 953.198
DSC_8442.JPG_min_x: 18.8902
DSC_8442.JPG_max_y: 1846.59
DSC_8442.JPG_min_y: 1436.83
DSC_8455.JPG_max_x: 1323.63
DSC_8455.JPG_min_x: 512.982
DSC_8455.JPG_max_y: 617.338
DSC_8455.JPG_min_y: 307.926
