5.351417496643946947e+00 1.799660740087100752e+00 -3.050500378214122520e+03
-1.327640853911175034e-01 6.436264448463656862e+00 -9.312631037298879164e+03
-1.051806250672095188e-04 2.329382373451196250e-03 1.000000000000000000e+00
DSC_8420.JPG_max_x: 1090.28
DSC_8420.JPG_min_x: 4.28995
DSC_8420.JPG_max_y: 1932.82
DSC_8420.JPG_min_y: 1442.71
DSC_8421.JPG_max_x: 1168.28
DSC_8421.JPG_min_x: 30.9515
DSC_8421.JPG_max_y: 555.083
DSC_8421.JPG_min_y: 13.351
