1.583362327403161851e+00 -1.346485826675632436e-01 -6.451318537712570560e+02
3.363969136229846141e-02 1.486802367156567106e+00 -4.540406687658526153e+02
-3.892090276527129035e-05 -1.483401977293421288e-04 9.999999999999998890e-01
DSC_8216.JPG_max_x: 1166.8
DSC_8216.JPG_min_x: 553.248
DSC_8216.JPG_max_y: 1304.12
DSC_8216.JPG_min_y: 664.81
DSC_8404.JPG_max_x: 1314.95
DSC_8404.JPG_min_x: 48.8727
DSC_8404.JPG_max_y: 1961.41
DSC_8404.JPG_min_y: 643.513
