1.215482808861614528e+00 1.510579552886751609e-01 -1.111661395659671427e+02
7.358347000955886563e-02 9.461095534372818694e-01 -8.674816281347068525e+02
8.970768562884390144e-05 1.383431577223289311e-04 1.000000000000000000e+00
DSC_8354.JPG_max_x: 1167.14
DSC_8354.JPG_min_x: 91.9323
DSC_8354.JPG_max_y: 1885.59
DSC_8354.JPG_min_y: 726.372
DSC_8395.JPG_max_x: 1201.2
DSC_8395.JPG_min_x: 184.137
DSC_8395.JPG_max_y: 711.243
DSC_8395.JPG_min_y: 29.4687
