9.638557125861815233e-01 1.022629785000422481e-01 -3.590140225032082526e+02
6.943756908404055683e-02 8.909503624171593028e-01 1.647931656982423760e+02
1.100112682614210938e-04 -4.642660347856166376e-05 1.000000000000000000e+00
DSC_8337.JPG_max_x: 1288.66
DSC_8337.JPG_min_x: 341.593
DSC_8337.JPG_max_y: 1426.94
DSC_8337.JPG_min_y: 160.698
DSC_8431.JPG_max_x: 815.542
DSC_8431.JPG_min_x: 32.3102
DSC_8431.JPG_max_y: 1463.2
DSC_8431.JPG_min_y: 344.443
