2.996829315842667540e+00 9.599386327326097090e-01 -1.443730574961109824e+03
-3.036532921832117426e-01 3.824886585592552901e+00 -3.935299521147329870e+03
-1.670264944502483466e-04 1.367047874677544727e-03 1.000000000000000000e+00
DSC_8264.JPG_max_x: 683.737
DSC_8264.JPG_min_x: 91.7924
DSC_8264.JPG_max_y: 1886.9
DSC_8264.JPG_min_y: 1063.49
DSC_8265.JPG_max_x: 703.445
DSC_8265.JPG_min_x: 6.58745
DSC_8265.JPG_max_y: 888.509
DSC_8265.JPG_min_y: 20.1876
