2.767056585664831481e+00 -8.845283644696576297e-02 -7.241105606687016234e+02
3.416485890210449461e-01 2.654925381159994657e+00 -2.147840473230507996e+03
2.219121820929637805e-04 2.940764274575304599e-05 9.999999999999998890e-01
DSC_8378.JPG_max_x: 871.047
DSC_8378.JPG_min_x: 309.252
DSC_8378.JPG_max_y: 1594.52
DSC_8378.JPG_min_y: 1045.61
DSC_8448.JPG_max_x: 1297.85
DSC_8448.JPG_min_x: 14.4578
DSC_8448.JPG_max_y: 1957.08
DSC_8448.JPG_min_y: 698.859
