-8.541463430323946726e-01 5.263837032062601562e-02 9.719659132178487653e+02
-1.126478288524160432e+00 -2.025351544316979224e-01 1.612978806635378078e+03
-8.493791843673040168e-04 1.640564860249044479e-05 1.000000000000000000e+00
DSC_8400.JPG_max_x: 1324.8
DSC_8400.JPG_min_x: 356.253
DSC_8400.JPG_max_y: 1926.32
DSC_8400.JPG_min_y: 1248.54
DSC_8468.JPG_max_x: 1152.85
DSC_8468.JPG_min_x: 639.04
DSC_8468.JPG_max_y: 1945.11
DSC_8468.JPG_min_y: 1067.54
