5.553331234825238383e-01 -3.427241379432654361e-02 8.793537784046229433e+01
5.863865642892823055e-02 4.780668787037193335e-01 5.351761717734993908e+02
7.122306202905739263e-05 -4.545695402604041130e-05 1.000000000000000000e+00
DSC_8254.JPG_max_x: 1307.71
DSC_8254.JPG_min_x: 27.4768
DSC_8254.JPG_max_y: 1607.58
DSC_8254.JPG_min_y: 525.343
DSC_8352.JPG_max_x: 746.283
DSC_8352.JPG_min_x: 93.5633
DSC_8352.JPG_max_y: 1345.06
DSC_8352.JPG_min_y: 812.07
