6.954622996625773323e-01 -5.167603021182011203e-01 8.716514526354052350e+02
2.122739969251594971e-01 2.428750646666265611e-01 -7.670649157138139174e+01
4.306339924772726560e-04 -5.510678937810870384e-04 1.000000000000000000e+00
DSC_8296.JPG_max_x: 1237.92
DSC_8296.JPG_min_x: 37.7013
DSC_8296.JPG_max_y: 1335.39
DSC_8296.JPG_min_y: 834.886
DSC_8475.JPG_max_x: 1294.75
DSC_8475.JPG_min_x: 794.692
DSC_8475.JPG_max_y: 744.765
DSC_8475.JPG_min_y: 193.8
