2.517340497475678340e+00 1.041299014323669558e+00 -1.907327349745981564e+03
-6.436917737107014093e-01 4.411232388941588312e+00 -4.824411320678340417e+03
-9.682395730331375128e-04 1.496553618633296142e-03 1.000000000000000000e+00
DSC_8266.JPG_max_x: 1225.41
DSC_8266.JPG_min_x: 698.732
DSC_8266.JPG_max_y: 1946.16
DSC_8266.JPG_min_y: 1299.25
DSC_8283.JPG_max_x: 1290.36
DSC_8283.JPG_min_x: 538.412
DSC_8283.JPG_max_y: 1057.84
DSC_8283.JPG_min_y: 133.814
