-2.977080205766826151e-02 -1.726268940754977221e-01 4.290817185470702952e+02
-1.163151826705721842e-01 2.804433917566950471e-02 1.217929708438416014e+02
-2.961717322071695914e-04 -3.393320028904386171e-04 1.000000000000000000e+00
DSC_8228.JPG_max_x: 823.701
DSC_8228.JPG_min_x: 290.089
DSC_8228.JPG_max_y: 1816.19
DSC_8228.JPG_min_y: 563.553
DSC_8277.JPG_max_x: 612.062
DSC_8277.JPG_min_x: 417.169
DSC_8277.JPG_max_y: 480.746
DSC_8277.JPG_min_y: 149.399
