2.306645513571170092e+00 3.748671203936620455e-01 -1.196616531544297231e+03
-4.315049683182029527e-01 3.532725350459704039e+00 -3.509224623300009625e+03
-6.384228000198763353e-04 5.830284206073903632e-04 1.000000000000000000e+00
DSC_8236.JPG_max_x: 898.884
DSC_8236.JPG_min_x: 340.13
DSC_8236.JPG_max_y: 1750.56
DSC_8236.JPG_min_y: 1403.47
DSC_8269.JPG_max_x: 1114.47
DSC_8269.JPG_min_x: 81.1691
DSC_8269.JPG_max_y: 1404.27
DSC_8269.JPG_min_y: 847.673
