-9.110393858674383782e-01 -1.131225553615965884e+00 1.397289309366135967e+03
-7.928323407335402528e-01 1.179752985637331220e-01 2.699274292568900364e+02
-1.020674622885251034e-03 -6.582326101318527242e-04 1.000000000000000000e+00
DSC_8369.JPG_max_x: 652.823
DSC_8369.JPG_min_x: 35.181
DSC_8369.JPG_max_y: 762.973
DSC_8369.JPG_min_y: 470.281
DSC_8397.JPG_max_x: 1329.74
DSC_8397.JPG_min_x: 344.642
DSC_8397.JPG_max_y: 952.043
DSC_8397.JPG_min_y: 388.966
