1.234542944070216253e+00 1.015994579197036229e-01 -4.996352589725487974e+02
4.888338610949658630e-02 1.344846214793137928e+00 -3.388475216498274563e+02
1.553213530853152571e-04 7.216221845469880669e-05 1.000000000000000000e+00
DSC_8457.JPG_max_x: 1308.49
DSC_8457.JPG_min_x: 367.63
DSC_8457.JPG_max_y: 967.084
DSC_8457.JPG_min_y: 223.567
DSC_8477.JPG_max_x: 916.934
DSC_8477.JPG_min_x: 14.1203
DSC_8477.JPG_max_y: 833.161
DSC_8477.JPG_min_y: 8.02349
