6.124125750272246815e-01 -3.815528274052150115e-01 1.173613128194191972e+02
5.329599792794411511e-02 4.650018916532442509e-02 1.013496994050310377e+03
-1.798090662541730928e-05 -2.459755617492601206e-04 1.000000000000000000e+00
DSC_8229.JPG_max_x: 1224.61
DSC_8229.JPG_min_x: 145.185
DSC_8229.JPG_max_y: 811.742
DSC_8229.JPG_min_y: 162.24
DSC_8296.JPG_max_x: 971.841
DSC_8296.JPG_min_x: 113.907
DSC_8296.JPG_max_y: 1447.36
DSC_8296.JPG_min_y: 1082.37
