-1.057144002250182263e-01 -2.783218586784979021e-01 5.656798448344399048e+02
-3.987337056352285303e-01 -6.329680136206052854e-01 1.331609681574664137e+03
-2.874018889818089647e-04 -4.818012079808327687e-04 1.000000000000000000e+00
DSC_8210.JPG_max_x: 983.777
DSC_8210.JPG_min_x: 63.2732
DSC_8210.JPG_max_y: 1959.33
DSC_8210.JPG_min_y: 670.397
DSC_8394.JPG_max_x: 1064.93
DSC_8394.JPG_min_x: 137.19
DSC_8394.JPG_max_y: 1527.85
DSC_8394.JPG_min_y: 932.338
