2.217090587658924861e+00 -4.579130540371041391e-01 -4.177985501782239339e+02
6.062794599322691713e-01 1.254650839032477094e+00 -5.559663725058551336e+02
4.404250591193056819e-04 -4.710246083868087135e-04 1.000000000000000000e+00
DSC_8278.JPG_max_x: 956.422
DSC_8278.JPG_min_x: 339.159
DSC_8278.JPG_max_y: 1142.38
DSC_8278.JPG_min_y: 511.974
DSC_8346.JPG_max_x: 1315.45
DSC_8346.JPG_min_x: 126.569
DSC_8346.JPG_max_y: 1651.89
DSC_8346.JPG_min_y: 277.775
