1.457457768578221291e+00 9.808831940349019840e-01 -8.647297203933716219e+02
-4.318671459053885497e-01 1.786534186145207537e+00 -1.746497044340802177e+03
-6.669146465143084568e-04 5.169393414599652344e-04 1.000000000000000000e+00
DSC_8380.JPG_max_x: 672.201
DSC_8380.JPG_min_x: 87.2008
DSC_8380.JPG_max_y: 1733.95
DSC_8380.JPG_min_y: 1291.25
DSC_8415.JPG_max_x: 1182.21
DSC_8415.JPG_min_x: 369.543
DSC_8415.JPG_max_y: 713.137
DSC_8415.JPG_min_y: 254.729
