-4.839244516791176287e-01 -6.870574870893807473e-01 9.063230032768345836e+02
7.085333152394636402e-02 -1.050250843942559520e+00 1.054528691188302446e+03
8.515036477723854911e-05 -1.058055253365987932e-03 1.000000000000000000e+00
DSC_8350.JPG_max_x: 791.287
DSC_8350.JPG_min_x: 313.402
DSC_8350.JPG_max_y: 1458.24
DSC_8350.JPG_min_y: 897.248
DSC_8465.JPG_max_x: 1207.87
DSC_8465.JPG_min_x: 69.3614
DSC_8465.JPG_max_y: 1371.32
DSC_8465.JPG_min_y: 242.94
