4.752442455097817819e-01 2.138478977961819349e-01 3.659358599498345370e+02
-6.280089064547053623e-02 6.707154961798412751e-01 1.467896707726484237e+03
-3.551294437107715561e-05 1.545200191696088573e-04 1.000000000000000000e+00
DSC_8223.JPG_max_x: 1231.68
DSC_8223.JPG_min_x: 631.871
DSC_8223.JPG_max_y: 1051.09
DSC_8223.JPG_min_y: 58.0527
DSC_8396.JPG_max_x: 1038.53
DSC_8396.JPG_min_x: 690.698
DSC_8396.JPG_max_y: 1875.59
DSC_8396.JPG_min_y: 1486.21
