6.051820534771317206e-01 -1.571162556332366886e-02 3.844975825802032432e+02
7.967986223100327614e-02 5.548786698290470998e-01 1.274391113914815605e+03
3.805933351485241606e-05 5.766290856854025239e-05 1.000000000000000000e+00
DSC_8239.JPG_max_x: 1310.72
DSC_8239.JPG_min_x: 421.493
DSC_8239.JPG_max_y: 597.283
DSC_8239.JPG_min_y: 51.1441
DSC_8352.JPG_max_x: 1083.07
DSC_8352.JPG_min_x: 615.116
DSC_8352.JPG_max_y: 1577.84
DSC_8352.JPG_min_y: 1313.81
