1.906335028312381219e+00 -9.776794384504454705e-01 1.396124051038432754e+03
1.127922838788840559e-01 2.101234306367403271e+00 -1.776841721396613138e+03
-3.586921177478217745e-04 4.169329877288484852e-04 1.000000000000000000e+00
DSC_8294.JPG_max_x: 712.63
DSC_8294.JPG_min_x: 55.2268
DSC_8294.JPG_max_y: 1462.61
DSC_8294.JPG_min_y: 946.515
DSC_8323.JPG_max_x: 1317.77
DSC_8323.JPG_min_x: 290.806
DSC_8323.JPG_max_y: 1018.34
DSC_8323.JPG_min_y: 175.794
