8.280106133831819371e-01 -1.632787831386595945e-01 1.316322326312577928e+01
-1.016282641363475819e-01 2.558785498577197948e-01 9.584690049387567115e+02
-8.188366564141945434e-06 -3.948610205274392720e-04 1.000000000000000000e+00
DSC_8431.JPG_max_x: 1309.14
DSC_8431.JPG_min_x: 370.059
DSC_8431.JPG_max_y: 761.718
DSC_8431.JPG_min_y: 325.353
DSC_8452.JPG_max_x: 1298.06
DSC_8452.JPG_min_x: 297.925
DSC_8452.JPG_max_y: 1474.53
DSC_8452.JPG_min_y: 1090.63
