8.869849462435838161e-01 -3.131670363484644337e-01 -6.290996054340551069e+01
3.749782422919815117e-01 1.179426226385661136e-01 1.252297192252713103e+03
5.131429165340587725e-05 -4.504772172112387046e-04 1.000000000000000000e+00
DSC_8299.JPG_max_x: 1110.47
DSC_8299.JPG_min_x: 123.822
DSC_8299.JPG_max_y: 468.885
DSC_8299.JPG_min_y: 12.9242
DSC_8458.JPG_max_x: 883.208
DSC_8458.JPG_min_x: 64.9837
DSC_8458.JPG_max_y: 1952.74
DSC_8458.JPG_min_y: 1213.59
