-1.990043132565956885e+00 9.565365640697235383e-01 1.130060308940264804e+03
-1.702199822304547805e+00 1.354215632050014495e+00 5.027830327517304454e+02
-2.215006109948960359e-03 1.219635700691482647e-03 9.999999999999998890e-01
DSC_8207.JPG_max_x: 1257.85
DSC_8207.JPG_min_x: 17.1649
DSC_8207.JPG_max_y: 1381.43
DSC_8207.JPG_min_y: 283.783
DSC_8355.JPG_max_x: 1274.62
DSC_8355.JPG_min_x: 686.935
DSC_8355.JPG_max_y: 1087.2
DSC_8355.JPG_min_y: 436.107
