2.075903594363434301e+00 -6.783689941617154773e-01 3.646054360720233944e+02
2.151040025064535399e+00 1.700862060600065451e-01 -8.711425974619275792e+01
1.653896975805716797e-03 -1.013934844821607392e-03 1.000000000000000000e+00
DSC_8200.JPG_max_x: 397.981
DSC_8200.JPG_min_x: 135.923
DSC_8200.JPG_max_y: 1074.13
DSC_8200.JPG_min_y: 850.199
DSC_8464.JPG_max_x: 1278.05
DSC_8464.JPG_min_x: 24.1371
DSC_8464.JPG_max_y: 1932.72
DSC_8464.JPG_min_y: 953.429
