1.415112830169999170e-01 -1.157010904980055876e+00 7.917135397158843944e+02
3.385249948217221999e-02 -1.825503978261309390e+00 1.304679585269572954e+03
-2.205688374267087741e-05 -1.415538981619045636e-03 1.000000000000000000e+00
DSC_8325.JPG_max_x: 1198.01
DSC_8325.JPG_min_x: 47.1746
DSC_8325.JPG_max_y: 653.079
DSC_8325.JPG_min_y: 152.79
DSC_8338.JPG_max_x: 1234.45
DSC_8338.JPG_min_x: 629.692
DSC_8338.JPG_max_y: 1527.99
DSC_8338.JPG_min_y: 1323.33
