5.278675883791099643e-01 -1.746947018416692143e-01 -2.241979381866540280e+02
2.029872354624614322e-02 1.005932736984247455e+00 7.008091426282872760e+01
-5.892777075603495743e-05 -1.110035521426623687e-04 1.000000000000000000e+00
DSC_8230.JPG_max_x: 1315.45
DSC_8230.JPG_min_x: 1039.12
DSC_8230.JPG_max_y: 1187.61
DSC_8230.JPG_min_y: 574.147
DSC_8422.JPG_max_x: 429.768
DSC_8422.JPG_min_x: 164.448
DSC_8422.JPG_max_y: 1610.17
DSC_8422.JPG_min_y: 782.903
