4.463440479451555865e-01 -2.872002902817741288e-01 7.829959570686327197e+02
-1.684136267345530680e-01 6.674170504432311302e-02 4.976563022250169865e+02
-1.207092560035005969e-04 -3.652123074721928472e-04 1.000000000000000000e+00
DSC_8269.JPG_max_x: 566.393
DSC_8269.JPG_min_x: 86.4602
DSC_8269.JPG_max_y: 1423.97
DSC_8269.JPG_min_y: 899.423
DSC_8319.JPG_max_x: 1325.33
DSC_8319.JPG_min_x: 877.12
DSC_8319.JPG_max_y: 1214.93
DSC_8319.JPG_min_y: 773.011
