-1.294882023063904430e+00 -9.519333289822197175e-01 1.224479541992928944e+03
-2.071124451216687312e+00 -1.733730240038383164e+00 2.150279139692371245e+03
-1.819576257706013479e-03 -6.467440164102824076e-04 1.000000000000000000e+00
DSC_8311.JPG_max_x: 1308.81
DSC_8311.JPG_min_x: 161.482
DSC_8311.JPG_max_y: 986.455
DSC_8311.JPG_min_y: 254.922
DSC_8425.JPG_max_x: 1045.06
DSC_8425.JPG_min_x: 30.5353
DSC_8425.JPG_max_y: 1592.78
DSC_8425.JPG_min_y: 22.7891
