5.559428777174796332e-01 -1.172220006148498167e-01 2.627976929896898355e+02
5.659888590464232788e-02 4.176355978606839381e-01 1.847748735124326345e+02
7.130373378939973113e-05 -2.206046334096639703e-04 1.000000000000000000e+00
DSC_8209.JPG_max_x: 1237.84
DSC_8209.JPG_min_x: 16.8073
DSC_8209.JPG_max_y: 755.173
DSC_8209.JPG_min_y: 221.728
DSC_8413.JPG_max_x: 924.764
DSC_8413.JPG_min_x: 235.645
DSC_8413.JPG_max_y: 595.203
DSC_8413.JPG_min_y: 300.577
