8.917981880073476697e-01 -1.001214992077367416e+00 1.248014818044682897e+03
4.690180097738619325e-01 -5.229173716120668614e-01 6.567502578906589861e+02
1.021807476824746798e-03 -8.658653754639026494e-04 1.000000000000000000e+00
DSC_8314.JPG_max_x: 329.214
DSC_8314.JPG_min_x: 102.973
DSC_8314.JPG_max_y: 1799.35
DSC_8314.JPG_min_y: 1391.95
DSC_8299.JPG_max_x: 1098.98
DSC_8299.JPG_min_x: 133.117
DSC_8299.JPG_max_y: 654.143
DSC_8299.JPG_min_y: 116.01
