1.070297959262486609e+00 1.739004172367705214e-01 3.814756948558572613e+00
-5.658167797713217761e-02 1.260092088677140509e+00 -1.375654123754946738e+02
-6.099424333258698922e-05 7.760030606114597974e-05 1.000000000000000000e+00
DSC_8431.JPG_max_x: 1116.91
DSC_8431.JPG_min_x: 107.816
DSC_8431.JPG_max_y: 1429.29
DSC_8431.JPG_min_y: 325.353
DSC_8447.JPG_max_x: 1329.23
DSC_8447.JPG_min_x: 208.911
DSC_8447.JPG_max_y: 1529.42
DSC_8447.JPG_min_y: 244.295
