6.659367860531455463e-01 -1.929290716672297373e-02 -6.983875895909865505e+01
1.007412584837358432e-01 7.168001533493352229e-01 5.319447109577072297e+02
5.142017050140296647e-05 3.788098592059070902e-05 1.000000000000000000e+00
DSC_8320.JPG_max_x: 1305.29
DSC_8320.JPG_min_x: 225.475
DSC_8320.JPG_max_y: 1361.52
DSC_8320.JPG_min_y: 641.648
DSC_8366.JPG_max_x: 696.337
DSC_8366.JPG_min_x: 48.5541
DSC_8366.JPG_max_y: 1476.82
DSC_8366.JPG_min_y: 1021.55
