2.379977877308060652e+00 5.479923812233475910e-01 -1.055614185884730659e+03
-3.135896679974177221e-03 1.169073793905821557e+00 2.712164935097777061e+02
1.455955038002385406e-03 1.171679689040469851e-05 1.000000000000000000e+00
DSC_8267.JPG_max_x: 1240.4
DSC_8267.JPG_min_x: 728.474
DSC_8267.JPG_max_y: 1305.3
DSC_8267.JPG_min_y: 14.3534
DSC_8417.JPG_max_x: 857.234
DSC_8417.JPG_min_x: 348.667
DSC_8417.JPG_max_y: 703.42
DSC_8417.JPG_min_y: 120.485
