-6.690667844112460294e+00 -8.120483338697313869e+00 7.883699261173381274e+03
-4.088547365255678301e+00 -1.201848482400436424e+01 3.651379707440076800e+03
-6.942246849503326198e-03 -1.126373280456005252e-02 1.000000000000000000e+00
DSC_8225.JPG_max_x: 1262.16
DSC_8225.JPG_min_x: 452.276
DSC_8225.JPG_max_y: 1368.88
DSC_8225.JPG_min_y: 400.126
DSC_8309.JPG_max_x: 511.774
DSC_8309.JPG_min_x: 30.4971
DSC_8309.JPG_max_y: 881.753
DSC_8309.JPG_min_y: 359.917
