6.065419694527212080e-01 -8.618547393498619813e-03 2.573039299679316514e+02
-9.381665667625296856e-02 5.501992531942142550e-01 8.935038282555464093e+02
-7.378204803464378711e-05 -9.400163155429767914e-05 1.000000000000000000e+00
DSC_8259.JPG_max_x: 1305.94
DSC_8259.JPG_min_x: 141.375
DSC_8259.JPG_max_y: 1024.95
DSC_8259.JPG_min_y: 313.629
DSC_8274.JPG_max_x: 1243.91
DSC_8274.JPG_min_x: 385.882
DSC_8274.JPG_max_y: 1629.69
DSC_8274.JPG_min_y: 1079.78
