5.305433988578251956e+02 9.669387204244922884e+01 1.612753602893921743e+04
4.229079635620482804e+02 2.372075488796930358e+02 -1.122988046248628525e+05
3.457662315669620678e-01 1.605454425412554398e-01 1.000000000000000000e+00
DSC_8407.JPG_max_x: 892.688
DSC_8407.JPG_min_x: 29.4198
DSC_8407.JPG_max_y: 1807.69
DSC_8407.JPG_min_y: 477.061
DSC_8425.JPG_max_x: 1314.09
DSC_8425.JPG_min_x: 728.687
DSC_8425.JPG_max_y: 1671.61
DSC_8425.JPG_min_y: 265.419
