8.194140864400980551e-01 -7.247905033531139296e-02 -1.360602719558789602e+02
1.458385971384236757e-01 7.311945816379950003e-01 3.198002085831970476e+02
9.883042455621394323e-05 -5.488015143730968294e-05 1.000000000000000000e+00
DSC_8326.JPG_max_x: 1319.56
DSC_8326.JPG_min_x: 388.058
DSC_8326.JPG_max_y: 1730.01
DSC_8326.JPG_min_y: 389.263
DSC_8440.JPG_max_x: 799.239
DSC_8440.JPG_min_x: 71.7407
DSC_8440.JPG_max_y: 1735.19
DSC_8440.JPG_min_y: 676.667
