-6.561147771065396483e+00 -1.995827225703806329e+00 7.118742506804650475e+03
-3.768204705290989054e+00 -5.978893425829300945e+00 6.400374150138683945e+03
-3.835882164419926986e-03 -1.317268903301588821e-03 1.000000000000000000e+00
DSC_8366.JPG_max_x: 1330.53
DSC_8366.JPG_min_x: 787.296
DSC_8366.JPG_max_y: 1676.16
DSC_8366.JPG_min_y: 1019.69
DSC_8444.JPG_max_x: 708.587
DSC_8444.JPG_min_x: 66.8888
DSC_8444.JPG_max_y: 1539.66
DSC_8444.JPG_min_y: 819.852
