7.207185266116516997e-01 -1.800567688509370212e-01 6.044759532950453007e+01
-3.395215268511492246e-02 8.650616623245949155e-01 9.835519783631286828e+02
-7.280584516479988544e-05 1.697270400663028109e-04 1.000000000000000000e+00
DSC_8259.JPG_max_x: 1288.55
DSC_8259.JPG_min_x: 117.842
DSC_8259.JPG_max_y: 887.48
DSC_8259.JPG_min_y: 298.747
DSC_8454.JPG_max_x: 975.841
DSC_8454.JPG_min_x: 58.0501
DSC_8454.JPG_max_y: 1556.15
DSC_8454.JPG_min_y: 1226.78
