5.334635906566890240e-01 -4.676771896780743676e-01 8.705223061022369393e+02
2.736861471668645684e-01 7.494379005193188004e-01 -2.494755591553019087e+02
-8.511857510180574388e-05 -4.046552573379386044e-05 1.000000000000000000e+00
DSC_8217.JPG_max_x: 1287.55
DSC_8217.JPG_min_x: 557.701
DSC_8217.JPG_max_y: 979.001
DSC_8217.JPG_min_y: 135.845
DSC_8247.JPG_max_x: 1301.98
DSC_8247.JPG_min_x: 768.177
DSC_8247.JPG_max_y: 1004.92
DSC_8247.JPG_min_y: 41.7966
