-2.245092352851703055e+00 -1.684104137862256212e-01 1.174208313681348045e+03
-2.729368191904638863e+00 6.135433313647186138e-01 1.700241387970208393e+02
-2.330856646872219926e-03 -1.535397371581610185e-04 1.000000000000000000e+00
DSC_8414.JPG_max_x: 453.584
DSC_8414.JPG_min_x: 13.5027
DSC_8414.JPG_max_y: 1635.19
DSC_8414.JPG_min_y: 967.199
DSC_8432.JPG_max_x: 1314.87
DSC_8432.JPG_min_x: 234.286
DSC_8432.JPG_max_y: 1650.93
DSC_8432.JPG_min_y: 838.939
