5.833958073224354557e-01 -3.021969633707552037e-04 1.692553606623945370e+02
-1.133667760855254503e-02 4.754263193889524675e-01 5.169482294054313343e+02
8.804749255279685206e-07 3.990799317926025140e-05 1.000000000000000000e+00
DSC_8205.JPG_max_x: 1254.07
DSC_8205.JPG_min_x: 113.389
DSC_8205.JPG_max_y: 1027.7
DSC_8205.JPG_min_y: 119.945
DSC_8355.JPG_max_x: 879.356
DSC_8355.JPG_min_x: 231.348
DSC_8355.JPG_max_y: 948.942
DSC_8355.JPG_min_y: 557.69
