1.486047439237539436e+01 -4.185989819823606739e-01 3.181391597347751940e+03
5.451708118957562021e+00 7.090115430172837740e+00 -7.159083651076423848e+03
9.621487505289062075e-03 2.317155795214117641e-03 9.999999999999998890e-01
DSC_8260.JPG_max_x: 592.72
DSC_8260.JPG_min_x: 15.9092
DSC_8260.JPG_max_y: 1345.55
DSC_8260.JPG_min_y: 1143.19
DSC_8309.JPG_max_x: 1240.71
DSC_8309.JPG_min_x: 391.031
DSC_8309.JPG_max_y: 635.146
DSC_8309.JPG_min_y: 355.021
