8.435078667749614789e-01 1.076940448403565648e-01 -2.806574170132016093e+02
1.264811235224339026e-01 8.298122929057945019e-01 -6.004194849642074132e+02
1.917481993088173287e-04 1.944464802951363462e-04 1.000000000000000000e+00
DSC_8270.JPG_max_x: 1138.86
DSC_8270.JPG_min_x: 472.456
DSC_8270.JPG_max_y: 1582.98
DSC_8270.JPG_min_y: 1172.3
DSC_8431.JPG_max_x: 556.986
DSC_8431.JPG_min_x: 189.693
DSC_8431.JPG_max_y: 555.564
DSC_8431.JPG_min_y: 350.074
