6.537242692775556696e-01 -6.007191559685909343e-02 2.161973625823081591e+01
-2.480009788422299008e-02 7.352155857776120351e-01 2.782660033935566162e+02
-1.051080862203147256e-04 -1.886752484328903877e-05 1.000000000000000000e+00
DSC_8231.JPG_max_x: 1323.11
DSC_8231.JPG_min_x: 194.981
DSC_8231.JPG_max_y: 1063.62
DSC_8231.JPG_min_y: 60.4513
DSC_8313.JPG_max_x: 992.307
DSC_8313.JPG_min_x: 125.178
DSC_8313.JPG_max_y: 1213.31
DSC_8313.JPG_min_y: 336.179
