1.037172304289439406e+00 1.912093145268001573e-02 5.147535709889318412e+01
3.795149709126379722e-01 1.095481467389426644e+00 2.682240742186309603e+02
2.758948192604556977e-04 1.402806592303218664e-04 1.000000000000000000e+00
DSC_8222.JPG_max_x: 1285.48
DSC_8222.JPG_min_x: 27.7104
DSC_8222.JPG_max_y: 1857.14
DSC_8222.JPG_min_y: 778.139
DSC_8380.JPG_max_x: 914.06
DSC_8380.JPG_min_x: 96.4851
DSC_8380.JPG_max_y: 1736.69
DSC_8380.JPG_min_y: 1090.46
