2.423145247831008486e+00 5.073141181002379652e-01 -1.245759443996199252e+03
-1.918469737831244026e-01 3.101029768229220274e+00 -2.615964714460706546e+03
-1.671718733828454046e-04 6.337016068727110161e-04 1.000000000000000000e+00
DSC_8246.JPG_max_x: 1101.65
DSC_8246.JPG_min_x: 468.501
DSC_8246.JPG_max_y: 1886.82
DSC_8246.JPG_min_y: 900.248
DSC_8329.JPG_max_x: 1207.87
DSC_8329.JPG_min_x: 350.921
DSC_8329.JPG_max_y: 1534.68
DSC_8329.JPG_min_y: 13.7676
