-2.956232781242431606e-01 1.249123780254884127e-03 6.392663282139911871e+02
-1.040940029305163383e+00 1.367908300657318721e+00 1.887780445125987399e+02
-9.116597027727499272e-04 3.444238808009422384e-05 1.000000000000000000e+00
DSC_8264.JPG_max_x: 712.388
DSC_8264.JPG_min_x: 16.1036
DSC_8264.JPG_max_y: 1052.59
DSC_8264.JPG_min_y: 588.06
DSC_8478.JPG_max_x: 1235.35
DSC_8478.JPG_min_x: 578.853
DSC_8478.JPG_max_y: 1868.53
DSC_8478.JPG_min_y: 699.191
