2.019933571581301879e-01 8.529254077203018286e-03 1.004093830508425754e+03
-4.320573859761169810e-01 9.804669038274093085e-01 1.248628403405562722e+03
-3.939638614132718176e-04 3.251436934454224087e-04 1.000000000000000000e+00
DSC_8207.JPG_max_x: 770.24
DSC_8207.JPG_min_x: 74.6637
DSC_8207.JPG_max_y: 1085.17
DSC_8207.JPG_min_y: 283.783
DSC_8394.JPG_max_x: 1175.96
DSC_8394.JPG_min_x: 782.705
DSC_8394.JPG_max_y: 1888.35
DSC_8394.JPG_min_y: 1430.98
