4.969883053017168373e-01 -2.105502298543416861e-01 6.464542792578890840e+02
2.757425059533270828e-02 6.542037537387892510e-01 1.924035683555604237e+02
-1.429506949377074823e-04 6.304984960045979762e-06 1.000000000000000000e+00
DSC_8307.JPG_max_x: 1159.13
DSC_8307.JPG_min_x: 246.173
DSC_8307.JPG_max_y: 1710.2
DSC_8307.JPG_min_y: 90.0718
DSC_8431.JPG_max_x: 1328.54
DSC_8431.JPG_min_x: 529.47
DSC_8431.JPG_max_y: 1396.43
DSC_8431.JPG_min_y: 300.478
