7.343421580300270035e-01 -6.525391125787641244e-02 8.365380808093268570e+02
1.724893054011038263e-02 1.195905726917634526e+00 -1.381409472752915235e+02
-1.264395320661918594e-04 1.418641822277447405e-05 1.000000000000000000e+00
DSC_8264.JPG_max_x: 623.483
DSC_8264.JPG_min_x: 14.0457
DSC_8264.JPG_max_y: 1495.81
DSC_8264.JPG_min_y: 679.461
DSC_8298.JPG_max_x: 1274.98
DSC_8298.JPG_min_x: 756.334
DSC_8298.JPG_max_y: 1703.56
DSC_8298.JPG_min_y: 688.919
