2.038493247793096597e+00 -6.690207771686759730e-02 -1.084998682648472368e+03
6.190288494414197817e-01 1.517603337715732303e+00 -4.363078700169237436e+02
5.316198121825009342e-04 -1.047062881851398922e-04 1.000000000000000000e+00
DSC_8238.JPG_max_x: 1317.65
DSC_8238.JPG_min_x: 564.364
DSC_8238.JPG_max_y: 1407.44
DSC_8238.JPG_min_y: 734.001
DSC_8240.JPG_max_x: 959.351
DSC_8240.JPG_min_x: 6.3411
DSC_8240.JPG_max_y: 1732.3
DSC_8240.JPG_min_y: 907.149
