1.380296995434044938e+00 1.553888710065431666e-01 4.430624907596878757e+02
-5.542790374883143079e-01 1.694896170557569581e+00 -6.630834374836616689e+02
-4.965426833655821022e-04 6.869419263544553512e-05 1.000000000000000000e+00
DSC_8376.JPG_max_x: 391.262
DSC_8376.JPG_min_x: 4.72716
DSC_8376.JPG_max_y: 1464.71
DSC_8376.JPG_min_y: 849.271
DSC_8404.JPG_max_x: 1308.7
DSC_8404.JPG_min_x: 579.787
DSC_8404.JPG_max_y: 1681.37
DSC_8404.JPG_min_y: 705.99
