7.011419532809078925e-01 -3.525954688956515759e-01 1.109759341725809463e+03
1.253971871035061414e-01 1.083658249948302288e+00 1.191019133356111865e+02
-4.326257285234914375e-04 1.787189763855093552e-04 1.000000000000000000e+00
DSC_8419.JPG_max_x: 457.138
DSC_8419.JPG_min_x: 10.7299
DSC_8419.JPG_max_y: 1353.23
DSC_8419.JPG_min_y: 206.057
DSC_8421.JPG_max_x: 1150.77
DSC_8421.JPG_min_x: 566.705
DSC_8421.JPG_max_y: 1346.32
DSC_8421.JPG_min_y: 358.091
