-3.238846742628340536e+01 -3.668392790130366787e+00 4.367234867870536254e+04
-2.991052342122166863e+01 -4.746456435486141601e+01 3.504177302600262192e+04
-2.277840792489427973e-02 -9.515492441308760763e-03 1.000000000000000000e+00
DSC_8322.JPG_max_x: 1325.13
DSC_8322.JPG_min_x: 1215.31
DSC_8322.JPG_max_y: 1519.02
DSC_8322.JPG_min_y: 1124.9
DSC_8442.JPG_max_x: 95.3222
DSC_8442.JPG_min_x: 12.7953
DSC_8442.JPG_max_y: 1780.11
DSC_8442.JPG_min_y: 1453.53
