-1.267677403033359851e-01 -3.421485943379198869e-02 2.009382476527435415e+02
-4.085243247996133698e-01 -1.020209926575200293e-01 6.334862599672624128e+02
-6.268939580850006613e-04 -1.731712047338717145e-04 1.000000000000000000e+00
DSC_8412.JPG_max_x: 1223.61
DSC_8412.JPG_min_x: 990.384
DSC_8412.JPG_max_y: 1907.54
DSC_8412.JPG_min_y: 934.366
DSC_8427.JPG_max_x: 980.339
DSC_8427.JPG_min_x: 168.913
DSC_8427.JPG_max_y: 880.908
DSC_8427.JPG_min_y: 69.8673
