5.446721777646166274e-01 -1.208094776406343912e-01 3.229654431911205847e+02
-5.141239075058662289e-01 6.653898108710298853e-01 3.450292488570678984e+02
-5.320703273143438617e-04 3.826092435821389651e-05 1.000000000000000000e+00
DSC_8242.JPG_max_x: 951.142
DSC_8242.JPG_min_x: 50.5218
DSC_8242.JPG_max_y: 1915.94
DSC_8242.JPG_min_y: 783.535
DSC_8338.JPG_max_x: 1234.45
DSC_8338.JPG_min_x: 106.437
DSC_8338.JPG_max_y: 1563.39
DSC_8338.JPG_min_y: 820.859
