7.888211430923576517e-02 -2.052986074580579693e-03 -7.919947291562188241e+01
-7.077304816391447595e-01 2.207753564890460596e-01 9.335371055817042816e+02
-6.238729513140495956e-04 -2.315354963416418438e-05 1.000000000000000000e+00
DSC_8346.JPG_max_x: 1312.73
DSC_8346.JPG_min_x: 1112.44
DSC_8346.JPG_max_y: 1326.27
DSC_8346.JPG_min_y: 606.69
DSC_8400.JPG_max_x: 151.089
DSC_8400.JPG_min_x: 8.26983
DSC_8400.JPG_max_y: 1714.37
DSC_8400.JPG_min_y: 921.677
