4.778483523659740051e-01 -3.429373286503626522e-02 1.360641268432637219e+02
-2.569748461786481100e-02 6.659543693391315466e-01 3.042292303241138143e+02
-1.593991957424345052e-04 5.211719764173206558e-04 9.999999999999998890e-01
DSC_8287.JPG_max_x: 888.141
DSC_8287.JPG_min_x: 191.271
DSC_8287.JPG_max_y: 1364.91
DSC_8287.JPG_min_y: 134.998
DSC_8431.JPG_max_x: 552.023
DSC_8431.JPG_min_x: 196.431
DSC_8431.JPG_max_y: 716.292
DSC_8431.JPG_min_y: 380.357
