-1.132546230986014146e+00 -1.317929508384857451e-01 1.215422207977901053e+03
-1.474292167079108706e+00 6.677698658376918228e-01 3.782580071011526002e+02
-1.496710102212711439e-03 -1.500662565198834016e-04 1.000000000000000000e+00
DSC_8448.JPG_max_x: 1234.77
DSC_8448.JPG_min_x: 8.19525
DSC_8448.JPG_max_y: 1212.86
DSC_8448.JPG_min_y: 673.113
DSC_8450.JPG_max_x: 1327.44
DSC_8450.JPG_min_x: 315.763
DSC_8450.JPG_max_y: 1469.71
DSC_8450.JPG_min_y: 777.048
