6.503791346366036841e-01 -5.841346976907003663e-01 9.703500215782247551e+02
4.014593028740519320e-02 9.904875260367507206e-01 -1.196832114341473075e+00
-3.389885463521200948e-04 6.798002387883887102e-05 1.000000000000000000e+00
DSC_8341.JPG_max_x: 978.093
DSC_8341.JPG_min_x: 6.08263
DSC_8341.JPG_max_y: 1141.79
DSC_8341.JPG_min_y: 448.609
DSC_8355.JPG_max_x: 1274.62
DSC_8355.JPG_min_x: 465.763
DSC_8355.JPG_max_y: 1566.28
DSC_8355.JPG_min_y: 485.918
