6.722729671408868013e-01 -7.914493352133350479e-02 8.086377348764732460e+02
2.044265715018463714e-01 6.252094814657180866e-01 3.835165213685204435e+02
7.776166382531863762e-05 -2.599817389660078070e-05 1.000000000000000000e+00
DSC_8244.JPG_max_x: 1056.96
DSC_8244.JPG_min_x: 40.2122
DSC_8244.JPG_max_y: 1613.08
DSC_8244.JPG_min_y: 539.488
DSC_8474.JPG_max_x: 1315.8
DSC_8474.JPG_min_x: 760.13
DSC_8474.JPG_max_y: 1525.63
DSC_8474.JPG_min_y: 756.174
