1.217677507061409647e+00 -1.280143169608132514e-01 -4.330283701426039329e+02
1.266977404958729292e-01 1.858618017672094114e+00 -4.956054737069864586e+02
2.499996549611527936e-04 3.757154379606344368e-04 1.000000000000000000e+00
DSC_8341.JPG_max_x: 1103.74
DSC_8341.JPG_min_x: 499.487
DSC_8341.JPG_max_y: 1133.08
DSC_8341.JPG_min_y: 407.206
DSC_8393.JPG_max_x: 513.167
DSC_8393.JPG_min_x: 81.0567
DSC_8393.JPG_max_y: 1051.55
DSC_8393.JPG_min_y: 274.869
