-2.985837569341998066e-01 -2.742627043553306221e-01 5.786192444305484059e+02
-3.961470731286357433e-02 -2.109105658538836248e-01 2.302152415975829456e+02
-4.261666010636219553e-04 -6.133434401674363800e-04 1.000000000000000000e+00
DSC_8250.JPG_max_x: 1321.22
DSC_8250.JPG_min_x: 1073.87
DSC_8250.JPG_max_y: 1283.27
DSC_8250.JPG_min_y: 805.725
DSC_8335.JPG_max_x: 827.194
DSC_8335.JPG_min_x: 267.671
DSC_8335.JPG_max_y: 491.596
DSC_8335.JPG_min_y: 6.45852
