1.275810006196806512e+00 2.120953717491628476e-01 -2.195994675510455068e+02
-4.381186224386040412e-02 1.285748549030047316e+00 -1.388975663577502019e+03
5.226457223697199977e-05 2.286743020309867818e-04 1.000000000000000000e+00
DSC_8244.JPG_max_x: 778.399
DSC_8244.JPG_min_x: 108.542
DSC_8244.JPG_max_y: 1694.89
DSC_8244.JPG_min_y: 1329.13
DSC_8261.JPG_max_x: 786.969
DSC_8261.JPG_min_x: 155.973
DSC_8261.JPG_max_y: 543.179
DSC_8261.JPG_min_y: 231.864
