8.230620491822001616e-01 1.661344825756582572e-02 1.167499277710474388e+02
3.829196129987347957e-02 8.614967021720680851e-01 2.017983499381172123e+02
3.908883961838073746e-05 2.417129715042349971e-06 1.000000000000000000e+00
DSC_8440.JPG_max_x: 1148.97
DSC_8440.JPG_min_x: 61.0601
DSC_8440.JPG_max_y: 1735.19
DSC_8440.JPG_min_y: 670.107
DSC_8476.JPG_max_x: 1007.08
DSC_8476.JPG_min_x: 188.184
DSC_8476.JPG_max_y: 1676.43
DSC_8476.JPG_min_y: 779.118
