1.268409083200190690e-01 -3.152596956780046034e-01 5.844533882944178913e+02
-3.401759044288975992e-02 -4.521722606121277854e-01 1.250493510003034999e+03
-2.919550308233170423e-05 -4.532041856658448062e-04 1.000000000000000000e+00
DSC_8289.JPG_max_x: 1142.41
DSC_8289.JPG_min_x: 498.211
DSC_8289.JPG_max_y: 897.785
DSC_8289.JPG_min_y: 259.339
DSC_8416.JPG_max_x: 796.911
DSC_8416.JPG_min_x: 640.569
DSC_8416.JPG_max_y: 1438.6
DSC_8416.JPG_min_y: 1287.41
