3.859916272503477241e+00 -1.473524461756733350e-01 -4.635369313065290271e+02
4.430498119523175182e-01 3.304637639205130206e+00 -2.829554528006205601e+03
3.701917469622928209e-04 -2.664422575866443239e-04 1.000000000000000000e+00
DSC_8378.JPG_max_x: 425.523
DSC_8378.JPG_min_x: 299.125
DSC_8378.JPG_max_y: 1269.16
DSC_8378.JPG_min_y: 1060.05
DSC_8468.JPG_max_x: 1182.25
DSC_8468.JPG_min_x: 645.992
DSC_8468.JPG_max_y: 1910.49
DSC_8468.JPG_min_y: 988.14
