8.276818446464576651e-01 -1.654450117503927786e-01 5.097517911155233605e+01
-2.020412682116658198e-02 6.676984498349984865e-01 3.690336346164198176e+02
-4.170663372934737038e-05 -1.857841548169068889e-04 1.000000000000000000e+00
DSC_8295.JPG_max_x: 1263.63
DSC_8295.JPG_min_x: 81.9746
DSC_8295.JPG_max_y: 521.508
DSC_8295.JPG_min_y: 9.82331
DSC_8455.JPG_max_x: 1161.57
DSC_8455.JPG_min_x: 70.2923
DSC_8455.JPG_max_y: 801.963
DSC_8455.JPG_min_y: 370.944
