8.986620591076524001e-01 4.040819989381208566e-01 -2.454116538699121275e+00
9.301406370243583965e-02 7.545210385592748814e-01 -8.982296838215448531e+01
1.640469869046136896e-04 7.296525544564125450e-04 1.000000000000000000e+00
DSC_8243.JPG_max_x: 999.966
DSC_8243.JPG_min_x: 273.015
DSC_8243.JPG_max_y: 728.256
DSC_8243.JPG_min_y: 81.3499
DSC_8295.JPG_max_x: 755.917
DSC_8295.JPG_min_x: 300.062
DSC_8295.JPG_max_y: 313.762
DSC_8295.JPG_min_y: 23.3155
