1.545375345649744547e+00 -2.030811559492327889e-01 2.702800430292048190e+02
-1.248256165778364318e-02 1.361343707818088333e+00 7.599637449128442768e+02
-3.135480892162101715e-05 1.546652945065445420e-04 1.000000000000000000e+00
DSC_8233.JPG_max_x: 747.506
DSC_8233.JPG_min_x: 105.227
DSC_8233.JPG_max_y: 668.565
DSC_8233.JPG_min_y: 51.6819
DSC_8405.JPG_max_x: 1261.15
DSC_8405.JPG_min_x: 387.963
DSC_8405.JPG_max_y: 1526.99
DSC_8405.JPG_min_y: 833.89
