4.011956260881216485e-01 7.440449462731738572e-01 -6.526068415841684782e+02
-4.658911051641291268e-01 1.237199005956290732e+00 -8.110355451292543876e+02
-6.738709595242797171e-04 2.516934566298000431e-04 1.000000000000000000e+00
DSC_8352.JPG_max_x: 1102.95
DSC_8352.JPG_min_x: 267.483
DSC_8352.JPG_max_y: 1375.36
DSC_8352.JPG_min_y: 1078.42
DSC_8453.JPG_max_x: 1273.88
DSC_8453.JPG_min_x: 369.168
DSC_8453.JPG_max_y: 758.954
DSC_8453.JPG_min_y: 218.396
