6.943295653738187134e+00 8.991777967126780569e-01 -5.757155341594518177e+03
1.258862259367319547e+00 1.168096813317098714e+01 -6.506461534133188252e+03
1.252143594880060192e-03 3.523174223297371489e-03 1.000000000000000000e+00
DSC_8341.JPG_max_x: 1252.65
DSC_8341.JPG_min_x: 833.702
DSC_8341.JPG_max_y: 1286.66
DSC_8341.JPG_min_y: 761.406
DSC_8385.JPG_max_x: 671.18
DSC_8385.JPG_min_x: 126.097
DSC_8385.JPG_max_y: 1466.19
DSC_8385.JPG_min_y: 750.627
