-4.542947510633104091e-01 -6.331977729362345819e-01 1.108370875083386863e+03
-2.758265435494276496e-01 2.016981598991580138e-01 3.215349075650023565e+02
-7.706896942828203286e-04 -3.630227585786366547e-04 1.000000000000000000e+00
DSC_8339.JPG_max_x: 462.317
DSC_8339.JPG_min_x: 63.9064
DSC_8339.JPG_max_y: 847.815
DSC_8339.JPG_min_y: 208.534
DSC_8397.JPG_max_x: 1329.74
DSC_8397.JPG_min_x: 852.879
DSC_8397.JPG_max_y: 749.771
DSC_8397.JPG_min_y: 403.756
