-4.620599456340582223e-02 -3.279242629329421899e-01 3.794532851215864184e+02
-3.194356006762746336e-01 -2.646308796905459948e-01 5.458890561476058565e+02
-4.213744148547533819e-04 -6.160255744029924808e-04 1.000000000000000000e+00
DSC_8195.JPG_max_x: 1322.62
DSC_8195.JPG_min_x: 751.977
DSC_8195.JPG_max_y: 1044.94
DSC_8195.JPG_min_y: 20.5026
DSC_8329.JPG_max_x: 1207.32
DSC_8329.JPG_min_x: 316.946
DSC_8329.JPG_max_y: 1180.42
DSC_8329.JPG_min_y: 166.619
