-7.054058915705095911e-01 -2.794946871738678285e-01 1.001234199478148412e+03
-6.563172337288588620e-01 2.815296655722296926e-01 3.568633524502812975e+02
-9.444817633739408273e-04 -1.770387587849515053e-04 1.000000000000000000e+00
DSC_8198.JPG_max_x: 1187.28
DSC_8198.JPG_min_x: 20.4347
DSC_8198.JPG_max_y: 1879.41
DSC_8198.JPG_min_y: 674.288
DSC_8278.JPG_max_x: 1276.77
DSC_8278.JPG_min_x: 262.719
DSC_8278.JPG_max_y: 1641.71
DSC_8278.JPG_min_y: 435.041
