-5.028963425509469509e-01 -3.050865050059580752e-01 8.574041565020183953e+02
-8.741456571432560940e-01 -2.860551585522019824e-01 1.060129772423041004e+03
-6.097572133432965303e-04 -3.481687347039493625e-04 9.999999999999998890e-01
DSC_8420.JPG_max_x: 650.215
DSC_8420.JPG_min_x: 116.504
DSC_8420.JPG_max_y: 1835.93
DSC_8420.JPG_min_y: 1080.32
DSC_8458.JPG_max_x: 980.856
DSC_8458.JPG_min_x: 24.2358
DSC_8458.JPG_max_y: 1543.25
DSC_8458.JPG_min_y: 1078.57
