-8.146316470791822439e+01 -3.646974510084132959e+01 -6.885852129282022361e+04
-9.652136776917469518e+00 -2.380370049901588629e+02 2.289430221129477432e+05
7.874623569393222888e-02 -8.200571159999424375e-02 1.000000000000000000e+00
DSC_8248.JPG_max_x: 143.0
DSC_8248.JPG_min_x: 11.3255
DSC_8248.JPG_max_y: 1699.52
DSC_8248.JPG_min_y: 1048.22
DSC_8423.JPG_max_x: 1307.13
DSC_8423.JPG_min_x: 1039.04
DSC_8423.JPG_max_y: 1349.52
DSC_8423.JPG_min_y: 247.953
