3.928189357789950154e-01 -5.467104871944712396e-01 1.002955149554298487e+03
7.506258709510084393e-02 4.367597608396430187e-01 3.264003260167401095e+02
-2.198544739005709250e-04 -1.728006307731290133e-04 1.000000000000000000e+00
DSC_8229.JPG_max_x: 639.883
DSC_8229.JPG_min_x: 33.1007
DSC_8229.JPG_max_y: 916.551
DSC_8229.JPG_min_y: 231.894
DSC_8325.JPG_max_x: 1321.28
DSC_8325.JPG_min_x: 657.982
DSC_8325.JPG_max_y: 910.63
DSC_8325.JPG_min_y: 460.923
