1.330544695142192424e+00 7.667693475120987978e-01 -1.658203152246564514e+03
-3.399521685746270672e-01 1.352451005513439775e+00 3.506918788404827296e+02
2.996236500390572505e-04 1.150618459585483989e-04 1.000000000000000000e+00
DSC_8235.JPG_max_x: 1318.26
DSC_8235.JPG_min_x: 981.623
DSC_8235.JPG_max_y: 901.296
DSC_8235.JPG_min_y: 292.273
DSC_8237.JPG_max_x: 360.043
DSC_8237.JPG_min_x: 35.0558
DSC_8237.JPG_max_y: 833.255
DSC_8237.JPG_min_y: 248.42
