8.372854343589293258e-01 -7.773803465968241733e-02 2.587904027315188387e+02
1.310458220366011658e-02 6.150862215515776610e-01 4.085517884762674043e+02
1.183517106450129851e-05 -1.429426616747414070e-04 1.000000000000000000e+00
DSC_8200.JPG_max_x: 870.798
DSC_8200.JPG_min_x: 85.7765
DSC_8200.JPG_max_y: 1532.05
DSC_8200.JPG_min_y: 845.691
DSC_8378.JPG_max_x: 1097.32
DSC_8378.JPG_min_x: 299.125
DSC_8378.JPG_max_y: 1711.55
DSC_8378.JPG_min_y: 1049.1
