3.297687371934315603e+00 -1.744021858576987050e-01 -2.458730146398333090e+03
7.375635563336867540e-01 2.189117918343893354e+00 -1.279779845717962871e+03
5.285271682395172510e-04 -2.669236498692091381e-04 1.000000000000000000e+00
DSC_8230.JPG_max_x: 1245.28
DSC_8230.JPG_min_x: 943.819
DSC_8230.JPG_max_y: 1285.48
DSC_8230.JPG_min_y: 704.055
DSC_8374.JPG_max_x: 1055.35
DSC_8374.JPG_min_x: 423.968
DSC_8374.JPG_max_y: 1864.9
DSC_8374.JPG_min_y: 782.23
