1.471390438279784663e+00 -1.171992807643725681e-01 -4.264161387630172726e+02
1.481857355286300360e+00 2.264460070727014884e-01 5.482574800671415005e+02
1.304331685458083459e-03 -4.134689326253316775e-04 1.000000000000000000e+00
DSC_8266.JPG_max_x: 1320.03
DSC_8266.JPG_min_x: 746.588
DSC_8266.JPG_max_y: 1450.53
DSC_8266.JPG_min_y: 517.223
DSC_8364.JPG_max_x: 622.84
DSC_8364.JPG_min_x: 356.218
DSC_8364.JPG_max_y: 1360.34
DSC_8364.JPG_min_y: 1027.19
