-4.180269185453684422e-01 -2.070211008873238667e-01 9.161547986884423835e+02
-2.724326763199552692e-01 3.278651936191388505e-01 2.807495910039499449e+02
-8.030440113236752241e-04 -9.232449165299478079e-06 1.000000000000000000e+00
DSC_8217.JPG_max_x: 767.585
DSC_8217.JPG_min_x: 505.256
DSC_8217.JPG_max_y: 943.902
DSC_8217.JPG_min_y: 85.546
DSC_8263.JPG_max_x: 1279.71
DSC_8263.JPG_min_x: 850.792
DSC_8263.JPG_max_y: 843.237
DSC_8263.JPG_min_y: 262.512
