-3.019859449677678720e-01 -2.636249348459965836e-01 5.440911222758625172e+02
-1.073545239731280576e-01 -7.659711127127610819e-01 9.454826200541975822e+02
-3.790943700366943871e-04 -6.415818510845829178e-04 1.000000000000000000e+00
DSC_8312.JPG_max_x: 1325.58
DSC_8312.JPG_min_x: 801.945
DSC_8312.JPG_max_y: 1964.05
DSC_8312.JPG_min_y: 771.926
DSC_8439.JPG_max_x: 663.649
DSC_8439.JPG_min_x: 11.0149
DSC_8439.JPG_max_y: 1284.21
DSC_8439.JPG_min_y: 298.727
