1.747000897448599765e+00 6.436524676138754009e-01 -7.408019060140741203e+02
2.122887746572697104e-02 1.663221493206156643e+00 -1.938924257221573043e+03
2.773646658478035390e-04 3.917638824287525152e-04 1.000000000000000000e+00
DSC_8368.JPG_max_x: 1168.99
DSC_8368.JPG_min_x: 54.3122
DSC_8368.JPG_max_y: 1829.21
DSC_8368.JPG_min_y: 1530.04
DSC_8413.JPG_max_x: 1207.63
DSC_8413.JPG_min_x: 228.036
DSC_8413.JPG_max_y: 591.375
DSC_8413.JPG_min_y: 335.987
