-6.726998407810975966e-02 -9.333234196016558515e-02 1.582322910861768719e+02
-4.854874942631239310e-01 -5.771452638778545863e-01 1.005295287989378267e+03
-4.403124383304801433e-04 -5.883993774319469993e-04 1.000000000000000000e+00
DSC_8406.JPG_max_x: 833.995
DSC_8406.JPG_min_x: 65.6637
DSC_8406.JPG_max_y: 1520.02
DSC_8406.JPG_min_y: 526.218
DSC_8458.JPG_max_x: 752.902
DSC_8458.JPG_min_x: 43.1352
DSC_8458.JPG_max_y: 1206.3
DSC_8458.JPG_min_y: 809.762
