8.965691710992773622e-01 2.396564696987290299e-01 -4.426227143324073410e+00
-8.879685950043933462e-02 9.065161217325748977e-01 -5.324125436035139103e+00
3.929462071653961675e-05 -2.886612937017379854e-05 1.000000000000000000e+00
DSC_8333.JPG_max_x: 766.791
DSC_8333.JPG_min_x: 44.1831
DSC_8333.JPG_max_y: 1807.62
DSC_8333.JPG_min_y: 926.771
DSC_8419.JPG_max_x: 1080.22
DSC_8419.JPG_min_x: 283.362
DSC_8419.JPG_max_y: 1650.99
DSC_8419.JPG_min_y: 839.31
