8.581635014304604070e+00 2.894608810686882805e+00 -1.125032900179722674e+04
-5.438320784176693401e-01 1.012455504674139029e+01 -8.266566496390621978e+03
2.788557147002308865e-03 3.000882470327593133e-03 1.000000000000000000e+00
DSC_8310.JPG_max_x: 1313.2
DSC_8310.JPG_min_x: 877.989
DSC_8310.JPG_max_y: 1660.52
DSC_8310.JPG_min_y: 878.65
DSC_8313.JPG_max_x: 476.742
DSC_8313.JPG_min_x: 17.0322
DSC_8313.JPG_max_y: 957.413
DSC_8313.JPG_min_y: 12.6789
