2.050584355397084835e+00 5.305686302089709372e-01 -9.981886881043361655e+02
-3.516263453429374075e-01 2.551873288438417209e+00 -2.152154591814232390e+03
7.777648887469927911e-04 5.085814215759945200e-04 1.000000000000000000e+00
DSC_8248.JPG_max_x: 615.097
DSC_8248.JPG_min_x: 142.031
DSC_8248.JPG_max_y: 1636.63
DSC_8248.JPG_min_y: 1228.74
DSC_8377.JPG_max_x: 471.564
DSC_8377.JPG_min_x: 49.1397
DSC_8377.JPG_max_y: 867.384
DSC_8377.JPG_min_y: 372.106
