-1.559380489353908494e+00 -3.944702708604947428e-01 8.774812233488444235e+02
-2.499694145955208224e+00 -5.160326785338422706e-01 1.209993868801981762e+03
-2.362254034491489789e-03 -3.070816804993500761e-04 1.000000000000000000e+00
DSC_8265.JPG_max_x: 684.267
DSC_8265.JPG_min_x: 93.4453
DSC_8265.JPG_max_y: 1144.13
DSC_8265.JPG_min_y: 450.425
DSC_8349.JPG_max_x: 792.681
DSC_8349.JPG_min_x: 65.2005
DSC_8349.JPG_max_y: 1350.55
DSC_8349.JPG_min_y: 760.507
