-5.145245499119218691e-01 -1.417526108929966500e-01 6.486962724063387213e+02
-9.659658896835320308e-01 -3.592418732568187778e-01 1.052963670636076131e+03
-1.208985145306123998e-03 6.143089684370941090e-06 1.000000000000000000e+00
DSC_8209.JPG_max_x: 1329.65
DSC_8209.JPG_min_x: 213.873
DSC_8209.JPG_max_y: 1024.92
DSC_8209.JPG_min_y: 404.191
DSC_8211.JPG_max_x: 507.664
DSC_8211.JPG_min_x: 12.2981
DSC_8211.JPG_max_y: 1128.78
DSC_8211.JPG_min_y: 536.034
