-2.315816878491017694e-01 -1.549205893041057935e-01 1.728248923336614951e+02
-1.580885101933800163e+00 -6.193326204631777188e-01 9.144076216212210966e+02
-2.371330157569018215e-03 -1.598768212538077826e-04 1.000000000000000000e+00
DSC_8284.JPG_max_x: 1260.41
DSC_8284.JPG_min_x: 402.989
DSC_8284.JPG_max_y: 1303.03
DSC_8284.JPG_min_y: 352.675
DSC_8336.JPG_max_x: 164.238
DSC_8336.JPG_min_x: 6.43509
DSC_8336.JPG_max_y: 1473.13
DSC_8336.JPG_min_y: 620.08
