1.455626098350734754e+00 -2.116983286539698694e-01 -5.576987522051205133e+02
2.038915247059328306e-01 1.567899837907404725e+00 -4.235427608019395507e+02
5.148904363474611457e-04 -1.695809867869495018e-04 1.000000000000000000e+00
DSC_8263.JPG_max_x: 1318.3
DSC_8263.JPG_min_x: 540.212
DSC_8263.JPG_max_y: 1184.62
DSC_8263.JPG_min_y: 252.037
DSC_8299.JPG_max_x: 758.555
DSC_8299.JPG_min_x: 81.807
DSC_8299.JPG_max_y: 1171.97
DSC_8299.JPG_min_y: 133.286
