7.647237020953479014e-01 -1.152380607621049657e-01 1.296599276663843057e+02
4.463434525902799099e-01 2.536382239036867881e-01 2.692202830722606564e+02
1.006787674132847291e-03 -3.203964030338407576e-04 1.000000000000000000e+00
DSC_8213.JPG_max_x: 788.342
DSC_8213.JPG_min_x: 89.998
DSC_8213.JPG_max_y: 1405.68
DSC_8213.JPG_min_y: 78.7392
DSC_8311.JPG_max_x: 507.216
DSC_8311.JPG_min_x: 116.047
DSC_8311.JPG_max_y: 984.558
DSC_8311.JPG_min_y: 113.168
