5.932593476787007880e+00 1.258637719116512788e+00 -4.010898107426375645e+03
-3.698922882564311121e-01 5.378121186332079695e+00 -5.093753298447064481e+03
1.850632553489695757e-03 1.637402732306385061e-03 1.000000000000000000e+00
DSC_8238.JPG_max_x: 1234.79
DSC_8238.JPG_min_x: 596.043
DSC_8238.JPG_max_y: 1407.44
DSC_8238.JPG_min_y: 1093.2
DSC_8307.JPG_max_x: 921.234
DSC_8307.JPG_min_x: 246.173
DSC_8307.JPG_max_y: 475.06
DSC_8307.JPG_min_y: 104.62
