1.046718512262556189e+00 1.034245997551161769e-02 -4.954400792621273553e+01
-1.087256247083600302e-01 1.022396437455918239e+00 1.759968514035095382e+02
-9.208767278042380365e-06 -7.834665904016425021e-05 1.000000000000000000e+00
DSC_8377.JPG_max_x: 969.667
DSC_8377.JPG_min_x: 79.6191
DSC_8377.JPG_max_y: 1194.09
DSC_8377.JPG_min_y: 37.3033
DSC_8401.JPG_max_x: 1040.68
DSC_8401.JPG_min_x: 27.4092
DSC_8401.JPG_max_y: 1440.63
DSC_8401.JPG_min_y: 172.961
