8.819360926176633697e-01 -2.120828251145112642e-01 6.542137700184932783e+02
5.062087881130817868e-01 6.346230261159629960e-01 3.613936559106149389e+02
2.108293358390503868e-04 -1.207882369276600909e-04 1.000000000000000000e+00
DSC_8244.JPG_max_x: 1030.2
DSC_8244.JPG_min_x: 40.2122
DSC_8244.JPG_max_y: 1676.72
DSC_8244.JPG_min_y: 560.151
DSC_8442.JPG_max_x: 1280.79
DSC_8442.JPG_min_x: 446.468
DSC_8442.JPG_max_y: 1869.01
DSC_8442.JPG_min_y: 853.837
