9.021261657566398418e-01 -1.939836712776855585e-02 -3.122136794746506325e+02
-1.267627367313478859e-01 9.535815874875051001e-01 -4.847417122800061975e+02
-1.377797032768167840e-04 6.470818167556493671e-05 1.000000000000000000e+00
DSC_8260.JPG_max_x: 1194.61
DSC_8260.JPG_min_x: 422.456
DSC_8260.JPG_max_y: 1617.81
DSC_8260.JPG_min_y: 1171.99
DSC_8457.JPG_max_x: 802.804
DSC_8457.JPG_min_x: 53.0082
DSC_8457.JPG_max_y: 958.714
DSC_8457.JPG_min_y: 531.408
