2.109967429478192713e+01 1.035200802209693371e+01 -3.486964836325004580e+04
-6.429580747056796719e-01 2.964226627915070011e+01 -3.302830969549628935e+04
-5.467746369248287355e-05 1.130275258970037978e-02 1.000000000000000000e+00
DSC_8216.JPG_max_x: 1316.47
DSC_8216.JPG_min_x: 968.079
DSC_8216.JPG_max_y: 1722.01
DSC_8216.JPG_min_y: 1149.93
DSC_8315.JPG_max_x: 503.548
DSC_8315.JPG_min_x: 77.5132
DSC_8315.JPG_max_y: 850.209
DSC_8315.JPG_min_y: 29.3626
