7.384782484396918978e-01 -1.575080668123193528e-01 -7.918050163730414681e+01
-9.170507358305904355e-02 6.699893117184330116e-01 2.064166157640367771e+02
-2.822350924728714663e-04 6.435195592986294399e-05 1.000000000000000000e+00
DSC_8275.JPG_max_x: 1222.72
DSC_8275.JPG_min_x: 278.489
DSC_8275.JPG_max_y: 691.113
DSC_8275.JPG_min_y: 76.7628
DSC_8455.JPG_max_x: 1044.3
DSC_8455.JPG_min_x: 33.3329
DSC_8455.JPG_max_y: 787.703
DSC_8455.JPG_min_y: 240.185
