4.154934359726080717e-01 -1.367488411071633991e-01 8.101488890059508776e+02
-1.914908021547177819e-01 6.661206734215521230e-01 1.812591493584809257e+02
-3.149010983291985967e-04 -4.581863404225218034e-05 9.999999999999998890e-01
DSC_8292.JPG_max_x: 734.789
DSC_8292.JPG_min_x: 21.5034
DSC_8292.JPG_max_y: 1406.59
DSC_8292.JPG_min_y: 684.183
DSC_8336.JPG_max_x: 1329.33
DSC_8336.JPG_min_x: 687.104
DSC_8336.JPG_max_y: 1221.11
DSC_8336.JPG_min_y: 670.315
