2.376909640522543832e+00 1.208351973145494140e+00 -1.577450398109482876e+03
-2.241439293304928193e-01 3.347873151061126595e+00 -2.753601158381593450e+03
-3.002900302361087960e-04 1.180452824652080367e-03 1.000000000000000000e+00
DSC_8352.JPG_max_x: 1117.98
DSC_8352.JPG_min_x: 73.6614
DSC_8352.JPG_max_y: 1500.64
DSC_8352.JPG_min_y: 1086.21
DSC_8431.JPG_max_x: 1253.95
DSC_8431.JPG_min_x: 142.145
DSC_8431.JPG_max_y: 856.282
DSC_8431.JPG_min_y: 360.726
