1.163374012392093704e+00 -2.566076588117452081e-02 -3.014198443402679004e+02
1.982010477310544583e-01 8.706106747539361645e-01 5.625984657806767473e+02
1.609272610907902903e-04 -1.142362968633366967e-04 1.000000000000000000e+00
DSC_8315.JPG_max_x: 562.223
DSC_8315.JPG_min_x: 291.899
DSC_8315.JPG_max_y: 856.394
DSC_8315.JPG_min_y: 174.903
DSC_8437.JPG_max_x: 325.459
DSC_8437.JPG_min_x: 22.3793
DSC_8437.JPG_max_y: 1434.84
DSC_8437.JPG_min_y: 759.562
