3.116506989667795491e+00 -1.780570693741075461e+00 -1.577131363984834707e+02
6.460857548616167456e+00 -4.507730164062268230e+00 6.516686063215739750e+02
5.127069886657021833e-03 -3.915553165483965509e-03 1.000000000000000000e+00
DSC_8266.JPG_max_x: 1267.37
DSC_8266.JPG_min_x: 708.39
DSC_8266.JPG_max_y: 1450.53
DSC_8266.JPG_min_y: 663.723
DSC_8398.JPG_max_x: 865.929
DSC_8398.JPG_min_x: 383.631
DSC_8398.JPG_max_y: 1331.99
DSC_8398.JPG_min_y: 984.569
