6.270895810687328042e-01 9.466234205372468791e-02 -7.743026672652133584e+02
-8.984676353620363320e-01 2.061673722986578361e-01 1.281179572482866433e+03
-5.301177727861081969e-04 -1.326636118745014379e-04 1.000000000000000000e+00
DSC_8250.JPG_max_x: 1306.99
DSC_8250.JPG_min_x: 1137.74
DSC_8250.JPG_max_y: 1042.34
DSC_8250.JPG_min_y: 649.016
DSC_8464.JPG_max_x: 1078.41
DSC_8464.JPG_min_x: 51.1469
DSC_8464.JPG_max_y: 1804.18
DSC_8464.JPG_min_y: 1088.95
