2.124778818763334964e+00 1.199653486428255533e+00 -4.554550768003048802e+02
-8.311814762842613391e-02 2.813261059432643929e+00 -2.426081034487970101e+03
7.854545296736279748e-05 1.533515521316526674e-03 1.000000000000000000e+00
DSC_8238.JPG_max_x: 1127.7
DSC_8238.JPG_min_x: 125.804
DSC_8238.JPG_max_y: 1703.56
DSC_8238.JPG_min_y: 1127.61
DSC_8415.JPG_max_x: 1148.81
DSC_8415.JPG_min_x: 443.17
DSC_8415.JPG_max_y: 615.708
DSC_8415.JPG_min_y: 254.729
