5.378768910870099784e-01 -1.119167317255609362e-01 4.255620744809926350e+02
-8.165130010120152937e-02 2.435279178656540033e-01 1.034026979161963709e+03
-6.576117598515581961e-05 -2.760312730272524318e-04 9.999999999999998890e-01
DSC_8369.JPG_max_x: 1040.38
DSC_8369.JPG_min_x: 40.5733
DSC_8369.JPG_max_y: 954.602
DSC_8369.JPG_min_y: 301.063
DSC_8412.JPG_max_x: 1273.26
DSC_8412.JPG_min_x: 495.435
DSC_8412.JPG_max_y: 1730.83
DSC_8412.JPG_min_y: 1187.06
