1.991770309494641467e+01 -1.289743292567296695e+00 -8.588638314169749719e+03
1.459099161922998533e+01 1.823635901987460883e+01 -2.195817930611676275e+04
1.222357165688624583e-02 -1.724722624911543883e-03 1.000000000000000000e+00
DSC_8378.JPG_max_x: 958.788
DSC_8378.JPG_min_x: 602.934
DSC_8378.JPG_max_y: 1318.42
DSC_8378.JPG_min_y: 1054.43
DSC_8470.JPG_max_x: 837.829
DSC_8470.JPG_min_x: 286.537
DSC_8470.JPG_max_y: 1765.97
DSC_8470.JPG_min_y: 938.175
