1.340311019986565766e+00 -3.539310051680891189e-01 2.828781112443937786e+02
4.598469297820261259e-01 1.267293054420171927e+00 1.242226382095658579e+02
2.188813519885514586e-04 -2.207864199961657992e-04 1.000000000000000000e+00
DSC_8219.JPG_max_x: 750.254
DSC_8219.JPG_min_x: 59.2469
DSC_8219.JPG_max_y: 962.519
DSC_8219.JPG_min_y: 65.7892
DSC_8333.JPG_max_x: 1138.93
DSC_8333.JPG_min_x: 161.543
DSC_8333.JPG_max_y: 1768.91
DSC_8333.JPG_min_y: 507.886
