2.276095137443556737e+00 -1.866052947448707811e-01 -2.102417116142141367e+03
6.841387607178223140e-01 1.774089249410470304e+00 -6.915596830161244952e+02
4.808311984857143329e-04 -3.451472004928785053e-04 1.000000000000000000e+00
DSC_8194.JPG_max_x: 1330.81
DSC_8194.JPG_min_x: 1096.77
DSC_8194.JPG_max_y: 1215.0
DSC_8194.JPG_min_y: 580.526
DSC_8360.JPG_max_x: 570.82
DSC_8360.JPG_min_x: 169.596
DSC_8360.JPG_max_y: 1965.96
DSC_8360.JPG_min_y: 851.234
