1.255753813972261712e+00 -1.179041167188273231e+00 1.092901808247775989e+03
6.327965575514514773e-01 -6.181829133627850803e-01 6.012691453173758873e+02
1.238508771012041031e-03 -1.109724328055879854e-03 1.000000000000000000e+00
DSC_8224.JPG_max_x: 827.83
DSC_8224.JPG_min_x: 198.954
DSC_8224.JPG_max_y: 1854.24
DSC_8224.JPG_min_y: 741.85
DSC_8367.JPG_max_x: 1218.71
DSC_8367.JPG_min_x: 1007.09
DSC_8367.JPG_max_y: 649.818
DSC_8367.JPG_min_y: 369.009
