1.147301359222755446e+00 -6.155858811819893590e-03 2.342226893348112071e+02
3.412493478083351572e-01 4.695860702081601779e-01 -4.780802859480045299e+02
1.166347385593787889e-03 -4.920793631807336178e-04 1.000000000000000000e+00
DSC_8394.JPG_max_x: 620.039
DSC_8394.JPG_min_x: 70.2241
DSC_8394.JPG_max_y: 1952.05
DSC_8394.JPG_min_y: 1021.5
DSC_8429.JPG_max_x: 1311.44
DSC_8429.JPG_min_x: 572.566
DSC_8429.JPG_max_y: 906.762
DSC_8429.JPG_min_y: 7.01687
