2.823638152380147370e-01 -1.913365493029164574e-02 3.756425147740001194e+02
-2.755972911336598830e-02 4.199186468061560373e-01 1.635292093069466830e+02
-1.528670492543731752e-04 -4.924090197540041859e-05 1.000000000000000000e+00
DSC_8305.JPG_max_x: 1206.26
DSC_8305.JPG_min_x: 377.495
DSC_8305.JPG_max_y: 1782.29
DSC_8305.JPG_min_y: 248.329
DSC_8449.JPG_max_x: 933.76
DSC_8449.JPG_min_x: 506.533
DSC_8449.JPG_max_y: 1154.25
DSC_8449.JPG_min_y: 291.509
