9.731174323758310152e+00 -7.063219307132286851e+00 1.302895987851985865e+03
1.405175091973849888e+01 -1.167156001863700610e+01 4.652635353053667131e+03
1.414797189040205294e-02 -8.059903421000659887e-03 1.000000000000000000e+00
DSC_8234.JPG_max_x: 1169.76
DSC_8234.JPG_min_x: 26.3453
DSC_8234.JPG_max_y: 1326.35
DSC_8234.JPG_min_y: 584.681
DSC_8332.JPG_max_x: 1298.53
DSC_8332.JPG_min_x: 604.642
DSC_8332.JPG_max_y: 1489.64
DSC_8332.JPG_min_y: 550.301
