2.688338389273742801e-01 3.207284391783934985e-01 -4.374668834905592121e+02
-2.085211121273081725e-01 5.220333427480627897e-01 -2.099214117737572849e+02
-4.777038951077132683e-04 1.225310125905008766e-04 1.000000000000000000e+00
DSC_8320.JPG_max_x: 1314.59
DSC_8320.JPG_min_x: 686.467
DSC_8320.JPG_max_y: 1494.42
DSC_8320.JPG_min_y: 996.644
DSC_8473.JPG_max_x: 806.609
DSC_8473.JPG_min_x: 154.117
DSC_8473.JPG_max_y: 577.083
DSC_8473.JPG_min_y: 87.1544
