4.776796165600779354e+00 1.689332105188735111e+00 -2.259469950072494612e+03
-8.866360287942336438e-01 4.486166762448502432e+00 -3.091480527310092725e+02
1.283200740377987399e-03 1.095356737737216172e-03 9.999999999999998890e-01
DSC_8329.JPG_max_x: 985.902
DSC_8329.JPG_min_x: 377.313
DSC_8329.JPG_max_y: 1557.68
DSC_8329.JPG_min_y: 214.763
DSC_8375.JPG_max_x: 1293.2
DSC_8375.JPG_min_x: 481.754
DSC_8375.JPG_max_y: 1596.03
DSC_8375.JPG_min_y: 16.405
