1.054539081736221712e-01 -2.736411253670796850e-01 5.399273224232891835e+02
-6.227715508729221063e-03 5.402334039234610308e-02 1.413561441032808261e+02
-4.105193885249008547e-05 -4.284557182013377604e-04 1.000000000000000000e+00
DSC_8289.JPG_max_x: 1159.86
DSC_8289.JPG_min_x: 498.211
DSC_8289.JPG_max_y: 842.824
DSC_8289.JPG_min_y: 218.683
DSC_8399.JPG_max_x: 703.819
DSC_8399.JPG_min_x: 591.968
DSC_8399.JPG_max_y: 304.055
DSC_8399.JPG_min_y: 169.392
