3.104554355090434203e-01 -2.352275717478053974e-01 6.564845672461211734e+02
6.962883522579923351e-03 3.400372148109074844e-01 1.550282475594321454e+02
-7.363442384133187055e-05 -1.940615220302834324e-04 1.000000000000000000e+00
DSC_8257.JPG_max_x: 1258.48
DSC_8257.JPG_min_x: 27.7745
DSC_8257.JPG_max_y: 815.156
DSC_8257.JPG_min_y: 227.889
DSC_8415.JPG_max_x: 1147.81
DSC_8415.JPG_min_x: 588.662
DSC_8415.JPG_max_y: 541.372
DSC_8415.JPG_min_y: 270.524
