3.187320971145972126e-01 -3.360465367929229008e-01 6.848569739201191169e+02
-2.177934062939911319e-01 -1.657474857459453887e-01 1.242880301154209519e+03
-1.594889759828350788e-04 -4.724020073871739562e-04 9.999999999999998890e-01
DSC_8227.JPG_max_x: 910.863
DSC_8227.JPG_min_x: 122.366
DSC_8227.JPG_max_y: 652.963
DSC_8227.JPG_min_y: 222.478
DSC_8242.JPG_max_x: 1317.78
DSC_8242.JPG_min_x: 735.906
DSC_8242.JPG_max_y: 1665.79
DSC_8242.JPG_min_y: 1332.41
