1.899797241961364902e+00 6.848277322231540731e-01 -1.492179647968456493e+02
3.951534885766322391e-02 2.104502280819328330e+00 -1.853715624918746926e+03
2.496056328566912796e-04 5.034418842581034597e-04 1.000000000000000000e+00
DSC_8412.JPG_max_x: 757.441
DSC_8412.JPG_min_x: 28.8863
DSC_8412.JPG_max_y: 1562.63
DSC_8412.JPG_min_y: 897.782
DSC_8445.JPG_max_x: 1205.95
DSC_8445.JPG_min_x: 388.629
DSC_8445.JPG_max_y: 762.648
DSC_8445.JPG_min_y: 20.5391
