2.021997445494047863e-01 -3.205318040294172222e-01 3.291063430161462833e+01
9.051342883645445425e-03 -1.839139035825423818e+00 1.927289762307635556e+03
2.749203065851886095e-04 -1.149578917443646285e-03 1.000000000000000000e+00
DSC_8419.JPG_max_x: 1073.49
DSC_8419.JPG_min_x: 627.613
DSC_8419.JPG_max_y: 1654.25
DSC_8419.JPG_min_y: 1274.28
DSC_8459.JPG_max_x: 878.589
DSC_8459.JPG_min_x: 466.165
DSC_8459.JPG_max_y: 1947.25
DSC_8459.JPG_min_y: 1392.57
