2.150240333500073042e+00 6.307845003592637001e-01 -1.072077139459658838e+03
-1.839243047379176821e-01 2.588014739517255691e+00 -2.376109526850390012e+03
4.475648713399514917e-06 7.309845320410749943e-04 1.000000000000000000e+00
DSC_8334.JPG_max_x: 1327.49
DSC_8334.JPG_min_x: 405.642
DSC_8334.JPG_max_y: 1880.38
DSC_8334.JPG_min_y: 953.595
DSC_8335.JPG_max_x: 1270.41
DSC_8335.JPG_min_x: 258.114
DSC_8335.JPG_max_y: 970.781
DSC_8335.JPG_min_y: 6.48226
