-1.189634738977668332e-01 -2.432182297515918246e-01 2.376474797851674907e+02
-9.192211767833212699e-01 -1.640436017943162739e+00 1.637144756256273695e+03
-5.844940382823001455e-04 -9.637918134193666688e-04 1.000000000000000000e+00
DSC_8365.JPG_max_x: 1326.09
DSC_8365.JPG_min_x: 595.561
DSC_8365.JPG_max_y: 639.755
DSC_8365.JPG_min_y: 368.715
DSC_8396.JPG_max_x: 925.539
DSC_8396.JPG_min_x: 28.3563
DSC_8396.JPG_max_y: 1593.82
DSC_8396.JPG_min_y: 34.0796
