1.711036971771152382e-01 -2.106534980064308782e-01 4.326468608211011997e+02
-3.424789977361050036e-02 -2.715286733387891616e-01 1.158623532187282990e+03
-3.404302829018234324e-05 -3.691002219462185922e-04 1.000000000000000000e+00
DSC_8289.JPG_max_x: 1116.74
DSC_8289.JPG_min_x: 448.055
DSC_8289.JPG_max_y: 1513.12
DSC_8289.JPG_min_y: 259.339
DSC_8432.JPG_max_x: 667.992
DSC_8432.JPG_min_x: 493.801
DSC_8432.JPG_max_y: 1726.19
DSC_8432.JPG_min_y: 1211.46
