-4.960250045091392779e-01 -4.178129345083286816e-02 5.361639337412335635e+02
-1.158542841338724649e+00 -9.552347063587357523e-01 1.636675218888571635e+03
-1.193633672259973100e-03 -3.627566323290271327e-04 1.000000000000000000e+00
DSC_8256.JPG_max_x: 1303.95
DSC_8256.JPG_min_x: 330.167
DSC_8256.JPG_max_y: 1241.23
DSC_8256.JPG_min_y: 670.426
DSC_8274.JPG_max_x: 1051.46
DSC_8274.JPG_min_x: 11.504
DSC_8274.JPG_max_y: 1570.95
DSC_8274.JPG_min_y: 596.885
