2.155878770207343198e+00 1.295710400813666618e-01 -1.127027224893239008e+03
-2.304623055397809483e-01 1.324134866580939818e+00 7.012685832890091433e+02
2.212736814110711169e-04 -1.358189232408845467e-04 1.000000000000000000e+00
DSC_8197.JPG_max_x: 1259.51
DSC_8197.JPG_min_x: 555.694
DSC_8197.JPG_max_y: 1062.35
DSC_8197.JPG_min_y: 28.0959
DSC_8403.JPG_max_x: 1313.42
DSC_8403.JPG_min_x: 47.4642
DSC_8403.JPG_max_y: 1909.03
DSC_8403.JPG_min_y: 477.67
