-6.587001415854626396e-01 -7.285940380839737995e-02 6.515370984110213612e+02
-1.576646204210626179e+00 -5.962445376869160985e-01 1.683022072903550679e+03
-1.208088876088473426e-03 -2.096759180846486021e-04 1.000000000000000000e+00
DSC_8220.JPG_max_x: 1304.29
DSC_8220.JPG_min_x: 19.7297
DSC_8220.JPG_max_y: 1373.27
DSC_8220.JPG_min_y: 908.377
DSC_8366.JPG_max_x: 719.382
DSC_8366.JPG_min_x: 81.962
DSC_8366.JPG_max_y: 1473.61
DSC_8366.JPG_min_y: 1097.44
