2.965984880918967614e-01 1.185458466713355252e-01 1.401404559318300244e+03
1.051717504708678599e-02 9.514191462204959482e-01 1.500621058305953568e+02
-4.597856123394850969e-04 4.835265458843204583e-04 9.999999999999998890e-01
DSC_8227.JPG_max_x: 302.261
DSC_8227.JPG_min_x: 18.2423
DSC_8227.JPG_max_y: 1534.15
DSC_8227.JPG_min_y: 342.369
DSC_8323.JPG_max_x: 1317.08
DSC_8323.JPG_min_x: 917.778
DSC_8323.JPG_max_y: 935.513
DSC_8323.JPG_min_y: 415.995
