4.255991600752232484e-01 3.190290207154685698e-01 4.025007916813759721e+02
-2.659311384563775929e-02 5.467814407387959763e-01 2.431874679733322182e+02
-1.193864778920876901e-04 2.909503628438710491e-04 1.000000000000000000e+00
DSC_8341.JPG_max_x: 1267.95
DSC_8341.JPG_min_x: 22.5099
DSC_8341.JPG_max_y: 1092.63
DSC_8341.JPG_min_y: 12.8949
DSC_8475.JPG_max_x: 1256.23
DSC_8475.JPG_min_x: 615.13
DSC_8475.JPG_max_y: 706.133
DSC_8475.JPG_min_y: 209.373
