3.148608905194029717e+01 1.014569512051234845e+01 -4.824264147160905850e+04
7.345623371256604361e-01 4.072717402175631918e+01 -4.161373935511613672e+04
1.595282549906076874e-02 8.767460526998040182e-03 1.000000000000000000e+00
DSC_8346.JPG_max_x: 1316.41
DSC_8346.JPG_min_x: 960.89
DSC_8346.JPG_max_y: 1934.2
DSC_8346.JPG_min_y: 1155.82
DSC_8401.JPG_max_x: 205.105
DSC_8401.JPG_min_x: 27.4092
DSC_8401.JPG_max_y: 1135.36
DSC_8401.JPG_min_y: 193.691
