1.556408133443393904e+00 -2.762033206861737034e-01 1.029259402022431232e+03
4.265127966231271883e-01 6.517310904877883226e-01 -6.057491062690721719e+02
1.002432096574589404e-03 -5.928430250460861925e-05 1.000000000000000000e+00
DSC_8240.JPG_max_x: 1300.87
DSC_8240.JPG_min_x: 28.0237
DSC_8240.JPG_max_y: 1931.73
DSC_8240.JPG_min_y: 981.414
DSC_8431.JPG_max_x: 1309.14
DSC_8431.JPG_min_x: 355.524
DSC_8431.JPG_max_y: 634.334
DSC_8431.JPG_min_y: 65.9066
