1.834823555697580266e+00 1.683370361966200074e-02 -4.199300255581926535e+02
1.572260941364531650e-01 1.710186298851290809e+00 -1.040475586048776222e+03
1.330063232091258519e-04 -1.594908871117498486e-05 1.000000000000000000e+00
DSC_8378.JPG_max_x: 966.956
DSC_8378.JPG_min_x: 299.125
DSC_8378.JPG_max_y: 1679.38
DSC_8378.JPG_min_y: 1045.61
DSC_8432.JPG_max_x: 1239.33
DSC_8432.JPG_min_x: 143.093
DSC_8432.JPG_max_y: 1841.89
DSC_8432.JPG_min_y: 770.344
