3.924434177536384460e-01 -3.175500431335243762e-02 7.690306358425319786e+02
-2.969283747558177922e-01 8.768744906148515650e-01 3.341685313625007439e+02
-3.472717655052271488e-04 3.937129624127802893e-05 1.000000000000000000e+00
DSC_8276.JPG_max_x: 560.948
DSC_8276.JPG_min_x: 51.3885
DSC_8276.JPG_max_y: 1286.5
DSC_8276.JPG_min_y: 492.093
DSC_8474.JPG_max_x: 1136.51
DSC_8474.JPG_min_x: 745.642
DSC_8474.JPG_max_y: 1521.87
DSC_8474.JPG_min_y: 744.35
