7.250115757225504831e-01 -2.612500744524157148e-01 3.879648978424317534e+02
1.752943221734085955e-01 1.145795606056507349e-01 1.117974307565542631e+03
1.031940300882259933e-04 -3.295940327415216816e-04 9.999999999999998890e-01
DSC_8307.JPG_max_x: 1297.85
DSC_8307.JPG_min_x: 193.786
DSC_8307.JPG_max_y: 880.052
DSC_8307.JPG_min_y: 209.762
DSC_8472.JPG_max_x: 1255.48
DSC_8472.JPG_min_x: 471.874
DSC_8472.JPG_max_y: 1695.17
DSC_8472.JPG_min_y: 1240.21
