-2.662342299055150630e+00 -9.003253153859336333e-01 2.186361626900259580e+03
8.577891016362240717e-02 -3.261170139510041643e+00 3.940805539158398915e+03
-7.098398160808479162e-06 -1.176477573197533483e-03 1.000000000000000000e+00
DSC_8364.JPG_max_x: 657.169
DSC_8364.JPG_min_x: 419.634
DSC_8364.JPG_max_y: 1410.23
DSC_8364.JPG_min_y: 1254.2
DSC_8465.JPG_max_x: 1243.91
DSC_8465.JPG_min_x: 131.065
DSC_8465.JPG_max_y: 899.214
DSC_8465.JPG_min_y: 242.94
