-4.875932423437458141e+00 -1.559945245306102901e+00 2.192369380584781993e+03
-4.683267493198537856e+00 -7.448091572360555190e+00 4.793844630216449332e+03
-3.900270847323185092e-03 -2.482871419976435783e-03 1.000000000000000000e+00
DSC_8236.JPG_max_x: 973.306
DSC_8236.JPG_min_x: 350.914
DSC_8236.JPG_max_y: 842.147
DSC_8236.JPG_min_y: 662.901
DSC_8470.JPG_max_x: 837.829
DSC_8470.JPG_min_x: 318.947
DSC_8470.JPG_max_y: 1259.52
DSC_8470.JPG_min_y: 1029.07
