-4.022015107561093927e+00 -5.890951076311154111e+00 5.696732875249722383e+03
6.538376833136177346e+00 -1.451351353545952350e+01 1.361637717539281584e+04
1.086349334348934471e-02 -1.232397093932533459e-02 1.000000000000000000e+00
DSC_8250.JPG_max_x: 1252.45
DSC_8250.JPG_min_x: 442.407
DSC_8250.JPG_max_y: 1859.51
DSC_8250.JPG_min_y: 1159.1
DSC_8251.JPG_max_x: 1195.99
DSC_8251.JPG_min_x: 334.54
DSC_8251.JPG_max_y: 625.063
DSC_8251.JPG_min_y: 29.1329
