-6.463269370898187816e-02 -1.028971697802736784e+00 1.533472709756941867e+03
-3.558447858015267862e-01 -1.774924191399445128e-01 3.004959585916186029e+02
-3.083877192190905068e-04 -6.238615032464379798e-04 1.000000000000000000e+00
DSC_8224.JPG_max_x: 1260.48
DSC_8224.JPG_min_x: 21.5315
DSC_8224.JPG_max_y: 1742.47
DSC_8224.JPG_min_y: 1185.08
DSC_8257.JPG_max_x: 1260.82
DSC_8257.JPG_min_x: 400.493
DSC_8257.JPG_max_y: 1304.4
DSC_8257.JPG_min_y: 227.889
