1.960501611933809674e+00 4.567996562347838574e-01 -8.102264917116632432e+02
1.753147452879272539e+00 9.367141042732497480e-01 1.093393918708834008e+03
1.649143791533635127e-03 -4.144234968137223090e-05 1.000000000000000000e+00
DSC_8267.JPG_max_x: 1260.71
DSC_8267.JPG_min_x: 737.352
DSC_8267.JPG_max_y: 1305.3
DSC_8267.JPG_min_y: 14.3534
DSC_8350.JPG_max_x: 694.632
DSC_8350.JPG_min_x: 299.531
DSC_8350.JPG_max_y: 1573.89
DSC_8350.JPG_min_y: 1099.59
