8.829113340847327684e-01 1.170755503876543396e-01 1.229123040037282948e+02
-3.660052638334414243e-02 1.145337406531440338e+00 -7.286650303108206117e+02
-4.646479468851947626e-04 2.713236774472734263e-04 1.000000000000000000e+00
DSC_8274.JPG_max_x: 814.989
DSC_8274.JPG_min_x: 11.504
DSC_8274.JPG_max_y: 1131.18
DSC_8274.JPG_min_y: 691.571
DSC_8445.JPG_max_x: 1047.99
DSC_8445.JPG_min_x: 198.917
DSC_8445.JPG_max_y: 579.412
DSC_8445.JPG_min_y: 49.992
