1.337136003338721180e+00 -1.175862549772402676e+00 8.274766785520755548e+02
5.784861744407707729e-01 -2.991425401691784614e-01 1.031841279398308416e+03
4.172084926642148379e-04 -5.656157364448428232e-04 1.000000000000000000e+00
DSC_8293.JPG_max_x: 647.958
DSC_8293.JPG_min_x: 216.523
DSC_8293.JPG_max_y: 860.342
DSC_8293.JPG_min_y: 77.7891
DSC_8336.JPG_max_x: 1292.0
DSC_8336.JPG_min_x: 499.068
DSC_8336.JPG_max_y: 1453.58
DSC_8336.JPG_min_y: 1056.31
