7.375214711017860081e-01 -1.309492847218405864e-01 -1.011453805508104153e+02
2.036265111722515911e-02 2.160284183370142497e-01 1.172765807507150157e+03
-1.292823362577818659e-05 -3.366636373590650060e-04 1.000000000000000000e+00
DSC_8233.JPG_max_x: 928.982
DSC_8233.JPG_min_x: 192.959
DSC_8233.JPG_max_y: 668.565
DSC_8233.JPG_min_y: 40.8216
DSC_8248.JPG_max_x: 615.788
DSC_8248.JPG_min_x: 23.6073
DSC_8248.JPG_max_y: 1733.57
DSC_8248.JPG_min_y: 1228.74
