-1.200297349480918374e+00 -2.241789615139237468e-01 8.090808556480722018e+02
-1.751824330180384637e+00 -5.027806626147508506e-01 1.312174381576475298e+03
-1.512621766630712055e-03 -3.098339051714257960e-04 1.000000000000000000e+00
DSC_8288.JPG_max_x: 1126.29
DSC_8288.JPG_min_x: 290.996
DSC_8288.JPG_max_y: 1898.72
DSC_8288.JPG_min_y: 622.61
DSC_8416.JPG_max_x: 1030.27
DSC_8416.JPG_min_x: 679.153
DSC_8416.JPG_max_y: 1326.12
DSC_8416.JPG_min_y: 981.269
