-4.704214884979017741e-01 -7.480714254612487457e-02 4.817849445648860183e+02
-1.804517590778588643e+00 -6.976251443047324363e-01 1.305872738469012347e+03
-1.584874482496397008e-03 -2.620610891148115828e-05 1.000000000000000000e+00
DSC_8331.JPG_max_x: 1322.54
DSC_8331.JPG_min_x: 260.783
DSC_8331.JPG_max_y: 1086.7
DSC_8331.JPG_min_y: 140.381
DSC_8348.JPG_max_x: 560.146
DSC_8348.JPG_min_x: 18.9945
DSC_8348.JPG_max_y: 1889.07
DSC_8348.JPG_min_y: 1077.67
