1.543024674610057323e+00 1.163970306024484147e+00 -7.751952828314573480e+02
-6.779878309451869978e-02 4.794421310881789466e+00 1.068979758924052476e+03
-1.482465367395831074e-04 1.639815338191614883e-03 1.000000000000000000e+00
DSC_8347.JPG_max_x: 1323.84
DSC_8347.JPG_min_x: 404.736
DSC_8347.JPG_max_y: 431.542
DSC_8347.JPG_min_y: 151.188
DSC_8404.JPG_max_x: 1273.58
DSC_8404.JPG_min_x: 49.2851
DSC_8404.JPG_max_y: 1953.01
DSC_8404.JPG_min_y: 1588.05
