-5.110418336266751849e-02 5.240947422668886801e+00 -8.179638410475238743e+03
2.549793256784345097e+00 -5.592893503504702046e+00 1.314141435389707794e+03
-2.225504991390450747e-03 -5.058433157773089932e-03 1.000000000000000000e+00
DSC_8220.JPG_max_x: 1304.29
DSC_8220.JPG_min_x: 89.9176
DSC_8220.JPG_max_y: 1374.46
DSC_8220.JPG_min_y: 932.299
DSC_8367.JPG_max_x: 748.941
DSC_8367.JPG_min_x: 83.5942
DSC_8367.JPG_max_y: 963.94
DSC_8367.JPG_min_y: 209.08
