4.378326675488377617e+00 1.864357543746947288e+00 -6.478287900079415522e+03
5.846755022279671588e-01 4.222002619457122741e+00 -4.460900519197554786e+03
2.380447763651872585e-03 7.041876331344817984e-04 1.000000000000000000e+00
DSC_8428.JPG_max_x: 1250.19
DSC_8428.JPG_min_x: 870.229
DSC_8428.JPG_max_y: 1563.88
DSC_8428.JPG_min_y: 1405.64
DSC_8443.JPG_max_x: 333.292
DSC_8443.JPG_min_x: 17.723
DSC_8443.JPG_max_y: 627.282
DSC_8443.JPG_min_y: 467.302
