2.450161272490721576e+00 6.844924961114552397e-01 -1.501726205570448883e+03
2.799632263962039125e-01 1.647937854361253507e+00 7.991862871311815297e+02
9.488998120734404036e-04 -1.140618980726700441e-05 1.000000000000000000e+00
DSC_8235.JPG_max_x: 1318.26
DSC_8235.JPG_min_x: 925.9
DSC_8235.JPG_max_y: 901.296
DSC_8235.JPG_min_y: 356.941
DSC_8335.JPG_max_x: 905.548
DSC_8335.JPG_min_x: 547.928
DSC_8335.JPG_max_y: 1279.23
DSC_8335.JPG_min_y: 795.859
