3.900939865944927920e+00 -5.191610163579781778e-01 -4.010032169030538626e+03
1.295770931525106695e+00 2.426739539559644943e+00 -2.219323074996780178e+03
6.672103792112057345e-04 -7.433607789937604323e-04 1.000000000000000000e+00
DSC_8230.JPG_max_x: 1315.45
DSC_8230.JPG_min_x: 1138.84
DSC_8230.JPG_max_y: 1043.65
DSC_8230.JPG_min_y: 574.147
DSC_8402.JPG_max_x: 570.586
DSC_8402.JPG_min_x: 12.8109
DSC_8402.JPG_max_y: 1820.34
DSC_8402.JPG_min_y: 614.518
