-1.146812456374980194e+01 -6.176550400220247816e+00 1.103562709191070780e+03
8.947071010699995108e-01 -2.367224772870817517e+01 2.737518744053905175e+04
6.327181002544006103e-03 -8.370011437275861471e-03 9.999999999999998890e-01
DSC_8448.JPG_max_x: 456.89
DSC_8448.JPG_min_x: 34.2853
DSC_8448.JPG_max_y: 1887.15
DSC_8448.JPG_min_y: 1212.4
DSC_8463.JPG_max_x: 1321.37
DSC_8463.JPG_min_x: 753.537
DSC_8463.JPG_max_y: 1421.01
DSC_8463.JPG_min_y: 148.536
