1.967518266760619472e+00 -1.616411390464356890e+00 1.241297768712736797e+03
1.447018067444250544e+00 -1.147421776084049050e+00 8.813296704848919489e+02
1.638517602800649165e-03 -1.308281332096885262e-03 1.000000000000000000e+00
DSC_8208.JPG_max_x: 845.45
DSC_8208.JPG_min_x: 4.63194
DSC_8208.JPG_max_y: 1792.66
DSC_8208.JPG_min_y: 817.368
DSC_8306.JPG_max_x: 1312.53
DSC_8306.JPG_min_x: 180.088
DSC_8306.JPG_max_y: 1206.41
DSC_8306.JPG_min_y: 658.522
