-4.762269179062646351e+00 1.498400884316789528e+00 1.665578017567291681e+03
-1.089461441866692804e+00 5.878115356648042633e-01 2.598003061379210408e+02
-5.105518339540803321e-03 2.407188557368454985e-03 1.000000000000000000e+00
DSC_8257.JPG_max_x: 638.742
DSC_8257.JPG_min_x: 18.5744
DSC_8257.JPG_max_y: 1026.73
DSC_8257.JPG_min_y: 481.611
DSC_8321.JPG_max_x: 1185.82
DSC_8321.JPG_min_x: 480.742
DSC_8321.JPG_max_y: 750.017
DSC_8321.JPG_min_y: 67.8431
