8.068056797428021509e-01 2.757693543181708451e-01 -3.651069528540984948e+02
3.520282277988364683e-01 5.435589826891552567e-01 1.296497063181817339e+03
3.079884592199281222e-04 -1.857675339296325340e-04 1.000000000000000000e+00
DSC_8321.JPG_max_x: 1063.02
DSC_8321.JPG_min_x: 464.808
DSC_8321.JPG_max_y: 791.935
DSC_8321.JPG_min_y: 39.1254
DSC_8472.JPG_max_x: 471.874
DSC_8472.JPG_min_x: 75.9939
DSC_8472.JPG_max_y: 1864.01
DSC_8472.JPG_min_y: 1300.95
