1.181695782423465069e+00 3.226783561516222698e-01 -4.018000674757416277e+02
-2.898669660131653614e-01 1.535968065060276722e+00 -1.422910535221242071e+03
-4.745693107502383019e-04 1.996854836275129116e-04 1.000000000000000000e+00
DSC_8396.JPG_max_x: 897.591
DSC_8396.JPG_min_x: 28.3563
DSC_8396.JPG_max_y: 1557.51
DSC_8396.JPG_min_y: 1259.13
DSC_8431.JPG_max_x: 1328.54
DSC_8431.JPG_min_x: 142.145
DSC_8431.JPG_max_y: 808.539
DSC_8431.JPG_min_y: 351.209
