1.267069209290821119e+00 -4.172248147542394481e-01 2.110015786629036683e+01
1.597319912548317067e+00 -8.917858851031508216e-01 6.239231597372015585e+02
7.671615557107607560e-04 -9.106879518199635344e-04 1.000000000000000000e+00
DSC_8200.JPG_max_x: 1244.59
DSC_8200.JPG_min_x: 426.922
DSC_8200.JPG_max_y: 1420.12
DSC_8200.JPG_min_y: 847.186
DSC_8470.JPG_max_x: 1326.77
DSC_8470.JPG_min_x: 286.537
DSC_8470.JPG_max_y: 1897.58
DSC_8470.JPG_min_y: 934.466
