1.000884786226687195e+00 4.748869737458893958e-02 9.916238098458420325e+01
4.094072566591170498e-03 1.046923803740227754e+00 -2.701477793931483262e+01
8.819880845679461782e-06 3.549956936869072446e-05 1.000000000000000000e+00
DSC_8365.JPG_max_x: 1221.33
DSC_8365.JPG_min_x: 11.5587
DSC_8365.JPG_max_y: 1422.93
DSC_8365.JPG_min_y: 23.4136
DSC_8399.JPG_max_x: 1315.85
DSC_8399.JPG_min_x: 114.122
DSC_8399.JPG_max_y: 1408.57
DSC_8399.JPG_min_y: 3.40299
