1.880653776067173988e+00 2.945438108572476232e-01 -4.172331829473804419e+02
3.982125240592954141e-01 1.737307614516455212e+00 -4.901963450081612450e+02
5.025786062184229522e-04 3.451821685682560635e-04 1.000000000000000000e+00
DSC_8238.JPG_max_x: 1317.65
DSC_8238.JPG_min_x: 208.141
DSC_8238.JPG_max_y: 1473.45
DSC_8238.JPG_min_y: 734.001
DSC_8292.JPG_max_x: 1161.61
DSC_8292.JPG_min_x: 271.531
DSC_8292.JPG_max_y: 1287.41
DSC_8292.JPG_min_y: 686.472
