5.710598750573167015e-01 -3.456862168470780095e-01 9.213112730471967780e+02
-2.881555910180777502e-01 8.026890219088644862e-01 3.715824135699671729e+02
-3.217114590747405397e-04 -1.432334187514285409e-04 1.000000000000000000e+00
DSC_8296.JPG_max_x: 439.482
DSC_8296.JPG_min_x: 55.9704
DSC_8296.JPG_max_y: 1326.15
DSC_8296.JPG_min_y: 1065.99
DSC_8442.JPG_max_x: 1134.39
DSC_8442.JPG_min_x: 705.545
DSC_8442.JPG_max_y: 1907.06
DSC_8442.JPG_min_y: 1463.62
