1.811166896156234107e-01 5.033777416695354306e-02 8.021302862912939418e+02
-2.771946125008933337e-01 6.745579639879694112e-01 3.369881179591815794e+02
-2.867549472303421903e-04 1.361999434534241239e-04 1.000000000000000000e+00
DSC_8240.JPG_max_x: 1193.16
DSC_8240.JPG_min_x: 24.6534
DSC_8240.JPG_max_y: 1717.09
DSC_8240.JPG_min_y: 907.149
DSC_8352.JPG_max_x: 1327.38
DSC_8352.JPG_min_x: 576.817
DSC_8352.JPG_max_y: 1241.4
DSC_8352.JPG_min_y: 814.869
