3.333333404092212504e+01 4.914298198226939363e+00 -2.143427707821003060e+04
1.063961156246139073e+00 1.922663772964898143e+01 -2.998880568779188252e+03
1.293686807023168746e-02 2.560803896618288680e-03 1.000000000000000000e+00
DSC_8329.JPG_max_x: 1004.39
DSC_8329.JPG_min_x: 631.375
DSC_8329.JPG_max_y: 1557.68
DSC_8329.JPG_min_y: 148.177
DSC_8361.JPG_max_x: 1084.02
DSC_8361.JPG_min_x: 102.089
DSC_8361.JPG_max_y: 1611.17
DSC_8361.JPG_min_y: 53.2475
