-1.443819593534914070e-01 -1.732945068269944044e-01 2.442550164534459611e+02
-4.428258395763678967e-01 -6.854080422921655646e-01 8.258284085571337982e+02
-5.454374904619542150e-04 -8.114506777718056034e-04 1.000000000000000000e+00
DSC_8365.JPG_max_x: 1222.91
DSC_8365.JPG_min_x: 139.31
DSC_8365.JPG_max_y: 1107.97
DSC_8365.JPG_min_y: 336.701
DSC_8367.JPG_max_x: 1200.74
DSC_8367.JPG_min_x: 16.6057
DSC_8367.JPG_max_y: 1087.43
DSC_8367.JPG_min_y: 435.264
