4.243466958480526685e+00 1.331160711339768321e+00 -2.430761055331448915e+03
-1.503815448945184097e-01 4.982111946260553204e+00 -6.078387019601942484e+03
5.187061524134912148e-05 1.913634622778675196e-03 1.000000000000000000e+00
DSC_8378.JPG_max_x: 1249.93
DSC_8378.JPG_min_x: 320.887
DSC_8378.JPG_max_y: 1828.14
DSC_8378.JPG_min_y: 1237.16
DSC_8379.JPG_max_x: 1247.75
DSC_8379.JPG_min_x: 196.32
DSC_8379.JPG_max_y: 652.948
DSC_8379.JPG_min_y: 4.39294
