3.328818464325077997e+00 2.600653838759353631e-01 -1.335646572530022468e+03
1.336481730154264191e-01 3.376163989884040539e+00 -5.131970232019762079e+02
6.191371551750618105e-05 6.137332547095292797e-04 1.000000000000000000e+00
DSC_8335.JPG_max_x: 947.768
DSC_8335.JPG_min_x: 386.874
DSC_8335.JPG_max_y: 749.133
DSC_8335.JPG_min_y: 150.238
DSC_8465.JPG_max_x: 1325.3
DSC_8465.JPG_min_x: 69.3614
DSC_8465.JPG_max_y: 1425.82
DSC_8465.JPG_min_y: 86.9988
