6.773549347588017078e+00 5.261998727726259872e+00 -2.008212130224731482e+03
-5.882300634475803869e-02 9.133564831535077033e+00 -9.223931972514705194e+03
-1.670488517454128945e-03 8.202299231177809236e-03 1.000000000000000000e+00
DSC_8208.JPG_max_x: 1272.65
DSC_8208.JPG_min_x: 97.6105
DSC_8208.JPG_max_y: 1951.09
DSC_8208.JPG_min_y: 1004.89
DSC_8429.JPG_max_x: 1158.37
DSC_8429.JPG_min_x: 469.954
DSC_8429.JPG_max_y: 539.967
DSC_8429.JPG_min_y: 7.01687
