1.207594465134989692e+00 -2.280236059880444768e-02 -3.391536041394557088e+01
4.663919870758805042e-02 1.108477502506545198e+00 -4.583340921087330599e+01
8.329077955177645364e-05 -7.529763116036913449e-05 9.999999999999998890e-01
DSC_8254.JPG_max_x: 1186.15
DSC_8254.JPG_min_x: 10.7599
DSC_8254.JPG_max_y: 1514.2
DSC_8254.JPG_min_y: 521.759
DSC_8270.JPG_max_x: 1326.23
DSC_8270.JPG_min_x: 7.8642
DSC_8270.JPG_max_y: 1748.61
DSC_8270.JPG_min_y: 543.743
