3.885527405749485963e-01 5.207771547327555428e-01 8.324564322178457587e+01
-9.669475305760308892e-01 1.701009636640768541e+00 1.211954767784028945e+03
-5.948496552083609246e-04 6.556481009986446637e-04 1.000000000000000000e+00
DSC_8353.JPG_max_x: 782.133
DSC_8353.JPG_min_x: 60.0708
DSC_8353.JPG_max_y: 546.584
DSC_8353.JPG_min_y: 98.586
DSC_8452.JPG_max_x: 762.418
DSC_8452.JPG_min_x: 294.328
DSC_8452.JPG_max_y: 1696.61
DSC_8452.JPG_min_y: 1149.4
