1.312733962528798370e+00 1.875745689959001650e-01 1.739706257894071086e+03
3.377951230369838354e-01 2.751470927318738102e+00 -2.810337033869168863e+03
-6.723598094833109799e-04 8.556985993779874606e-04 9.999999999999998890e-01
DSC_8278.JPG_max_x: 486.252
DSC_8278.JPG_min_x: 30.8785
DSC_8278.JPG_max_y: 1649.36
DSC_8278.JPG_min_y: 1100.98
DSC_8297.JPG_max_x: 1312.5
DSC_8297.JPG_min_x: 946.877
DSC_8297.JPG_max_y: 866.939
DSC_8297.JPG_min_y: 157.831
