-2.971106826783209698e+00 -1.536304106116076706e+00 1.093509941366768317e+03
-2.042455315738489485e+00 -4.367413999162248039e+00 2.839219226886022170e+03
-1.873545972949005548e-03 -2.004011846917407285e-03 9.999999999999998890e-01
DSC_8248.JPG_max_x: 829.453
DSC_8248.JPG_min_x: 4.45011
DSC_8248.JPG_max_y: 1306.37
DSC_8248.JPG_min_y: 530.325
DSC_8458.JPG_max_x: 1304.45
DSC_8458.JPG_min_x: 4.20581
DSC_8458.JPG_max_y: 1675.91
DSC_8458.JPG_min_y: 606.328
