8.809772063632551609e-01 5.464846800292023909e-02 -1.296454009098274867e+02
3.304980390215697672e-02 9.058141865621875954e-01 1.262384858137517369e+02
8.757284715749201199e-06 2.534195110722415006e-04 9.999999999999998890e-01
DSC_8309.JPG_max_x: 1298.93
DSC_8309.JPG_min_x: 144.187
DSC_8309.JPG_max_y: 920.221
DSC_8309.JPG_min_y: 342.927
DSC_8475.JPG_max_x: 901.542
DSC_8475.JPG_min_x: 27.0594
DSC_8475.JPG_max_y: 769.322
DSC_8475.JPG_min_y: 406.236
