2.831458218477430622e-01 3.521380319529580916e-02 9.849286259942899733e+02
8.971105957773603534e-03 3.184607274827926382e-01 6.577879030879302036e+02
-3.269882352280030109e-06 2.927202292065395813e-05 1.000000000000000000e+00
DSC_8284.JPG_max_x: 1149.18
DSC_8284.JPG_min_x: 139.655
DSC_8284.JPG_max_y: 1445.48
DSC_8284.JPG_min_y: 292.295
DSC_8334.JPG_max_x: 1326.12
DSC_8334.JPG_min_x: 466.429
DSC_8334.JPG_max_y: 1304.86
DSC_8334.JPG_min_y: 749.027
