3.837956017362019967e+00 1.261546649642741214e+00 -3.202194513138891580e+03
2.302879358936939791e-01 4.499627152282752007e+00 -3.439831399158349996e+03
7.032749854670648738e-04 1.784743611564489898e-03 1.000000000000000000e+00
DSC_8336.JPG_max_x: 1330.28
DSC_8336.JPG_min_x: 499.068
DSC_8336.JPG_max_y: 1461.41
DSC_8336.JPG_min_y: 878.681
DSC_8431.JPG_max_x: 841.759
DSC_8431.JPG_min_x: 142.145
DSC_8431.JPG_max_y: 813.165
DSC_8431.JPG_min_y: 239.777
