2.638616752542615740e-01 -6.501739900095234725e-01 8.803473509536148640e+02
1.015938421277086251e-01 -7.569793259778109240e-01 1.190632564541038846e+03
1.344718439316268323e-04 -6.593724218873219271e-04 1.000000000000000000e+00
DSC_8258.JPG_max_x: 860.704
DSC_8258.JPG_min_x: 54.981
DSC_8258.JPG_max_y: 1704.71
DSC_8258.JPG_min_y: 694.437
DSC_8380.JPG_max_x: 865.069
DSC_8380.JPG_min_x: 109.489
DSC_8380.JPG_max_y: 1490.7
DSC_8380.JPG_min_y: 1091.75
