-2.705566031554805573e+00 -1.357727674891973990e+00 2.629183318749178852e+03
-2.286397377951991383e-01 -3.177811973414446101e+00 2.703946176537830524e+03
-8.505631084923344007e-04 -2.424458427423257373e-03 1.000000000000000000e+00
DSC_8336.JPG_max_x: 1330.28
DSC_8336.JPG_min_x: 299.568
DSC_8336.JPG_max_y: 1526.27
DSC_8336.JPG_min_y: 964.075
DSC_8415.JPG_max_x: 1226.34
DSC_8415.JPG_min_x: 17.078
DSC_8415.JPG_max_y: 771.513
DSC_8415.JPG_min_y: 275.33
