-8.173546781576865872e-01 -3.083786269195580854e-01 6.173415418337223173e+02
-1.465679312045464200e-01 -1.980823785423387329e-01 2.991767857808491726e+02
-1.073344519302985326e-03 -5.254395249177781302e-04 1.000000000000000000e+00
DSC_8288.JPG_max_x: 1117.12
DSC_8288.JPG_min_x: 157.279
DSC_8288.JPG_max_y: 1898.72
DSC_8288.JPG_min_y: 611.059
DSC_8335.JPG_max_x: 850.954
DSC_8335.JPG_min_x: 337.521
DSC_8335.JPG_max_y: 491.596
DSC_8335.JPG_min_y: 65.004
