1.175696452515027886e+03 -9.065588096153555853e+01 2.503745289423109170e+03
1.448053102837124243e+03 -1.094564962767579175e+02 1.109843500975287498e+03
1.197280395319951785e+00 -9.062598343379892063e-02 1.000000000000000000e+00
DSC_8338.JPG_max_x: 1246.46
DSC_8338.JPG_min_x: 25.0392
DSC_8338.JPG_max_y: 1801.43
DSC_8338.JPG_min_y: 867.783
DSC_8452.JPG_max_x: 1313.98
DSC_8452.JPG_min_x: 263.971
DSC_8452.JPG_max_y: 1721.49
DSC_8452.JPG_min_y: 901.005
