8.807885761707445749e-01 -7.662854922286091441e-03 -9.390351417604756534e+01
1.024602933462972487e-01 1.150307435251057830e+00 -1.147060402476939345e+02
-1.958182723443533692e-04 4.510908994266125401e-05 1.000000000000000000e+00
DSC_8267.JPG_max_x: 1226.34
DSC_8267.JPG_min_x: 710.839
DSC_8267.JPG_max_y: 1265.35
DSC_8267.JPG_min_y: 38.9604
DSC_8283.JPG_max_x: 1290.36
DSC_8283.JPG_min_x: 606.765
DSC_8283.JPG_max_y: 1703.94
DSC_8283.JPG_min_y: 19.4771
