-8.086636926101904432e-01 -8.976672276849538556e-02 9.293619082744121442e+02
-1.066472844441916479e+00 -3.625000569670051020e-01 1.425137469006627498e+03
-9.539329428691483174e-04 -3.619775580290197285e-05 1.000000000000000000e+00
DSC_8234.JPG_max_x: 1284.95
DSC_8234.JPG_min_x: 968.823
DSC_8234.JPG_max_y: 1204.73
DSC_8234.JPG_min_y: 800.211
DSC_8288.JPG_max_x: 1211.83
DSC_8288.JPG_min_x: 116.151
DSC_8288.JPG_max_y: 1883.69
DSC_8288.JPG_min_y: 289.378
