-1.192164968739271337e-02 -3.322030541842760920e-01 5.883591667129228426e+02
-2.620132355081547515e-01 2.068449701221343473e-01 3.082261893990623776e+02
-4.216428710791533742e-04 -3.022518086019361852e-04 1.000000000000000000e+00
DSC_8213.JPG_max_x: 1185.25
DSC_8213.JPG_min_x: 65.4719
DSC_8213.JPG_max_y: 1163.92
DSC_8213.JPG_min_y: 6.4624
DSC_8411.JPG_max_x: 1249.56
DSC_8411.JPG_min_x: 216.804
DSC_8411.JPG_max_y: 1424.7
DSC_8411.JPG_min_y: 165.704
