1.978748219462659774e+00 -1.684778288860935946e+00 5.182442214061862842e+02
1.903526659011010924e+00 -1.815409808170914019e+00 6.914162348891716192e+02
3.240577574676060339e-03 -2.911590808507422395e-03 1.000000000000000000e+00
DSC_8253.JPG_max_x: 512.9
DSC_8253.JPG_min_x: 9.23827
DSC_8253.JPG_max_y: 908.641
DSC_8253.JPG_min_y: 625.15
DSC_8365.JPG_max_x: 660.89
DSC_8365.JPG_min_x: 139.31
DSC_8365.JPG_max_y: 1105.17
DSC_8365.JPG_min_y: 513.617
