1.060269142448915902e+00 -2.078629214314994811e-02 1.790609395168946705e+01
-1.418611059551444335e-02 9.989345377107098356e-01 6.655971029301690578e+01
5.939572446132749265e-05 -9.072165302694606341e-05 1.000000000000000000e+00
DSC_8363.JPG_max_x: 1047.91
DSC_8363.JPG_min_x: 11.8026
DSC_8363.JPG_max_y: 1300.01
DSC_8363.JPG_min_y: 100.195
DSC_8401.JPG_max_x: 1078.05
DSC_8401.JPG_min_x: 27.4092
DSC_8401.JPG_max_y: 1440.63
DSC_8401.JPG_min_y: 139.46
