9.304144256273493285e-01 5.120287399154842961e-02 -7.356494599681958562e+02
-5.567227848130146955e-02 1.022408783780971664e+00 -5.986509288469674317e+01
-4.746798837454443103e-05 5.537898291473008057e-05 9.999999999999998890e-01
DSC_8216.JPG_max_x: 1312.58
DSC_8216.JPG_min_x: 754.24
DSC_8216.JPG_max_y: 1879.38
DSC_8216.JPG_min_y: 697.372
DSC_8248.JPG_max_x: 543.848
DSC_8248.JPG_min_x: 17.4126
DSC_8248.JPG_max_y: 1714.65
DSC_8248.JPG_min_y: 605.401
