-1.017615800220881939e+00 6.540844694171589480e-02 1.147848065977812212e+03
-2.501505121957723343e+00 5.404634532926342327e-01 2.101107497137410064e+03
-2.269066155772501373e-03 1.005625291116420041e-03 1.000000000000000000e+00
DSC_8252.JPG_max_x: 1317.99
DSC_8252.JPG_min_x: 133.541
DSC_8252.JPG_max_y: 1957.06
DSC_8252.JPG_min_y: 647.069
DSC_8254.JPG_max_x: 844.374
DSC_8254.JPG_min_x: 10.7599
DSC_8254.JPG_max_y: 1659.07
DSC_8254.JPG_min_y: 523.199
