1.045117058678462607e+00 -6.345808407737520140e-02 -4.496450420110686252e+01
-2.220423123446212815e-02 8.012071859930881557e-01 9.761796950728303273e+02
-3.778477249042874378e-05 -1.119417783002197415e-04 1.000000000000000000e+00
DSC_8415.JPG_max_x: 1147.81
DSC_8415.JPG_min_x: 298.889
DSC_8415.JPG_max_y: 506.51
DSC_8415.JPG_min_y: 240.216
DSC_8446.JPG_max_x: 1232.02
DSC_8446.JPG_min_x: 259.642
DSC_8446.JPG_max_y: 1498.97
DSC_8446.JPG_min_y: 1233.48
