-7.413465420638809533e-01 1.471130960420927447e-01 2.768865055141970970e+02
-4.735743756446982033e-02 -2.510997393117801457e-01 2.261721788156472144e+02
-8.436883078517817087e-04 -6.847162800308676705e-04 1.000000000000000000e+00
DSC_8282.JPG_max_x: 1304.75
DSC_8282.JPG_min_x: 655.807
DSC_8282.JPG_max_y: 1582.68
DSC_8282.JPG_min_y: 811.828
DSC_8433.JPG_max_x: 885.462
DSC_8433.JPG_min_x: 116.747
DSC_8433.JPG_max_y: 352.625
DSC_8433.JPG_min_y: 94.965
