4.776173007081935040e+00 6.173897006450721481e-01 1.132299816616028920e+03
4.484737479343302802e+00 2.738142244402777425e+00 6.006295718370437271e+02
2.980253134796594008e-03 1.033963120301583305e-03 1.000000000000000000e+00
DSC_8325.JPG_max_x: 655.204
DSC_8325.JPG_min_x: 15.0606
DSC_8325.JPG_max_y: 812.086
DSC_8325.JPG_min_y: 456.773
DSC_8444.JPG_max_x: 1314.54
DSC_8444.JPG_min_x: 847.837
DSC_8444.JPG_max_y: 1544.08
DSC_8444.JPG_min_y: 1298.86
