6.015493439174013357e-01 -6.008622067310143144e-01 5.709471687841288485e+02
2.528421771925535300e-01 4.610776566822681333e-01 2.007486718064342313e+02
9.636099062606969556e-06 -4.761557862735414171e-04 1.000000000000000000e+00
DSC_8195.JPG_max_x: 1018.21
DSC_8195.JPG_min_x: 95.2592
DSC_8195.JPG_max_y: 1044.94
DSC_8195.JPG_min_y: 357.247
DSC_8359.JPG_max_x: 1155.98
DSC_8359.JPG_min_x: 527.218
DSC_8359.JPG_max_y: 1743.61
DSC_8359.JPG_min_y: 458.495
