1.409035333387369304e+00 1.044912929045606342e-02 -2.542744449501412873e+02
-1.053051779791802367e-01 1.484511878665707219e+00 -6.015698892172888463e+02
-1.347023884236144518e-04 -7.650147914555591554e-06 1.000000000000000000e+00
DSC_8200.JPG_max_x: 896.3
DSC_8200.JPG_min_x: 177.419
DSC_8200.JPG_max_y: 1632.4
DSC_8200.JPG_min_y: 845.691
DSC_8236.JPG_max_x: 1146.22
DSC_8236.JPG_min_x: 9.04918
DSC_8236.JPG_max_y: 1909.83
DSC_8236.JPG_min_y: 650.253
