-1.695975604678862103e-01 -9.744692837855001288e-01 1.020938345000359163e+03
-5.834189069988640064e-01 -2.198259875442216960e-01 9.000794851183386527e+02
-7.709963462238965870e-04 -6.145923237853023486e-04 1.000000000000000000e+00
DSC_8249.JPG_max_x: 333.559
DSC_8249.JPG_min_x: 13.6617
DSC_8249.JPG_max_y: 650.642
DSC_8249.JPG_min_y: 202.032
DSC_8439.JPG_max_x: 1191.87
DSC_8439.JPG_min_x: 758.296
DSC_8439.JPG_max_y: 1585.64
DSC_8439.JPG_min_y: 1012.79
