5.977746673212351425e+00 8.926129815466256057e-01 -4.244325942297893562e+03
1.292325758939323999e+00 6.754219250264355878e+00 -7.075484115641781500e+03
2.144160872097136683e-03 1.253514065668416945e-03 1.000000000000000000e+00
DSC_8332.JPG_max_x: 1298.56
DSC_8332.JPG_min_x: 553.917
DSC_8332.JPG_max_y: 1505.35
DSC_8332.JPG_min_y: 1118.35
DSC_8435.JPG_max_x: 863.649
DSC_8435.JPG_min_x: 35.0943
DSC_8435.JPG_max_y: 839.092
DSC_8435.JPG_min_y: 355.965
