1.024519055121724875e+01 3.095497523573516929e+00 -6.979972182009696553e+03
6.153928126912929564e+00 8.925873207688505673e+00 -4.665652271337720777e+03
6.021746455343640961e-03 2.553758416028337370e-03 1.000000000000000000e+00
DSC_8202.JPG_max_x: 1157.33
DSC_8202.JPG_min_x: 465.04
DSC_8202.JPG_max_y: 1449.73
DSC_8202.JPG_min_y: 659.547
DSC_8444.JPG_max_x: 747.002
DSC_8444.JPG_min_x: 130.957
DSC_8444.JPG_max_y: 1499.52
DSC_8444.JPG_min_y: 830.575
