5.308638676126461453e-01 7.211631708919151451e-02 2.533192421321375676e+01
-3.287786728464807129e-01 1.223372770432086476e+00 -2.186796481611191325e+02
-3.914537615474008724e-04 8.611798559085043117e-05 1.000000000000000000e+00
DSC_8234.JPG_max_x: 1275.58
DSC_8234.JPG_min_x: 291.321
DSC_8234.JPG_max_y: 1330.68
DSC_8234.JPG_min_y: 675.03
DSC_8266.JPG_max_x: 1305.41
DSC_8266.JPG_min_x: 239.746
DSC_8266.JPG_max_y: 1578.94
DSC_8266.JPG_min_y: 517.223
