4.240366753962994117e-01 -1.485262832782721087e-01 2.104559644667841098e+02
-1.434431532607735871e-01 5.328069009256143351e-01 1.207046535019149815e+03
-1.406213018573500501e-04 7.191446727356293135e-05 1.000000000000000000e+00
DSC_8287.JPG_max_x: 999.403
DSC_8287.JPG_min_x: 176.73
DSC_8287.JPG_max_y: 1264.03
DSC_8287.JPG_min_y: 138.499
DSC_8446.JPG_max_x: 611.244
DSC_8446.JPG_min_x: 197.458
DSC_8446.JPG_max_y: 1750.29
DSC_8446.JPG_min_y: 1293.69
