4.281819489234083065e+00 2.210734924187797823e+00 -1.738246827469946311e+03
1.899683808467510282e+00 5.909701584102685423e+00 -1.701348967839079023e+03
1.690223534470528845e-03 2.882048603923741646e-03 1.000000000000000000e+00
DSC_8404.JPG_max_x: 1236.2
DSC_8404.JPG_min_x: 99.4851
DSC_8404.JPG_max_y: 1656.24
DSC_8404.JPG_min_y: 771.726
DSC_8458.JPG_max_x: 905.601
DSC_8458.JPG_min_x: 160.445
DSC_8458.JPG_max_y: 1422.01
DSC_8458.JPG_min_y: 936.306
