3.743217526743989887e-01 -7.280785567133893355e-02 1.392608801759973289e+02
1.141228415994103157e-01 1.859730905507853416e-01 8.107827402698393371e+02
6.688499262958321715e-05 -1.201375306279354224e-04 1.000000000000000000e+00
DSC_8270.JPG_max_x: 1076.72
DSC_8270.JPG_min_x: 131.7
DSC_8270.JPG_max_y: 1582.98
DSC_8270.JPG_min_y: 878.953
DSC_8366.JPG_max_x: 484.263
DSC_8366.JPG_min_x: 135.909
DSC_8366.JPG_max_y: 1383.94
DSC_8366.JPG_min_y: 1097.44
