1.900530387467376681e+00 2.205265018563239421e-01 -1.189796530641057643e+03
9.476246109612888047e-01 1.291589441761993973e+00 -7.157604688758344764e+02
9.498316014199834154e-04 -2.954199429837723917e-04 1.000000000000000000e+00
DSC_8220.JPG_max_x: 1305.02
DSC_8220.JPG_min_x: 466.169
DSC_8220.JPG_max_y: 1505.39
DSC_8220.JPG_min_y: 748.489
DSC_8336.JPG_max_x: 874.924
DSC_8336.JPG_min_x: 25.5258
DSC_8336.JPG_max_y: 1556.06
DSC_8336.JPG_min_y: 603.273
