5.183485067844859628e-01 -2.946696622920921826e-02 3.629774611752914666e+02
-4.411132374614061824e-01 8.959568064084261207e-01 3.179689359698742805e+02
-4.758033785479322156e-04 1.962825653778032652e-04 1.000000000000000000e+00
DSC_8258.JPG_max_x: 1151.51
DSC_8258.JPG_min_x: 15.6376
DSC_8258.JPG_max_y: 1634.25
DSC_8258.JPG_min_y: 676.163
DSC_8444.JPG_max_x: 1266.65
DSC_8444.JPG_min_x: 297.237
DSC_8444.JPG_max_y: 1516.01
DSC_8444.JPG_min_y: 821.698
