2.077821896490170683e+00 -2.892511819176478149e-01 -8.000305123579576616e+01
-4.268001586939981218e-01 1.647934956981325527e+00 -4.020153395175534570e+02
-3.553887344706247202e-04 -2.467750517581666762e-04 1.000000000000000000e+00
DSC_8218.JPG_max_x: 499.126
DSC_8218.JPG_min_x: 327.008
DSC_8218.JPG_max_y: 1016.81
DSC_8218.JPG_min_y: 579.265
DSC_8436.JPG_max_x: 1160.77
DSC_8436.JPG_min_x: 544.295
DSC_8436.JPG_max_y: 1819.32
DSC_8436.JPG_min_y: 543.846
