2.373389687346450394e+00 -2.403123387159750157e-02 9.715252324055959434e+02
2.446837474626828879e+00 1.240195752646552352e+00 1.174960320295240990e+03
1.458622734395578335e-03 4.231629039010886199e-04 1.000000000000000000e+00
DSC_8227.JPG_max_x: 980.714
DSC_8227.JPG_min_x: 18.2423
DSC_8227.JPG_max_y: 1564.28
DSC_8227.JPG_min_y: 258.887
DSC_8428.JPG_max_x: 1297.43
DSC_8428.JPG_min_x: 586.977
DSC_8428.JPG_max_y: 1866.15
DSC_8428.JPG_min_y: 1419.15
