1.592925411924157153e+01 4.302738076648654264e+00 -7.779715148587769363e+03
-8.282398582910065477e-01 2.023880783330773525e+01 -2.111231196387366072e+04
2.985923311625280404e-03 4.607274318829145988e-03 1.000000000000000000e+00
DSC_8216.JPG_max_x: 901.429
DSC_8216.JPG_min_x: 179.148
DSC_8216.JPG_max_y: 1450.04
DSC_8216.JPG_min_y: 1151.36
DSC_8403.JPG_max_x: 1316.51
DSC_8403.JPG_min_x: 47.4642
DSC_8403.JPG_max_y: 743.511
DSC_8403.JPG_min_y: 206.001
