-2.846123574746334040e+00 1.188218517541782759e+00 1.070336764499957781e+03
-3.667558482239234863e+00 1.885245980555240175e+00 1.208537173391646775e+03
-2.642082320515203378e-03 1.016437058626207647e-03 1.000000000000000000e+00
DSC_8323.JPG_max_x: 562.432
DSC_8323.JPG_min_x: 46.6363
DSC_8323.JPG_max_y: 746.001
DSC_8323.JPG_min_y: 183.539
DSC_8430.JPG_max_x: 1322.9
DSC_8430.JPG_min_x: 422.283
DSC_8430.JPG_max_y: 1705.15
DSC_8430.JPG_min_y: 1210.33
