-7.009984018145297702e-01 1.389045630132556830e-01 7.722746562661164944e+02
-3.431690090186399367e+00 8.418473594142092953e-01 3.394612895031473272e+03
-1.563705177158325856e-03 8.736408660608516868e-04 9.999999999999998890e-01
DSC_8344.JPG_max_x: 1328.87
DSC_8344.JPG_min_x: 1240.23
DSC_8344.JPG_max_y: 1519.41
DSC_8344.JPG_min_y: 514.886
DSC_8402.JPG_max_x: 274.514
DSC_8402.JPG_min_x: 12.8109
DSC_8402.JPG_max_y: 1742.65
DSC_8402.JPG_min_y: 765.824
