1.521020737438710357e+00 1.133202272247236381e-01 -7.878376650742591210e+02
6.580970241096772977e-02 1.367719820161720889e+00 -3.764490886561993648e+02
1.770745548412659958e-04 2.002436264475659745e-05 1.000000000000000000e+00
DSC_8197.JPG_max_x: 1324.57
DSC_8197.JPG_min_x: 473.245
DSC_8197.JPG_max_y: 1070.49
DSC_8197.JPG_min_y: 242.652
DSC_8217.JPG_max_x: 1049.94
DSC_8217.JPG_min_x: 20.6558
DSC_8217.JPG_max_y: 965.576
DSC_8217.JPG_min_y: 10.3127
