1.470693575021375377e-01 -4.621111804262050260e-01 6.396344540864199644e+02
-1.227514073750856222e-01 6.938947620471100364e-02 3.978180966059983348e+01
-2.035995184842430070e-04 -5.301161610322724415e-04 9.999999999999998890e-01
DSC_8396.JPG_max_x: 837.702
DSC_8396.JPG_min_x: 397.125
DSC_8396.JPG_max_y: 1466.88
DSC_8396.JPG_min_y: 1259.13
DSC_8453.JPG_max_x: 1273.88
DSC_8453.JPG_min_x: 223.323
DSC_8453.JPG_max_y: 777.571
DSC_8453.JPG_min_y: 218.396
