-1.493915718879023302e+00 -8.014700454468134949e-02 1.163227921315308322e+03
-1.733696282195961613e+00 5.931628903069313674e-01 4.693065471906399466e+02
-1.274405016030064368e-03 -1.105413813267823767e-04 1.000000000000000000e+00
DSC_8416.JPG_max_x: 721.53
DSC_8416.JPG_min_x: 347.115
DSC_8416.JPG_max_y: 1255.38
DSC_8416.JPG_min_y: 944.011
DSC_8450.JPG_max_x: 1321.92
DSC_8450.JPG_min_x: 235.762
DSC_8450.JPG_max_y: 1469.71
DSC_8450.JPG_min_y: 896.543
