9.930764338190464224e-01 3.617827711910501787e-01 4.801687981949867208e+02
1.016340515406006367e-01 9.129350530882953674e-01 1.469286373543597222e+02
1.801002078436194991e-04 2.980887672353483967e-04 1.000000000000000000e+00
DSC_8411.JPG_max_x: 881.568
DSC_8411.JPG_min_x: 219.495
DSC_8411.JPG_max_y: 958.856
DSC_8411.JPG_min_y: 399.411
DSC_8475.JPG_max_x: 1161.6
DSC_8475.JPG_min_x: 713.582
DSC_8475.JPG_max_y: 773.611
DSC_8475.JPG_min_y: 486.369
