3.831602587918418568e+00 1.240563759393920273e+00 -2.042532413147725492e+03
-1.213175210098346030e-01 4.600148844609881493e+00 -5.512509385357169776e+03
-3.134376526564992940e-05 1.685948941568171352e-03 1.000000000000000000e+00
DSC_8416.JPG_max_x: 1276.28
DSC_8416.JPG_min_x: 372.354
DSC_8416.JPG_max_y: 1856.56
DSC_8416.JPG_min_y: 1222.29
DSC_8417.JPG_max_x: 1295.5
DSC_8417.JPG_min_x: 307.511
DSC_8417.JPG_max_y: 709.949
DSC_8417.JPG_min_y: 4.45014
