8.802913646765206934e+00 -5.220967537585966767e+00 1.163096657555711090e+03
7.106030573497396752e+00 -4.248535872140871028e+00 9.678939133588470440e+02
7.462747316677421743e-03 -4.448193466700067072e-03 1.000000000000000000e+00
DSC_8274.JPG_max_x: 675.649
DSC_8274.JPG_min_x: 11.504
DSC_8274.JPG_max_y: 1172.67
DSC_8274.JPG_min_y: 597.727
DSC_8352.JPG_max_x: 1310.55
DSC_8352.JPG_min_x: 50.4645
DSC_8352.JPG_max_y: 1335.46
DSC_8352.JPG_min_y: 813.152
