-2.802872719852242400e-01 -6.911851216181286173e-01 9.868575557712284763e+02
-2.527633576987541320e-01 -7.931557840442071683e-01 1.096044248866438011e+03
-5.682410818656972009e-04 -6.505261205211887443e-04 1.000000000000000000e+00
DSC_8456.JPG_max_x: 1219.65
DSC_8456.JPG_min_x: 250.35
DSC_8456.JPG_max_y: 1678.65
DSC_8456.JPG_min_y: 1242.75
DSC_8477.JPG_max_x: 1128.27
DSC_8477.JPG_min_x: 45.5249
DSC_8477.JPG_max_y: 1772.55
DSC_8477.JPG_min_y: 363.184
