-6.043922902402703023e-01 -9.432870693211991009e-01 1.375403557181578890e+03
3.631105723167176169e-01 -8.946917326980320384e-01 8.580457173533928881e+02
7.300717135850481442e-04 -1.478242578914619422e-03 1.000000000000000000e+00
DSC_8396.JPG_max_x: 848.226
DSC_8396.JPG_min_x: 397.125
DSC_8396.JPG_max_y: 1521.48
DSC_8396.JPG_min_y: 1259.13
DSC_8473.JPG_max_x: 999.876
DSC_8473.JPG_min_x: 189.001
DSC_8473.JPG_max_y: 298.021
DSC_8473.JPG_min_y: 88.7791
