1.617551705526224515e-01 -2.948482904484540090e-01 5.545428224502312560e+02
-8.673037828214769096e-02 1.293816673652753713e-01 1.735925543672378524e+02
-2.098276750205590568e-04 -3.411030438930711338e-04 1.000000000000000000e+00
DSC_8213.JPG_max_x: 803.787
DSC_8213.JPG_min_x: 137.011
DSC_8213.JPG_max_y: 1029.53
DSC_8213.JPG_min_y: 6.85341
DSC_8261.JPG_max_x: 802.266
DSC_8261.JPG_min_x: 478.301
DSC_8261.JPG_max_y: 506.555
DSC_8261.JPG_min_y: 160.882
