3.383615055028170726e-01 -1.442399381635414146e-01 4.151156304107124697e+02
2.945610464661359632e-02 3.129180983337521982e-02 1.184987612339276666e+03
1.167381879306348324e-05 -2.198338976449608112e-04 1.000000000000000000e+00
DSC_8319.JPG_max_x: 1037.53
DSC_8319.JPG_min_x: 195.922
DSC_8319.JPG_max_y: 1196.52
DSC_8319.JPG_min_y: 39.5775
DSC_8398.JPG_max_x: 786.652
DSC_8398.JPG_min_x: 484.282
DSC_8398.JPG_max_y: 1650.73
DSC_8398.JPG_min_y: 1206.06
