6.935704346404276688e-01 -4.137025575933530042e-01 6.598865826726748764e+02
5.914310902381623297e-02 8.947038417239825403e-01 1.867176635884586346e+02
-3.386805481569498473e-04 -4.978239278993769302e-05 1.000000000000000000e+00
DSC_8197.JPG_max_x: 612.155
DSC_8197.JPG_min_x: 350.158
DSC_8197.JPG_max_y: 994.879
DSC_8197.JPG_min_y: 46.7407
DSC_8345.JPG_max_x: 1327.24
DSC_8345.JPG_min_x: 593.454
DSC_8345.JPG_max_y: 1361.42
DSC_8345.JPG_min_y: 299.935
