1.274549361449298202e+00 -3.415803417441595768e-01 -3.341419177333102084e+02
6.780562873154974413e-02 1.240131467325867654e+00 2.227657235766692736e+02
1.599898853638624132e-04 9.148784699355755248e-05 9.999999999999998890e-01
DSC_8339.JPG_max_x: 1329.1
DSC_8339.JPG_min_x: 394.327
DSC_8339.JPG_max_y: 903.199
DSC_8339.JPG_min_y: 186.308
DSC_8369.JPG_max_x: 988.601
DSC_8369.JPG_min_x: 44.6083
DSC_8369.JPG_max_y: 1132.83
DSC_8369.JPG_min_y: 456.694
