-5.367279776030025928e+00 -3.186340200252403942e+00 5.081980254119129313e+03
9.515312696039044393e-01 -6.823113867094247276e+00 8.623236852438309143e+03
7.351384508733087211e-04 -4.341283848667627961e-03 1.000000000000000000e+00
DSC_8380.JPG_max_x: 1152.24
DSC_8380.JPG_min_x: 226.507
DSC_8380.JPG_max_y: 1887.64
DSC_8380.JPG_min_y: 1404.95
DSC_8381.JPG_max_x: 1181.91
DSC_8381.JPG_min_x: 205.433
DSC_8381.JPG_max_y: 548.34
DSC_8381.JPG_min_y: 117.915
