2.500901729714644528e+00 6.522717577504235642e-01 -1.226654993214604247e+03
-6.900044578675657882e-03 2.817060497301285160e+00 -2.827301856031803254e+03
7.949507636189553645e-05 8.870751233055880437e-04 1.000000000000000000e+00
DSC_8454.JPG_max_x: 1315.97
DSC_8454.JPG_min_x: 138.372
DSC_8454.JPG_max_y: 1808.54
DSC_8454.JPG_min_y: 1034.02
DSC_8455.JPG_max_x: 1266.24
DSC_8455.JPG_min_x: 9.261
DSC_8455.JPG_max_y: 859.224
DSC_8455.JPG_min_y: 24.3201
