3.397429504056839189e+00 1.940805302056970660e+00 -3.337702622052892821e+03
1.111030133152727389e-01 3.053353447881525184e+00 -1.404174406134295339e+02
1.397959948079319963e-03 8.740671745814848669e-04 9.999999999999998890e-01
DSC_8367.JPG_max_x: 1216.53
DSC_8367.JPG_min_x: 838.639
DSC_8367.JPG_max_y: 597.097
DSC_8367.JPG_min_y: 192.5
DSC_8429.JPG_max_x: 562.734
DSC_8429.JPG_min_x: 48.3311
DSC_8429.JPG_max_y: 649.117
DSC_8429.JPG_min_y: 228.196
