6.305382968250383691e-01 -3.407121011482455164e-01 9.258198396148919755e+02
2.150525498095294252e-01 1.270650458317986287e+00 -2.876977278358742183e+02
-4.760704172711660120e-04 2.641458920004357267e-04 1.000000000000000000e+00
DSC_8199.JPG_max_x: 658.953
DSC_8199.JPG_min_x: 9.89965
DSC_8199.JPG_max_y: 937.843
DSC_8199.JPG_min_y: 230.352
DSC_8233.JPG_max_x: 1308.05
DSC_8233.JPG_min_x: 601.513
DSC_8233.JPG_max_y: 1033.36
DSC_8233.JPG_min_y: 40.8216
