1.964841655438123391e+00 -1.462388715541553252e-01 -4.674489904050742552e+02
4.788939611809427399e-01 1.549624588042184392e+00 -4.259678707147695604e+02
4.298467742687818514e-04 -2.189767045167950667e-04 1.000000000000000000e+00
DSC_8196.JPG_max_x: 1170.63
DSC_8196.JPG_min_x: 314.859
DSC_8196.JPG_max_y: 1304.34
DSC_8196.JPG_min_y: 428.694
DSC_8360.JPG_max_x: 1323.86
DSC_8360.JPG_min_x: 82.3598
DSC_8360.JPG_max_y: 1965.96
DSC_8360.JPG_min_y: 420.08
