4.874579935820375631e+00 -1.260188682580176467e+00 -2.228151723191400379e+03
9.443964019957666878e+00 -1.226689206287333356e+00 -4.487067800331012222e+03
9.642986703003975438e-03 -6.077414030068861196e-03 1.000000000000000000e+00
DSC_8222.JPG_max_x: 1146.24
DSC_8222.JPG_min_x: 243.684
DSC_8222.JPG_max_y: 1243.27
DSC_8222.JPG_min_y: 787.586
DSC_8274.JPG_max_x: 436.27
DSC_8274.JPG_min_x: 11.504
DSC_8274.JPG_max_y: 1204.01
DSC_8274.JPG_min_y: 615.569
