1.050995203283487500e+00 2.069181215157015474e-01 -4.346231518548891586e+02
4.100229568939504632e-01 1.307775271660355898e+00 -1.170085738162273827e+02
4.142578123566673012e-04 1.836971528162167661e-04 1.000000000000000000e+00
DSC_8412.JPG_max_x: 1218.86
DSC_8412.JPG_min_x: 147.974
DSC_8412.JPG_max_y: 1553.7
DSC_8412.JPG_min_y: 668.753
DSC_8474.JPG_max_x: 662.249
DSC_8474.JPG_min_x: 25.3828
DSC_8474.JPG_max_y: 1477.75
DSC_8474.JPG_min_y: 773.826
