6.833233117325396844e-01 -9.569647392806049369e-02 1.107453767624695502e+03
-1.634243749354115371e-01 1.097270519274298639e+00 8.895333346599690572e+01
-1.909794937815134284e-04 -2.589084509324546542e-05 1.000000000000000000e+00
DSC_8278.JPG_max_x: 314.777
DSC_8278.JPG_min_x: 127.724
DSC_8278.JPG_max_y: 1116.85
DSC_8278.JPG_min_y: 454.542
DSC_8456.JPG_max_x: 1326.73
DSC_8456.JPG_min_x: 1166.47
DSC_8456.JPG_max_y: 1363.52
DSC_8456.JPG_min_y: 602.519
