1.007328957157900495e+00 1.188121549887953265e-01 -1.059016433247390694e+02
-7.543408309217248739e-03 9.881389634281898537e-01 2.401837598052573526e+02
8.050213074310270088e-06 2.532301397407117589e-05 1.000000000000000000e+00
DSC_8352.JPG_max_x: 1323.65
DSC_8352.JPG_min_x: 12.409
DSC_8352.JPG_max_y: 1777.75
DSC_8352.JPG_min_y: 810.381
DSC_8414.JPG_max_x: 1322.03
DSC_8414.JPG_min_x: 90.5867
DSC_8414.JPG_max_y: 1875.18
DSC_8414.JPG_min_y: 1014.67
