1.534985275201180777e+00 -2.586106677517128571e-04 -1.161744643760977624e+03
6.725573513162803607e-01 1.174536598619973393e+00 9.047619270254511070e-01
5.768087361880554469e-04 -1.038797547284278248e-04 1.000000000000000000e+00
DSC_8218.JPG_max_x: 1327.04
DSC_8218.JPG_min_x: 791.293
DSC_8218.JPG_max_y: 1697.17
DSC_8218.JPG_min_y: 749.321
DSC_8364.JPG_max_x: 528.148
DSC_8364.JPG_min_x: 39.7304
DSC_8364.JPG_max_y: 1825.71
DSC_8364.JPG_min_y: 1038.99
