3.578792078528318488e+00 -3.847475204302468033e+00 1.043592645300336471e+03
3.902004776640595196e+00 -4.188671756290839987e+00 1.129160604676739013e+03
3.400488418817304744e-03 -3.667177590584835140e-03 1.000000000000000000e+00
DSC_8299.JPG_max_x: 1091.8
DSC_8299.JPG_min_x: 120.466
DSC_8299.JPG_max_y: 788.082
DSC_8299.JPG_min_y: 56.8884
DSC_8441.JPG_max_x: 1225.87
DSC_8441.JPG_min_x: 895.601
DSC_8441.JPG_max_y: 1614.93
DSC_8441.JPG_min_y: 477.483
