-1.228184875599502490e+01 -7.573888645149398080e+00 9.878874889845888902e+03
-5.141478714274501094e+00 -5.798561467971145689e+00 2.620826999692389109e+03
-1.439863830856631666e-02 -5.778307432554766849e-04 9.999999999999998890e-01
DSC_8323.JPG_max_x: 1317.08
DSC_8323.JPG_min_x: 396.876
DSC_8323.JPG_max_y: 1400.76
DSC_8323.JPG_min_y: 130.541
DSC_8455.JPG_max_x: 1028.95
DSC_8455.JPG_min_x: 33.3329
DSC_8455.JPG_max_y: 775.159
DSC_8455.JPG_min_y: 149.914
