6.609748246613549316e-01 -5.049083569373838398e-02 1.911640774709815105e+02
4.065050446532374184e-02 6.051877095389169847e-01 1.988458035195946252e+02
4.847775051789532592e-05 -3.342763535090618088e-05 1.000000000000000000e+00
DSC_8327.JPG_max_x: 1297.69
DSC_8327.JPG_min_x: 22.3177
DSC_8327.JPG_max_y: 1087.92
DSC_8327.JPG_min_y: 249.841
DSC_8457.JPG_max_x: 981.399
DSC_8457.JPG_min_x: 174.052
DSC_8457.JPG_max_y: 876.275
DSC_8457.JPG_min_y: 377.047
