-1.174957199554974707e+01 8.310133706197774472e+00 1.455138955519468936e+03
-6.770642225668767722e+00 1.376646414420816456e+01 -8.788143305424735445e+03
-1.582955768357349746e-02 8.615263738858005768e-03 1.000000000000000000e+00
DSC_8278.JPG_max_x: 719.446
DSC_8278.JPG_min_x: 30.8785
DSC_8278.JPG_max_y: 1647.99
DSC_8278.JPG_min_y: 772.914
DSC_8457.JPG_max_x: 1319.15
DSC_8457.JPG_min_x: 133.256
DSC_8457.JPG_max_y: 1320.02
DSC_8457.JPG_min_y: 153.314
