9.977966629133497856e-01 -4.965815845347038016e-02 -7.149716206222150561e+01
-6.367794716590330362e-02 1.149712421553970021e+00 1.802766559913076492e+02
-9.077153783716216512e-05 2.795783883127918052e-04 9.999999999999998890e-01
DSC_8258.JPG_max_x: 1313.09
DSC_8258.JPG_min_x: 101.255
DSC_8258.JPG_max_y: 1891.83
DSC_8258.JPG_min_y: 682.73
DSC_8454.JPG_max_x: 983.539
DSC_8454.JPG_min_x: 6.12439
DSC_8454.JPG_max_y: 1571.07
DSC_8454.JPG_min_y: 844.943
