7.002083933467173615e-01 -2.382580600743469945e-01 5.739146943171456314e+02
-1.377310847291306761e-01 1.104384395129145213e+00 4.149385026442956104e+01
-1.992457184119357017e-04 -1.725438266013289612e-04 1.000000000000000000e+00
DSC_8246.JPG_max_x: 786.825
DSC_8246.JPG_min_x: 650.385
DSC_8246.JPG_max_y: 1066.2
DSC_8246.JPG_min_y: 626.454
DSC_8424.JPG_max_x: 1324.92
DSC_8424.JPG_min_x: 1143.38
DSC_8424.JPG_max_y: 1689.99
DSC_8424.JPG_min_y: 842.534
