3.979345982425249728e-01 -5.705596150100781250e-01 8.885128291136986718e+02
1.070090189538634856e-01 6.900355589656905764e-01 3.188303203807348609e+02
-2.414104045985693097e-04 -1.380031304528696573e-04 1.000000000000000000e+00
DSC_8299.JPG_max_x: 1056.29
DSC_8299.JPG_min_x: 464.128
DSC_8299.JPG_max_y: 1198.25
DSC_8299.JPG_min_y: 319.849
DSC_8477.JPG_max_x: 1326.79
DSC_8477.JPG_min_x: 739.802
DSC_8477.JPG_max_y: 1853.76
DSC_8477.JPG_min_y: 794.684
