8.217224532460651321e-02 -8.873775004210054940e-01 9.909376739103998943e+02
1.190098262693739875e-02 -2.887231099983006977e-01 3.531462108624308485e+02
3.759698410642893724e-04 -1.127803090706135233e-03 1.000000000000000000e+00
DSC_8286.JPG_max_x: 1296.73
DSC_8286.JPG_min_x: 569.76
DSC_8286.JPG_max_y: 1756.53
DSC_8286.JPG_min_y: 1160.82
DSC_8321.JPG_max_x: 1146.11
DSC_8321.JPG_min_x: 471.845
DSC_8321.JPG_max_y: 622.394
DSC_8321.JPG_min_y: 28.087
