3.319027414452326408e+00 1.140631437312442875e+00 -2.708582836742603376e+03
3.058370017685940190e-01 2.506570461547218631e+00 3.596844970164567030e+02
1.949978795691669669e-03 -4.540294114361295637e-05 1.000000000000000000e+00
DSC_8319.JPG_max_x: 1325.33
DSC_8319.JPG_min_x: 634.626
DSC_8319.JPG_max_y: 1214.93
DSC_8319.JPG_min_y: 39.5775
DSC_8471.JPG_max_x: 812.63
DSC_8471.JPG_min_x: 32.2248
DSC_8471.JPG_max_y: 1347.71
DSC_8471.JPG_min_y: 230.939
