4.007945213894192893e-01 -1.998437408878656618e-01 4.254821026516888196e+02
3.276110225457181113e-01 -1.043075243860627499e-01 7.592642944048703839e+02
2.326040568202487804e-04 -3.060888538624659629e-04 1.000000000000000000e+00
DSC_8288.JPG_max_x: 1211.83
DSC_8288.JPG_min_x: 300.888
DSC_8288.JPG_max_y: 1898.72
DSC_8288.JPG_min_y: 663.67
DSC_8448.JPG_max_x: 766.531
DSC_8448.JPG_min_x: 465.566
DSC_8448.JPG_max_y: 1354.77
DSC_8448.JPG_min_y: 921.091
