1.420656058149136314e+00 1.821587676184565352e-01 -1.011261079358138204e+03
3.410837616163985841e-01 1.485403328107823384e+00 1.083468955003200023e+02
4.053039502682371782e-04 1.038043041348213965e-04 1.000000000000000000e+00
DSC_8336.JPG_max_x: 1329.33
DSC_8336.JPG_min_x: 640.523
DSC_8336.JPG_max_y: 1332.52
DSC_8336.JPG_min_y: 673.28
DSC_8472.JPG_max_x: 658.371
DSC_8472.JPG_min_x: 193.873
DSC_8472.JPG_max_y: 1694.63
DSC_8472.JPG_min_y: 981.179
