1.554561788981942749e+00 -6.920242059335474094e-01 -1.121864568894606009e+03
2.806095709244197156e+00 -3.589128463552202053e+00 -2.654911886470648597e+02
3.060241953767531969e-03 -5.532445729226710684e-03 1.000000000000000000e+00
DSC_8339.JPG_max_x: 1323.2
DSC_8339.JPG_min_x: 31.4408
DSC_8339.JPG_max_y: 821.516
DSC_8339.JPG_min_y: 374.062
DSC_8427.JPG_max_x: 587.624
DSC_8427.JPG_min_x: 17.0374
DSC_8427.JPG_max_y: 1092.89
DSC_8427.JPG_min_y: 578.698
