9.336882849814763796e-01 -5.219663064676836883e-02 5.332403265066453741e+02
-5.115572920094749870e-02 8.266522512494871577e-01 1.865506586400684057e+02
-4.923015050865768940e-05 -6.977722992714127052e-05 1.000000000000000000e+00
DSC_8236.JPG_max_x: 761.269
DSC_8236.JPG_min_x: 4.53003
DSC_8236.JPG_max_y: 1666.03
DSC_8236.JPG_min_y: 651.416
DSC_8334.JPG_max_x: 1313.68
DSC_8334.JPG_min_x: 518.459
DSC_8334.JPG_max_y: 1780.27
DSC_8334.JPG_min_y: 747.072
