-3.417537670360975555e-01 -1.109694179503612821e+00 9.989624362547361898e+02
-5.152060076919172671e-01 -8.997063305247006149e-01 1.074103530359805063e+03
-2.634235922552448893e-04 -1.229225369266005599e-03 1.000000000000000000e+00
DSC_8252.JPG_max_x: 961.479
DSC_8252.JPG_min_x: 8.29286
DSC_8252.JPG_max_y: 1957.35
DSC_8252.JPG_min_y: 791.523
DSC_8417.JPG_max_x: 1071.74
DSC_8417.JPG_min_x: 574.081
DSC_8417.JPG_max_y: 579.267
DSC_8417.JPG_min_y: 53.8343
