7.624900230969948733e-01 5.929273798235257242e-02 1.861405520112878378e+02
1.466885711010707805e-01 8.463171058524810997e-01 2.992494054383841444e+02
1.035659653812144235e-04 1.520871110480433695e-04 1.000000000000000000e+00
DSC_8208.JPG_max_x: 1252.04
DSC_8208.JPG_min_x: 79.5299
DSC_8208.JPG_max_y: 1990.25
DSC_8208.JPG_min_y: 817.461
DSC_8412.JPG_max_x: 887.469
DSC_8412.JPG_min_x: 279.756
DSC_8412.JPG_max_y: 1507.07
DSC_8412.JPG_min_y: 897.782
