-4.968332828475343632e+00 -5.400549723402066071e-01 7.725332959284372691e+02
-7.504093961346685049e-01 -5.945111845113987492e+00 4.503245728434229022e+03
1.167726775266218959e-04 -2.226916889270117404e-03 1.000000000000000000e+00
DSC_8220.JPG_max_x: 326.209
DSC_8220.JPG_min_x: 60.1554
DSC_8220.JPG_max_y: 1116.75
DSC_8220.JPG_min_y: 804.994
DSC_8304.JPG_max_x: 1106.53
DSC_8304.JPG_min_x: 24.4255
DSC_8304.JPG_max_y: 1784.88
DSC_8304.JPG_min_y: 487.392
