2.700573399890364268e+00 -3.002731179919117532e-01 -2.120034899036261777e+03
1.802937617083944177e+00 2.442802947271542013e+00 -1.552835718326579808e+03
1.540995357589284871e-03 -6.765274804875729157e-05 1.000000000000000000e+00
DSC_8476.JPG_max_x: 1084.72
DSC_8476.JPG_min_x: 899.568
DSC_8476.JPG_max_y: 1414.12
DSC_8476.JPG_min_y: 759.224
DSC_8478.JPG_max_x: 213.433
DSC_8478.JPG_min_x: 18.543
DSC_8478.JPG_max_y: 1517.49
DSC_8478.JPG_min_y: 834.898
