-2.994518845994077694e+00 -9.908302316774570961e-01 2.754592509965850695e+03
-2.519858847543861913e+00 -4.933163532813413354e+00 3.001147080283124978e+03
-2.578085692554059165e-03 -2.506051984953549736e-03 1.000000000000000000e+00
DSC_8202.JPG_max_x: 1094.93
DSC_8202.JPG_min_x: 559.485
DSC_8202.JPG_max_y: 1143.32
DSC_8202.JPG_min_y: 659.547
DSC_8454.JPG_max_x: 354.165
DSC_8454.JPG_min_x: 29.1739
DSC_8454.JPG_max_y: 1257.21
DSC_8454.JPG_min_y: 882.227
