4.735163019376996907e+00 2.044473234590107880e-01 -1.457550293331786634e+03
2.537858051185261019e-02 4.891282933336775329e+00 -5.074885781399961502e+02
-1.337723330924544358e-04 9.415088502376233338e-04 1.000000000000000000e+00
DSC_8365.JPG_max_x: 634.209
DSC_8365.JPG_min_x: 378.903
DSC_8365.JPG_max_y: 540.098
DSC_8365.JPG_min_y: 120.523
DSC_8465.JPG_max_x: 1292.38
DSC_8465.JPG_min_x: 320.008
DSC_8465.JPG_max_y: 1542.32
DSC_8465.JPG_min_y: 88.7548
