9.387049720696684085e-01 -1.126936375517904702e-02 -2.283234931922489275e-01
1.353895554674699672e-02 8.889166900472909028e-01 1.016859320202621717e+02
1.536727828617183718e-05 -3.410230483635055197e-05 1.000000000000000000e+00
DSC_8364.JPG_max_x: 1323.92
DSC_8364.JPG_min_x: 39.7304
DSC_8364.JPG_max_y: 1830.78
DSC_8364.JPG_min_y: 8.46273
DSC_8378.JPG_max_x: 1269.89
DSC_8378.JPG_min_x: 22.9522
DSC_8378.JPG_max_y: 1827.93
DSC_8378.JPG_min_y: 120.537
