1.043772295837374520e+00 -3.822506250952639132e-03 -2.421922335245923250e+02
7.955675991675058289e-02 1.128145374180283156e+00 8.122642714714059764e+01
1.548606574209692755e-06 3.296562013998518225e-04 1.000000000000000000e+00
DSC_8327.JPG_max_x: 1255.81
DSC_8327.JPG_min_x: 286.739
DSC_8327.JPG_max_y: 1098.77
DSC_8327.JPG_min_y: 224.788
DSC_8441.JPG_max_x: 1064.91
DSC_8441.JPG_min_x: 38.8613
DSC_8441.JPG_max_y: 1032.65
DSC_8441.JPG_min_y: 490.498
