1.558597885194076715e+00 9.234076614653971560e-02 -9.049299160353649540e+02
-2.778636778265004478e-02 1.608787953288670636e+00 -5.836679085041370172e+02
3.228591223027974536e-05 4.000200006986898398e-05 1.000000000000000000e+00
DSC_8196.JPG_max_x: 1329.44
DSC_8196.JPG_min_x: 765.362
DSC_8196.JPG_max_y: 1728.15
DSC_8196.JPG_min_y: 790.607
DSC_8346.JPG_max_x: 1177.12
DSC_8346.JPG_min_x: 379.923
DSC_8346.JPG_max_y: 1950.5
DSC_8346.JPG_min_y: 606.69
