1.019243841040383680e+00 -6.608411744417302947e-02 -1.158816420806682856e+02
-8.946079062385703384e-03 1.034017132495016034e+00 -3.956516589345800128e+01
-1.056865276143458400e-05 -1.109301698793916920e-06 1.000000000000000000e+00
DSC_8369.JPG_max_x: 1313.0
DSC_8369.JPG_min_x: 163.237
DSC_8369.JPG_max_y: 1470.32
DSC_8369.JPG_min_y: 215.938
DSC_8383.JPG_max_x: 1151.92
DSC_8383.JPG_min_x: 5.69121
DSC_8383.JPG_max_y: 1483.73
DSC_8383.JPG_min_y: 173.938
