9.915989654724788327e-01 -1.430983294208167944e-01 1.692699601469904280e+01
4.658679628185673910e-02 9.714469904687208501e-01 3.116570774584121182e+02
7.364109222285117697e-05 -1.787315476121959933e-04 1.000000000000000000e+00
DSC_8336.JPG_max_x: 1303.96
DSC_8336.JPG_min_x: 244.388
DSC_8336.JPG_max_y: 1183.07
DSC_8336.JPG_min_y: 627.916
DSC_8466.JPG_max_x: 1304.3
DSC_8466.JPG_min_x: 181.197
DSC_8466.JPG_max_y: 1755.59
DSC_8466.JPG_min_y: 1003.26
