1.156580653146320969e+00 -1.634462278758027354e-01 -3.647939126460834700e+02
-1.566404033655039232e-02 1.137572052437578973e+00 -2.156809213431040817e+01
-1.014517684529894347e-04 -1.584569951133890317e-04 1.000000000000000000e+00
DSC_8328.JPG_max_x: 1250.39
DSC_8328.JPG_min_x: 510.359
DSC_8328.JPG_max_y: 1270.91
DSC_8328.JPG_min_y: 394.533
DSC_8406.JPG_max_x: 1240.15
DSC_8406.JPG_min_x: 66.3956
DSC_8406.JPG_max_y: 1961.28
DSC_8406.JPG_min_y: 512.379
