1.173612979469045303e+00 -9.855662831042444338e-03 -3.287567203219574026e+02
3.322819633287191210e-02 1.345876816278056332e+00 -1.707744547457492672e+02
3.259085657081499995e-04 3.377638048553014772e-04 9.999999999999998890e-01
DSC_8353.JPG_max_x: 1319.05
DSC_8353.JPG_min_x: 323.636
DSC_8353.JPG_max_y: 1128.48
DSC_8353.JPG_min_y: 109.214
DSC_8381.JPG_max_x: 810.92
DSC_8381.JPG_min_x: 25.3373
DSC_8381.JPG_max_y: 919.724
DSC_8381.JPG_min_y: 15.4068
