1.094920352106961703e+00 7.975669545896739709e-01 -9.025044989376202409e+01
1.576474965314463017e-01 1.656885084030514488e+00 -5.755523730006708547e+02
1.245537949852181566e-04 6.770638904436815635e-04 1.000000000000000000e+00
DSC_8333.JPG_max_x: 1138.93
DSC_8333.JPG_min_x: 62.3102
DSC_8333.JPG_max_y: 1782.46
DSC_8333.JPG_min_y: 507.886
DSC_8377.JPG_max_x: 1065.54
DSC_8377.JPG_min_x: 426.263
DSC_8377.JPG_max_y: 1091.22
DSC_8377.JPG_min_y: 306.915
