5.814764151236689882e-01 2.882739060162853861e-01 -3.136809208218162439e+02
-1.390814272556643028e-01 1.676747182101118172e+00 -2.148065334127201368e+03
-6.506819145729881562e-04 4.843550386903603300e-04 1.000000000000000000e+00
DSC_8374.JPG_max_x: 1074.91
DSC_8374.JPG_min_x: 612.79
DSC_8374.JPG_max_y: 1866.38
DSC_8374.JPG_min_y: 1402.64
DSC_8407.JPG_max_x: 705.948
DSC_8407.JPG_min_x: 353.43
DSC_8407.JPG_max_y: 666.208
DSC_8407.JPG_min_y: 72.0533
