9.363653892313024141e-01 -1.627819092464129203e-01 -4.418539430489839788e+02
-1.278946249805571755e-01 8.597172762080274033e-01 2.952122627558154022e+02
-1.112520492045998924e-04 -1.982748575839517885e-04 1.000000000000000000e+00
DSC_8312.JPG_max_x: 1285.86
DSC_8312.JPG_min_x: 676.524
DSC_8312.JPG_max_y: 1161.45
DSC_8312.JPG_min_y: 487.288
DSC_8422.JPG_max_x: 906.294
DSC_8422.JPG_min_x: 55.2714
DSC_8422.JPG_max_y: 1765.27
DSC_8422.JPG_min_y: 735.454
