3.941722693984500125e+01 9.415522693071025628e+00 -3.212447683306350882e+04
2.245987684425161390e+01 2.372471726895156863e+01 -3.354259904149946669e+04
1.308887897028911985e-02 -1.181128998106928309e-03 1.000000000000000000e+00
DSC_8278.JPG_max_x: 1196.26
DSC_8278.JPG_min_x: 562.531
DSC_8278.JPG_max_y: 1158.42
DSC_8278.JPG_min_y: 804.027
DSC_8405.JPG_max_x: 1309.52
DSC_8405.JPG_min_x: 122.242
DSC_8405.JPG_max_y: 1208.52
DSC_8405.JPG_min_y: 163.95
