4.313991405736768980e-01 -6.538916021462404249e-02 7.529296437899052989e+02
-1.945609645298101986e-01 8.112704260391387923e-01 1.129107154942685014e+02
-2.416554300550878033e-04 9.610991595947689339e-06 1.000000000000000000e+00
DSC_8246.JPG_max_x: 915.727
DSC_8246.JPG_min_x: 147.966
DSC_8246.JPG_max_y: 1798.58
DSC_8246.JPG_min_y: 471.262
DSC_8296.JPG_max_x: 1303.51
DSC_8296.JPG_min_x: 759.764
DSC_8296.JPG_max_y: 1728.31
DSC_8296.JPG_min_y: 430.981
