1.172344720894867010e+01 3.557799017135690356e+00 -8.679657719310063158e+02
-3.649275801063174840e-01 1.859751448584397693e+01 -1.857576383363557397e+04
-3.758924415899773681e-03 6.352225225912632757e-03 1.000000000000000000e+00
DSC_8318.JPG_max_x: 641.897
DSC_8318.JPG_min_x: 198.49
DSC_8318.JPG_max_y: 1753.35
DSC_8318.JPG_min_y: 1051.83
DSC_8463.JPG_max_x: 1321.37
DSC_8463.JPG_min_x: 704.621
DSC_8463.JPG_max_y: 1421.01
DSC_8463.JPG_min_y: 136.811
