9.195684450930659004e-01 -4.160418335741105506e-02 -2.277700649127264114e+02
1.304962346605343659e-01 8.505085961227684122e-01 4.141027218869569424e+02
1.055868408619174638e-04 -6.397205173661703357e-06 1.000000000000000000e+00
DSC_8336.JPG_max_x: 1327.45
DSC_8336.JPG_min_x: 308.327
DSC_8336.JPG_max_y: 1504.18
DSC_8336.JPG_min_y: 627.276
DSC_8414.JPG_max_x: 832.43
DSC_8414.JPG_min_x: 27.1204
DSC_8414.JPG_max_y: 1680.06
DSC_8414.JPG_min_y: 967.199
