-6.500101539328925759e-02 -7.715665891326736192e-01 1.435867549802774420e+03
-8.076405555942681502e+00 1.005039397512791233e+01 4.730966860968633227e+03
1.401657018335750616e-03 5.042798647835377603e-03 1.000000000000000000e+00
DSC_8363.JPG_max_x: 978.423
DSC_8363.JPG_min_x: 752.361
DSC_8363.JPG_max_y: 1300.01
DSC_8363.JPG_min_y: 139.354
DSC_8379.JPG_max_x: 482.75
DSC_8379.JPG_min_x: 8.69247
DSC_8379.JPG_max_y: 1277.91
DSC_8379.JPG_min_y: 26.8486
