3.330647180199832302e+00 9.531541486559896859e-01 -2.151751188385637761e+03
-1.936448269862800220e-01 3.806181221498642131e+00 -3.670221534547421015e+03
2.301880985132550748e-04 8.611130007318993978e-04 9.999999999999998890e-01
DSC_8198.JPG_max_x: 1089.2
DSC_8198.JPG_min_x: 147.523
DSC_8198.JPG_max_y: 1873.71
DSC_8198.JPG_min_y: 1176.43
DSC_8349.JPG_max_x: 1100.43
DSC_8349.JPG_min_x: 4.18037
DSC_8349.JPG_max_y: 1207.89
DSC_8349.JPG_min_y: 283.492
