-9.656933413970874014e-01 -1.511196489656380093e-01 1.336189912798658270e+03
-7.378335937490988483e-01 2.227902717435771562e-01 8.112752989589429262e+02
-4.906326795830118952e-04 -1.213146440365290202e-04 9.999999999999998890e-01
DSC_8242.JPG_max_x: 1116.92
DSC_8242.JPG_min_x: 71.7982
DSC_8242.JPG_max_y: 1647.86
DSC_8242.JPG_min_y: 777.636
DSC_8472.JPG_max_x: 1303.14
DSC_8472.JPG_min_x: 75.9939
DSC_8472.JPG_max_y: 1447.63
DSC_8472.JPG_min_y: 1026.19
