5.441447765117735091e-01 4.716039007598268329e-01 9.030629191692968334e+02
-7.478415239953802862e-01 2.161887351094785359e+00 6.352074220407141638e+02
-7.851554599132485983e-04 5.152763854936336010e-04 1.000000000000000000e+00
DSC_8311.JPG_max_x: 342.019
DSC_8311.JPG_min_x: 137.72
DSC_8311.JPG_max_y: 760.467
DSC_8311.JPG_min_y: 176.238
DSC_8324.JPG_max_x: 1323.16
DSC_8324.JPG_min_x: 1051.47
DSC_8324.JPG_max_y: 1727.95
DSC_8324.JPG_min_y: 933.596
