9.023574441445151306e-01 -1.927497656269413703e-02 -1.262763763210159063e+01
3.528765671028039064e-02 9.109352412199311910e-01 2.284345291520020282e+02
1.398446758218120410e-05 1.751760911901940928e-05 1.000000000000000000e+00
DSC_8452.JPG_max_x: 1203.85
DSC_8452.JPG_min_x: 91.0962
DSC_8452.JPG_max_y: 1662.86
DSC_8452.JPG_min_y: 826.146
DSC_8472.JPG_max_x: 1013.32
DSC_8472.JPG_min_x: 39.1641
DSC_8472.JPG_max_y: 1685.17
DSC_8472.JPG_min_y: 980.052
