-3.395886328481591665e+00 7.701879104635280804e-01 9.463483016477531464e+02
-3.734109216199352321e+00 1.050798908136201470e+00 9.019236964976672652e+02
-2.656430092649564225e-03 5.140320369804586131e-04 1.000000000000000000e+00
DSC_8320.JPG_max_x: 596.786
DSC_8320.JPG_min_x: 83.9033
DSC_8320.JPG_max_y: 1762.79
DSC_8320.JPG_min_y: 507.265
DSC_8364.JPG_max_x: 1075.26
DSC_8364.JPG_min_x: 460.097
DSC_8364.JPG_max_y: 1592.55
DSC_8364.JPG_min_y: 1045.21
