1.044956671318339358e+00 3.873361063630268580e-02 -7.525665439457511638e+02
-9.758497535654534275e-03 1.161828726064098261e+00 -1.762928005096762547e+02
1.613503039995984624e-05 4.714672551411124382e-05 1.000000000000000000e+00
DSC_8196.JPG_max_x: 1319.25
DSC_8196.JPG_min_x: 833.37
DSC_8196.JPG_max_y: 1639.4
DSC_8196.JPG_min_y: 795.493
DSC_8232.JPG_max_x: 700.685
DSC_8232.JPG_min_x: 134.805
DSC_8232.JPG_max_y: 1573.9
DSC_8232.JPG_min_y: 694.177
