6.823397422783598065e-01 -2.256821457918052609e-02 1.547275707862353613e+02
1.336635599093062565e-01 6.424143265803067271e-01 2.527109761638573673e+02
1.557897447384968192e-04 -5.267563761677698353e-05 1.000000000000000000e+00
DSC_8314.JPG_max_x: 1180.05
DSC_8314.JPG_min_x: 21.3604
DSC_8314.JPG_max_y: 1799.35
DSC_8314.JPG_min_y: 222.625
DSC_8264.JPG_max_x: 845.054
DSC_8264.JPG_min_x: 145.06
DSC_8264.JPG_max_y: 1519.63
DSC_8264.JPG_min_y: 454.11
