4.632437062825705554e-01 -8.888804646192161041e-02 1.903264381459923698e+02
1.436933899644381694e-02 4.197912708731691978e-01 2.270570940028246696e+02
-1.110641026707891534e-04 -1.208661108675594139e-04 1.000000000000000000e+00
DSC_8287.JPG_max_x: 1015.65
DSC_8287.JPG_min_x: 176.73
DSC_8287.JPG_max_y: 586.068
DSC_8287.JPG_min_y: 87.1283
DSC_8447.JPG_max_x: 745.76
DSC_8447.JPG_min_x: 266.369
DSC_8447.JPG_max_y: 596.155
DSC_8447.JPG_min_y: 297.859
