1.009074610974380448e+01 5.427563253775904428e+00 -3.233984583899411973e+03
-1.696385716563261870e+00 1.430796983157646096e+01 -1.519270579938288938e+04
-1.664449115817536254e-03 6.721579288684652667e-03 1.000000000000000000e+00
DSC_8330.JPG_max_x: 725.954
DSC_8330.JPG_min_x: 12.9671
DSC_8330.JPG_max_y: 1969.55
DSC_8330.JPG_min_y: 1115.46
DSC_8347.JPG_max_x: 1256.73
DSC_8347.JPG_min_x: 404.736
DSC_8347.JPG_max_y: 930.685
DSC_8347.JPG_min_y: 42.4921
