7.101347208280618162e+00 -4.316453731409100492e+00 2.996405705071738794e+03
1.362273954779875007e+00 -4.108638383273168770e+00 5.108237255418222958e+03
1.155455112381151457e-02 -3.797899113706682071e-03 1.000000000000000000e+00
DSC_8418.JPG_max_x: 362.561
DSC_8418.JPG_min_x: 17.1447
DSC_8418.JPG_max_y: 1871.72
DSC_8418.JPG_min_y: 1211.12
DSC_8421.JPG_max_x: 1259.6
DSC_8421.JPG_min_x: 342.152
DSC_8421.JPG_max_y: 803.861
DSC_8421.JPG_min_y: 63.9357
