3.088653901090597120e+00 5.201974982761038702e-02 -1.163144161595073456e+03
1.644707971478935438e+00 3.122903511774417051e+00 -2.211705559334784084e+03
1.991340236933122725e-03 1.015194058044892837e-04 1.000000000000000000e+00
DSC_8268.JPG_max_x: 1286.42
DSC_8268.JPG_min_x: 369.04
DSC_8268.JPG_max_y: 1355.79
DSC_8268.JPG_min_y: 565.469
DSC_8290.JPG_max_x: 791.093
DSC_8290.JPG_min_x: 5.30252
DSC_8290.JPG_max_y: 1171.51
DSC_8290.JPG_min_y: 266.196
