9.647199389453691154e-01 -1.096220175561050336e+00 1.305031543030705961e+03
6.127370880071005832e-01 -6.769548632304334124e-01 1.287018495846193218e+03
2.594796546635627405e-04 -7.269912099059997737e-04 1.000000000000000000e+00
DSC_8369.JPG_max_x: 177.053
DSC_8369.JPG_min_x: 35.181
DSC_8369.JPG_max_y: 704.351
DSC_8369.JPG_min_y: 450.176
DSC_8396.JPG_max_x: 1331.0
DSC_8396.JPG_min_x: 1206.59
DSC_8396.JPG_max_y: 1717.68
DSC_8396.JPG_min_y: 1487.46
