3.963358306820680355e+00 1.209261032780798217e+00 -2.253808243101201242e+03
1.709273982037159967e-02 4.689361202998457934e+00 -5.023453097145836182e+03
2.599937015710465670e-04 1.696658388068972116e-03 1.000000000000000000e+00
DSC_8198.JPG_max_x: 1089.2
DSC_8198.JPG_min_x: 106.285
DSC_8198.JPG_max_y: 1966.72
DSC_8198.JPG_min_y: 1176.43
DSC_8199.JPG_max_x: 1016.61
DSC_8199.JPG_min_x: 9.89965
DSC_8199.JPG_max_y: 940.394
DSC_8199.JPG_min_y: 157.015
