-4.088275305962131845e-01 -1.504427953801554252e-01 4.988709804126813196e+02
-6.387577688148722288e-01 -6.902289153944225486e-01 1.011571117723152497e+03
-8.451159694203416511e-04 -4.677416290744556464e-04 1.000000000000000000e+00
DSC_8363.JPG_max_x: 978.423
DSC_8363.JPG_min_x: 150.806
DSC_8363.JPG_max_y: 1282.04
DSC_8363.JPG_min_y: 785.739
DSC_8365.JPG_max_x: 978.556
DSC_8365.JPG_min_x: 20.0422
DSC_8365.JPG_max_y: 1414.56
DSC_8365.JPG_min_y: 467.228
