-1.258315359168981296e+00 -9.156386086324120460e-03 1.193864819315049090e+03
-1.993686164878416323e+00 -8.910046477712187940e-01 1.961213930437689214e+03
-2.198987639690602042e-03 2.747164324649933447e-05 1.000000000000000000e+00
DSC_8222.JPG_max_x: 1307.24
DSC_8222.JPG_min_x: 27.7104
DSC_8222.JPG_max_y: 1261.17
DSC_8222.JPG_min_y: 790.888
DSC_8294.JPG_max_x: 1176.91
DSC_8294.JPG_min_x: 16.2047
DSC_8294.JPG_max_y: 946.515
DSC_8294.JPG_min_y: 663.182
