1.389550010454964069e+00 3.817918659372289691e-01 -1.382743502712484542e+03
1.341343614046625887e-01 2.189471693629887028e+00 -5.345911002451665581e+02
2.915076869825583908e-04 2.924682700879853892e-04 1.000000000000000000e+00
DSC_8200.JPG_max_x: 1293.01
DSC_8200.JPG_min_x: 767.905
DSC_8200.JPG_max_y: 1440.4
DSC_8200.JPG_min_y: 853.383
DSC_8414.JPG_max_x: 534.898
DSC_8414.JPG_min_x: 29.7822
DSC_8414.JPG_max_y: 1660.95
DSC_8414.JPG_min_y: 967.234
