1.091468867202424198e+00 -5.344830274211136850e-02 3.095385100759443162e+02
1.726732414141052274e-01 8.054456664274677324e-01 2.170105773847547539e+02
1.622962564837246999e-04 -1.006889526139808982e-04 1.000000000000000000e+00
DSC_8236.JPG_max_x: 995.476
DSC_8236.JPG_min_x: 4.53003
DSC_8236.JPG_max_y: 1660.01
DSC_8236.JPG_min_y: 650.253
DSC_8432.JPG_max_x: 1232.25
DSC_8432.JPG_min_x: 294.316
DSC_8432.JPG_max_y: 1776.9
DSC_8432.JPG_min_y: 795.887
