3.292069555982858997e+00 3.277419974726766272e-01 -3.132555938756422620e+03
5.429286268304726049e-01 3.012288090889781333e+00 -1.371855577229933260e+03
7.472906326176247983e-04 6.677493782431546043e-06 1.000000000000000000e+00
DSC_8246.JPG_max_x: 1327.95
DSC_8246.JPG_min_x: 1125.38
DSC_8246.JPG_max_y: 1426.61
DSC_8246.JPG_min_y: 761.965
DSC_8346.JPG_max_x: 791.039
DSC_8346.JPG_min_x: 490.81
DSC_8346.JPG_max_y: 1877.03
DSC_8346.JPG_min_y: 827.114
