-1.451232786776730510e+00 1.947488926519429144e-03 1.054966496742601294e+03
-1.103437222475941670e+00 -1.885531780500881160e-01 8.360416657459792305e+02
-1.785212681489781921e-03 4.175745999540952848e-04 1.000000000000000000e+00
DSC_8397.JPG_max_x: 1280.51
DSC_8397.JPG_min_x: 465.235
DSC_8397.JPG_max_y: 548.398
DSC_8397.JPG_min_y: 78.83
DSC_8445.JPG_max_x: 1220.37
DSC_8445.JPG_min_x: 245.763
DSC_8445.JPG_max_y: 763.277
DSC_8445.JPG_min_y: 236.301
