-1.906076308849276701e+00 -8.681319415702268838e-01 1.767377971022913925e+03
-1.771526757786998085e-01 -1.979136477786676895e+00 3.361562135578362813e+03
-2.781231633840221523e-04 -1.355367380047243575e-03 9.999999999999998890e-01
DSC_8360.JPG_max_x: 969.885
DSC_8360.JPG_min_x: 143.31
DSC_8360.JPG_max_y: 1974.31
DSC_8360.JPG_min_y: 1672.53
DSC_8361.JPG_max_x: 1000.4
DSC_8361.JPG_min_x: 106.664
DSC_8361.JPG_max_y: 368.866
DSC_8361.JPG_min_y: 47.1496
