-1.342236607364152734e+00 -3.781321821068830413e-01 1.190998827120796022e+03
-2.074062985192091979e+00 -4.931997387041084369e-02 8.981189218128077982e+02
-1.374432344864128441e-03 -2.835679298784396334e-04 1.000000000000000000e+00
DSC_8256.JPG_max_x: 954.104
DSC_8256.JPG_min_x: 35.2753
DSC_8256.JPG_max_y: 1873.51
DSC_8256.JPG_min_y: 786.34
DSC_8270.JPG_max_x: 1326.23
DSC_8270.JPG_min_x: 991.273
DSC_8270.JPG_max_y: 1835.42
DSC_8270.JPG_min_y: 749.691
