-1.321155911445941245e+00 -6.094687716936989519e-01 1.940801302250725939e+03
2.971434151347583652e-02 -1.685959333695818962e+00 1.510034382011913976e+03
-9.081707465987419502e-04 -9.147439465451222100e-04 1.000000000000000000e+00
DSC_8198.JPG_max_x: 1310.97
DSC_8198.JPG_min_x: 564.67
DSC_8198.JPG_max_y: 1966.72
DSC_8198.JPG_min_y: 921.815
DSC_8365.JPG_max_x: 398.698
DSC_8365.JPG_min_x: 20.0422
DSC_8365.JPG_max_y: 1348.26
DSC_8365.JPG_min_y: 36.8249
