1.554344467698150822e+00 3.136680866927831213e-01 -9.106341500215771703e+02
-3.258069410523537490e-01 2.151888569619839764e+00 -1.380512396862083051e+03
-3.189336092611481824e-04 4.313929015098329363e-04 1.000000000000000000e+00
DSC_8314.JPG_max_x: 1192.96
DSC_8314.JPG_min_x: 302.931
DSC_8314.JPG_max_y: 1883.65
DSC_8314.JPG_min_y: 715.652
DSC_8437.JPG_max_x: 1145.57
DSC_8437.JPG_min_x: 6.43297
DSC_8437.JPG_max_y: 1512.83
DSC_8437.JPG_min_y: 12.665
