2.224814645662983636e+01 8.485972883763722052e+00 -2.334340544536878951e+04
-1.103909298258975769e+00 2.567415697569446920e+01 -3.542377334693890589e+04
5.210024530729514538e-04 1.050016425048428716e-02 1.000000000000000000e+00
DSC_8196.JPG_max_x: 1329.8
DSC_8196.JPG_min_x: 862.759
DSC_8196.JPG_max_y: 1940.76
DSC_8196.JPG_min_y: 1429.86
DSC_8217.JPG_max_x: 1074.83
DSC_8217.JPG_min_x: 552.264
DSC_8217.JPG_max_y: 614.022
DSC_8217.JPG_min_y: 2.76138
