2.482013400704615957e+00 1.751134299755515433e-01 -2.635870747418945939e+03
1.196892130472533511e+00 2.700618447988608839e+00 -1.597967818202671651e+03
1.152178374314951877e-03 4.481204529497238289e-04 1.000000000000000000e+00
DSC_8242.JPG_max_x: 1287.75
DSC_8242.JPG_min_x: 917.468
DSC_8242.JPG_max_y: 1872.04
DSC_8242.JPG_min_y: 561.606
DSC_8260.JPG_max_x: 247.89
DSC_8260.JPG_min_x: 7.15669
DSC_8260.JPG_max_y: 1551.36
DSC_8260.JPG_min_y: 494.934
