2.015676308839811881e+01 4.125070190638102652e+00 -1.783858837436938120e+04
-1.491947756373765532e+00 1.823872130691623639e+01 -1.781532292169801440e+04
7.639115342924157961e-03 4.844094044823350938e-03 9.999999999999998890e-01
DSC_8234.JPG_max_x: 1288.67
DSC_8234.JPG_min_x: 857.817
DSC_8234.JPG_max_y: 1330.68
DSC_8234.JPG_min_y: 1070.49
DSC_8417.JPG_max_x: 783.664
DSC_8417.JPG_min_x: 327.813
DSC_8417.JPG_max_y: 303.561
DSC_8417.JPG_min_y: 30.2427
