2.850979665920121420e+00 8.855546701738770121e-01 -1.393105349972972363e+03
1.824834942326190590e-01 3.546357294076724287e+00 -4.367357006559626825e+03
-1.592678020716139240e-05 1.211289408710636674e-03 1.000000000000000000e+00
DSC_8362.JPG_max_x: 1065.51
DSC_8362.JPG_min_x: 62.5198
DSC_8362.JPG_max_y: 1953.61
DSC_8362.JPG_min_y: 1222.71
DSC_8377.JPG_max_x: 1069.95
DSC_8377.JPG_min_x: 42.8343
DSC_8377.JPG_max_y: 781.115
DSC_8377.JPG_min_y: 21.3209
