-4.394716234097924890e+00 -1.503327151916115323e+00 1.325015786484281307e+03
3.632163824731490798e-02 -5.618212929776187359e+00 6.151100611812532406e+03
-1.198382289013280816e-05 -2.071706301757617139e-03 1.000000000000000000e+00
DSC_8432.JPG_max_x: 320.827
DSC_8432.JPG_min_x: 158.678
DSC_8432.JPG_max_y: 1393.8
DSC_8432.JPG_min_y: 1148.06
DSC_8469.JPG_max_x: 1302.51
DSC_8469.JPG_min_x: 773.615
DSC_8469.JPG_max_y: 882.935
DSC_8469.JPG_min_y: 211.689
