1.969909565076051416e+00 -8.550273761658414018e-02 -6.053138722887022141e+02
2.281960559291281720e-01 1.905917666548964107e+00 -1.177303869358294605e+03
1.183383826505281163e-04 2.287031377938795329e-05 1.000000000000000000e+00
DSC_8416.JPG_max_x: 1126.22
DSC_8416.JPG_min_x: 362.557
DSC_8416.JPG_max_y: 1688.52
DSC_8416.JPG_min_y: 944.011
DSC_8448.JPG_max_x: 1297.85
DSC_8448.JPG_min_x: 8.19525
DSC_8448.JPG_max_y: 1982.69
DSC_8448.JPG_min_y: 661.641
