5.512880731786810040e-01 -7.923892946871077814e-02 6.221625490402271907e+02
-9.331274011702672677e-02 7.120221256345451444e-01 4.877664282783959493e+02
-1.358074586811349534e-04 -7.225099045345245019e-06 1.000000000000000000e+00
DSC_8306.JPG_max_x: 1115.45
DSC_8306.JPG_min_x: 15.432
DSC_8306.JPG_max_y: 1448.93
DSC_8306.JPG_min_y: 583.882
DSC_8430.JPG_max_x: 1314.05
DSC_8430.JPG_min_x: 530.277
DSC_8430.JPG_max_y: 1695.44
DSC_8430.JPG_min_y: 932.408
