6.991903595142066052e-01 -7.120852608491206638e-03 -3.465712527883739824e+01
-3.342871096374663148e-02 8.726591614039660438e-01 4.055351857725611353e+02
-1.072869340944987063e-04 4.459612948652276476e-04 1.000000000000000000e+00
DSC_8243.JPG_max_x: 1012.06
DSC_8243.JPG_min_x: 192.468
DSC_8243.JPG_max_y: 847.183
DSC_8243.JPG_min_y: 86.1955
DSC_8309.JPG_max_x: 627.842
DSC_8309.JPG_min_x: 95.8629
DSC_8309.JPG_max_y: 881.753
DSC_8309.JPG_min_y: 475.193
