7.164746960273766341e+00 -1.550004846846109885e+01 -2.099775452039030199e+02
1.442603581636805821e+01 -3.292736651747480181e+01 3.050712922527485489e+02
2.093400016142943701e-02 -4.914919002133733006e-02 1.000000000000000000e+00
DSC_8339.JPG_max_x: 1310.45
DSC_8339.JPG_min_x: 17.6848
DSC_8339.JPG_max_y: 1245.57
DSC_8339.JPG_min_y: 262.188
DSC_8443.JPG_max_x: 964.403
DSC_8443.JPG_min_x: 18.0315
DSC_8443.JPG_max_y: 1076.53
DSC_8443.JPG_min_y: 497.567
