4.179887523399542282e+00 -1.802689226556851931e+00 -6.259399262034469302e+02
2.737967892817746218e+00 -1.174378596697763788e+00 -5.858717595022267943e+01
4.942096871358611122e-03 -3.836567158864683923e-03 1.000000000000000000e+00
DSC_8271.JPG_max_x: 1206.88
DSC_8271.JPG_min_x: 191.118
DSC_8271.JPG_max_y: 1074.43
DSC_8271.JPG_min_y: 50.302
DSC_8447.JPG_max_x: 770.273
DSC_8447.JPG_min_x: 466.825
DSC_8447.JPG_max_y: 710.18
DSC_8447.JPG_min_y: 298.534
