1.769839614196183630e+00 -4.847258332920889590e-02 3.673444043020323875e+02
-1.689362637923190469e-01 1.983998562395000054e+00 -9.848937926858070568e+02
-2.596708431408215230e-04 3.734751023251549931e-05 1.000000000000000000e+00
DSC_8220.JPG_max_x: 478.898
DSC_8220.JPG_min_x: 5.36746
DSC_8220.JPG_max_y: 1492.69
DSC_8220.JPG_min_y: 757.956
DSC_8318.JPG_max_x: 1293.72
DSC_8318.JPG_min_x: 313.967
DSC_8318.JPG_max_y: 1986.3
DSC_8318.JPG_min_y: 488.221
