-5.784213089425007670e-01 -4.436895762348951888e-01 1.345168114181423334e+03
-5.865090983329751539e-01 1.984926372595620658e-01 5.169305647565932986e+02
-4.257584151970888802e-04 -2.839366208070654091e-04 1.000000000000000000e+00
DSC_8331.JPG_max_x: 858.464
DSC_8331.JPG_min_x: 29.234
DSC_8331.JPG_max_y: 1692.32
DSC_8331.JPG_min_y: 446.575
DSC_8441.JPG_max_x: 1285.46
DSC_8441.JPG_min_x: 1029.51
DSC_8441.JPG_max_y: 1614.93
DSC_8441.JPG_min_y: 333.114
