4.728604503849327401e+00 1.473707947049872180e+00 -2.670416869545150348e+03
-3.099384721223726880e-01 5.384370062899640708e+00 -5.816489698219189449e+03
-2.089643541945544508e-04 2.353846982872705249e-03 1.000000000000000000e+00
DSC_8340.JPG_max_x: 1133.62
DSC_8340.JPG_min_x: 53.4916
DSC_8340.JPG_max_y: 1986.74
DSC_8340.JPG_min_y: 1140.63
DSC_8341.JPG_max_x: 1037.86
DSC_8341.JPG_min_x: 6.08263
DSC_8341.JPG_max_y: 858.665
DSC_8341.JPG_min_y: 15.0328
