-8.674120423687280146e-02 -2.172999865787601792e-01 1.207941889378873384e+03
-1.579852752254067738e+00 1.392975324478100685e+00 1.913663861411097500e+01
-1.322191131049422954e-03 -1.453509070206768098e-04 1.000000000000000000e+00
DSC_8248.JPG_max_x: 81.0002
DSC_8248.JPG_min_x: 7.77993
DSC_8248.JPG_max_y: 1074.82
DSC_8248.JPG_min_y: 611.598
DSC_8422.JPG_max_x: 1323.06
DSC_8422.JPG_min_x: 1163.66
DSC_8422.JPG_max_y: 1856.54
DSC_8422.JPG_min_y: 931.545
