7.906928311429878953e+00 -9.252314475664283222e+00 1.676382483192619020e+03
1.133090681127879584e+01 -5.134747356719453037e+00 3.778088770819082356e+02
1.203983451653597818e-02 -7.744023262805042537e-03 1.000000000000000000e+00
DSC_8263.JPG_max_x: 1119.71
DSC_8263.JPG_min_x: 50.9659
DSC_8263.JPG_max_y: 846.763
DSC_8263.JPG_min_y: 19.8822
DSC_8459.JPG_max_x: 864.425
DSC_8459.JPG_min_x: 171.217
DSC_8459.JPG_max_y: 1184.43
DSC_8459.JPG_min_y: 858.68
