6.698464413438464105e-01 2.681751621029920818e-02 -1.347820562570413117e+01
-1.683178865294574292e-02 7.139102474051571834e-01 1.219779825944643790e+02
-2.435396864282370869e-05 2.562081896765765868e-05 1.000000000000000000e+00
DSC_8256.JPG_max_x: 1314.06
DSC_8256.JPG_min_x: 246.079
DSC_8256.JPG_max_y: 1636.7
DSC_8256.JPG_min_y: 656.966
DSC_8306.JPG_max_x: 900.037
DSC_8306.JPG_min_x: 177.449
DSC_8306.JPG_max_y: 1239.92
DSC_8306.JPG_min_y: 579.367
