3.629187768310506157e-01 -4.274592280736406180e-01 8.820627662905628767e+02
-1.037700569011688369e-02 5.850684757869880626e-01 2.643634557910728518e+02
-2.548997377193231838e-04 5.680088791452539106e-05 1.000000000000000000e+00
DSC_8211.JPG_max_x: 1326.44
DSC_8211.JPG_min_x: 21.2479
DSC_8211.JPG_max_y: 985.344
DSC_8211.JPG_min_y: 188.912
DSC_8369.JPG_max_x: 1325.78
DSC_8369.JPG_min_x: 534.285
DSC_8369.JPG_max_y: 1118.91
DSC_8369.JPG_min_y: 429.49
