-4.048580656978194803e+00 -1.136049239374000042e+00 2.679899107935509164e+03
-1.284705069715196268e+00 -6.314746465665291630e+00 5.239448015849187868e+03
1.007110722619820615e-03 -3.513843826979377340e-03 1.000000000000000000e+00
DSC_8220.JPG_max_x: 674.185
DSC_8220.JPG_min_x: 435.706
DSC_8220.JPG_max_y: 1015.99
DSC_8220.JPG_min_y: 775.456
DSC_8290.JPG_max_x: 644.248
DSC_8290.JPG_min_x: 22.2439
DSC_8290.JPG_max_y: 1080.37
DSC_8290.JPG_min_y: 316.577
