-1.723748292695896078e-01 -5.871756193466136642e-01 4.300019894285863984e+02
-5.291271504959552674e-01 -1.880280799111188283e+00 1.358262120254769798e+03
-3.964392221891683264e-04 -1.363658210816552164e-03 1.000000000000000000e+00
DSC_8241.JPG_max_x: 1231.56
DSC_8241.JPG_min_x: 19.049
DSC_8241.JPG_max_y: 879.142
DSC_8241.JPG_min_y: 439.368
DSC_8322.JPG_max_x: 542.565
DSC_8322.JPG_min_x: 103.656
DSC_8322.JPG_max_y: 1445.35
DSC_8322.JPG_min_y: 618.935
