6.114074628291609192e-01 7.468189869327846765e-03 5.248850179544892853e+02
1.172399493346272525e-01 5.485106349311791307e-01 5.076377058933990725e+02
9.686808834202363259e-05 1.919719555840037126e-05 1.000000000000000000e+00
DSC_8240.JPG_max_x: 1300.45
DSC_8240.JPG_min_x: 9.1652
DSC_8240.JPG_max_y: 1717.09
DSC_8240.JPG_min_y: 903.792
DSC_8472.JPG_max_x: 1157.74
DSC_8472.JPG_min_x: 525.734
DSC_8472.JPG_max_y: 1400.59
DSC_8472.JPG_min_y: 988.369
