6.922717226425091352e-01 -1.193770414151761772e+00 7.401039483458071118e+02
7.417328310064157382e-01 -1.986765834486146964e+00 1.530699735569243330e+03
3.624050980172472563e-04 -1.308142499650318718e-03 1.000000000000000000e+00
DSC_8273.JPG_max_x: 1061.26
DSC_8273.JPG_min_x: 124.656
DSC_8273.JPG_max_y: 1250.56
DSC_8273.JPG_min_y: 44.4425
DSC_8466.JPG_max_x: 1304.3
DSC_8466.JPG_min_x: 753.254
DSC_8466.JPG_max_y: 1944.03
DSC_8466.JPG_min_y: 1483.58
