7.382073073855502932e-01 -3.834597034261659401e-03 2.264623225551140422e+02
1.007406830578673890e-01 7.738243303129217487e-01 1.160262677194180924e+03
4.759818713940673450e-05 5.622670488785651922e-05 1.000000000000000000e+00
DSC_8229.JPG_max_x: 1251.95
DSC_8229.JPG_min_x: 134.304
DSC_8229.JPG_max_y: 1266.34
DSC_8229.JPG_min_y: 105.297
DSC_8244.JPG_max_x: 1059.91
DSC_8244.JPG_min_x: 324.914
DSC_8244.JPG_max_y: 1973.42
DSC_8244.JPG_min_y: 1287.41
