3.875848476814054422e-01 -4.797555954468162853e-01 1.065015988819200174e+03
-6.151920872683945551e-02 9.544572969388295247e-01 1.958088470533991483e+02
-4.305360846541166965e-04 1.291204295110182879e-04 1.000000000000000000e+00
DSC_8315.JPG_max_x: 895.278
DSC_8315.JPG_min_x: 68.6938
DSC_8315.JPG_max_y: 1706.23
DSC_8315.JPG_min_y: 646.947
DSC_8459.JPG_max_x: 900.854
DSC_8459.JPG_min_x: 466.165
DSC_8459.JPG_max_y: 1985.74
DSC_8459.JPG_min_y: 766.265
