-3.062578604592168241e-01 -3.386930171683581736e-02 3.531916181517432847e+02
-1.008426945200853408e+00 -5.471040958424961964e-01 1.209626014733697502e+03
-1.045664009219952027e-03 -3.682920377564769172e-04 9.999999999999998890e-01
DSC_8314.JPG_max_x: 1208.28
DSC_8314.JPG_min_x: 229.85
DSC_8314.JPG_max_y: 1575.5
DSC_8314.JPG_min_y: 362.419
DSC_8250.JPG_max_x: 1283.75
DSC_8250.JPG_min_x: 7.11838
DSC_8250.JPG_max_y: 1182.56
DSC_8250.JPG_min_y: 501.989
