1.069721740201889260e+00 -3.158046589978026342e-01 4.408110506608767309e+01
8.450487871512114835e-02 3.651587386175220162e-01 1.141649111935696737e+03
2.892653818625732286e-05 -4.153997503669313489e-04 1.000000000000000000e+00
DSC_8351.JPG_max_x: 1079.18
DSC_8351.JPG_min_x: 165.063
DSC_8351.JPG_max_y: 622.197
DSC_8351.JPG_min_y: 6.69092
DSC_8432.JPG_max_x: 1258.63
DSC_8432.JPG_min_x: 187.878
DSC_8432.JPG_max_y: 1891.56
DSC_8432.JPG_min_y: 1157.84
