1.129518689591633596e+00 -2.322025399689697789e-01 5.269347351488573850e+02
6.970140786075726957e-01 1.883119687845904222e+00 -7.262905283421119975e+02
-2.095883217681428104e-04 7.279944819466742292e-04 1.000000000000000000e+00
DSC_8199.JPG_max_x: 693.249
DSC_8199.JPG_min_x: 14.8343
DSC_8199.JPG_max_y: 895.387
DSC_8199.JPG_min_y: 346.391
DSC_8249.JPG_max_x: 779.17
DSC_8249.JPG_min_x: 249.814
DSC_8249.JPG_max_y: 985.318
DSC_8249.JPG_min_y: 73.7625
