1.230182321949982560e+00 5.260903631782564566e-02 -1.047857144142230936e+03
1.613275700853361305e-01 1.173213628846800027e+00 -5.431302108756015201e+01
2.529807377338326620e-04 -3.556132189222754072e-05 1.000000000000000000e+00
DSC_8310.JPG_max_x: 1324.23
DSC_8310.JPG_min_x: 741.907
DSC_8310.JPG_max_y: 1660.52
DSC_8310.JPG_min_y: 438.025
DSC_8312.JPG_max_x: 495.119
DSC_8312.JPG_min_x: 40.3797
DSC_8312.JPG_max_y: 1766.14
DSC_8312.JPG_min_y: 506.242
