-1.680777624558160710e+01 1.152219461307809034e+01 -4.506744355427366827e+03
-1.822899000896879684e+01 5.966435812478199985e+00 4.595016098070880616e+03
-3.171047009588554011e-02 1.483959589366630819e-02 1.000000000000000000e+00
DSC_8242.JPG_max_x: 1263.21
DSC_8242.JPG_min_x: 125.175
DSC_8242.JPG_max_y: 1646.3
DSC_8242.JPG_min_y: 1316.31
DSC_8325.JPG_max_x: 975.815
DSC_8325.JPG_min_x: 121.627
DSC_8325.JPG_max_y: 683.266
DSC_8325.JPG_min_y: 368.297
