1.923286933265556942e-01 -5.678177459368551894e-01 3.293694457993070728e+02
2.371428604331045631e-01 -1.842547902584511954e+00 1.429317118199366632e+03
2.015556976752539851e-04 -1.327725518377437632e-03 1.000000000000000000e+00
DSC_8253.JPG_max_x: 1252.29
DSC_8253.JPG_min_x: 293.768
DSC_8253.JPG_max_y: 891.869
DSC_8253.JPG_min_y: 507.537
DSC_8336.JPG_max_x: 914.316
DSC_8336.JPG_min_x: 32.8196
DSC_8336.JPG_max_y: 1545.26
DSC_8336.JPG_min_y: 1104.57
