7.081857307667647206e-01 -4.773076257177996107e-01 2.118614230316023281e+02
-6.079359972234663068e-02 7.764087326222814112e-02 1.270929834147609881e+03
-5.836163347938755016e-05 -4.871895849415010661e-04 1.000000000000000000e+00
DSC_8295.JPG_max_x: 1320.36
DSC_8295.JPG_min_x: 162.317
DSC_8295.JPG_max_y: 361.452
DSC_8295.JPG_min_y: 13.6427
DSC_8454.JPG_max_x: 1258.18
DSC_8454.JPG_min_x: 269.633
DSC_8454.JPG_max_y: 1604.26
DSC_8454.JPG_min_y: 1300.55
