3.264408996803270568e+00 1.421262550036825889e+00 -2.419063713910913066e+03
2.148848050910688867e-01 3.853300980680654853e+00 -4.528354488069696345e+03
8.830061997348520662e-05 1.786800786892591732e-03 9.999999999999998890e-01
DSC_8258.JPG_max_x: 1289.73
DSC_8258.JPG_min_x: 235.71
DSC_8258.JPG_max_y: 1748.2
DSC_8258.JPG_min_y: 1244.01
DSC_8275.JPG_max_x: 1065.91
DSC_8275.JPG_min_x: 54.4922
DSC_8275.JPG_max_y: 558.599
DSC_8275.JPG_min_y: 92.571
