4.936031782380525534e+00 1.812602570255898549e+00 -3.133461094982375926e+03
2.684642568421113235e-02 6.146308593484471672e+00 -6.393472018502931860e+03
1.449182849294366636e-04 2.174253268757771803e-03 1.000000000000000000e+00
DSC_8414.JPG_max_x: 918.615
DSC_8414.JPG_min_x: 106.492
DSC_8414.JPG_max_y: 1680.06
DSC_8414.JPG_min_y: 1156.2
DSC_8431.JPG_max_x: 988.75
DSC_8431.JPG_min_x: 56.9338
DSC_8431.JPG_max_y: 856.282
DSC_8431.JPG_min_y: 215.019
