1.546677992715535799e-01 7.935352441408949353e-01 -1.264320663477999915e+03
-3.350612860192626885e-02 2.827118251016449979e-01 -4.094953070709678968e+02
-8.794908634009016880e-04 -6.998668095586740823e-05 1.000000000000000000e+00
DSC_8386.JPG_max_x: 1153.16
DSC_8386.JPG_min_x: 206.955
DSC_8386.JPG_max_y: 1969.83
DSC_8386.JPG_min_y: 1239.92
DSC_8387.JPG_max_x: 1102.93
DSC_8387.JPG_min_x: 83.3816
DSC_8387.JPG_max_y: 902.172
DSC_8387.JPG_min_y: 13.5671
