6.407291188425233486e+01 -9.713916948539029761e+01 1.634073429111125506e+03
2.375156291884971793e+01 -4.283560595606903831e+01 2.653963567396590861e+03
5.738371732216480253e-02 -8.542634489113265506e-02 1.000000000000000000e+00
DSC_8225.JPG_max_x: 522.105
DSC_8225.JPG_min_x: 193.424
DSC_8225.JPG_max_y: 831.471
DSC_8225.JPG_min_y: 274.484
DSC_8353.JPG_max_x: 1325.14
DSC_8353.JPG_min_x: 489.581
DSC_8353.JPG_max_y: 596.066
DSC_8353.JPG_min_y: 221.605
