6.731754009676069295e+00 1.249486588098475615e+01 1.294206065113709883e+03
4.885971394314764460e+00 2.246256250360982420e+01 -2.747110090845084756e+02
2.810908015522484323e-03 1.381446920857398383e-02 1.000000000000000000e+00
DSC_8227.JPG_max_x: 1076.6
DSC_8227.JPG_min_x: 24.4749
DSC_8227.JPG_max_y: 1055.77
DSC_8227.JPG_min_y: 282.168
DSC_8444.JPG_max_x: 1306.52
DSC_8444.JPG_min_x: 688.977
DSC_8444.JPG_max_y: 1539.75
DSC_8444.JPG_min_y: 1297.7
