-1.268646342626816725e+01 -4.654659492098475404e+00 7.743208123261073524e+03
8.980646793142568196e-01 -1.641792991029551985e+01 1.832937231692873320e+04
6.296205411197798498e-04 -5.496735483705321446e-03 1.000000000000000000e+00
DSC_8448.JPG_max_x: 709.058
DSC_8448.JPG_min_x: 93.7257
DSC_8448.JPG_max_y: 1916.89
DSC_8448.JPG_min_y: 1180.02
DSC_8465.JPG_max_x: 1292.38
DSC_8465.JPG_min_x: 60.5276
DSC_8465.JPG_max_y: 1380.87
DSC_8465.JPG_min_y: 88.7548
