-3.785814005995125076e-01 2.229826562577566229e-01 2.249719388153396835e+02
-1.655113172134705435e+00 1.204929008188611039e+00 -7.087784794235605546e+01
-1.363446996530080606e-03 1.345808534784633610e-04 1.000000000000000000e+00
DSC_8250.JPG_max_x: 1199.58
DSC_8250.JPG_min_x: 26.9108
DSC_8250.JPG_max_y: 1299.3
DSC_8250.JPG_min_y: 503.334
DSC_8280.JPG_max_x: 1172.0
DSC_8280.JPG_min_x: 16.4773
DSC_8280.JPG_max_y: 1528.62
DSC_8280.JPG_min_y: 447.266
