8.311298647394156358e-01 -1.503783651239725960e-01 1.879093185816410028e+02
2.448624209502495153e-01 3.537052894976155937e-01 1.058924193262957942e+03
1.378407450244468070e-04 -2.440016953253749520e-04 1.000000000000000000e+00
DSC_8425.JPG_max_x: 1314.09
DSC_8425.JPG_min_x: 30.5353
DSC_8425.JPG_max_y: 868.958
DSC_8425.JPG_min_y: 19.2135
DSC_8440.JPG_max_x: 1118.29
DSC_8440.JPG_min_x: 107.865
DSC_8440.JPG_max_y: 1735.19
DSC_8440.JPG_min_y: 1170.43
