3.260785643449699012e-01 -1.528926233806312762e+00 9.203820080334664908e+02
-5.913856309198441824e-02 -5.203495451597437427e-01 5.812534511887528197e+02
-3.230723418085315515e-04 -1.165768124748425968e-03 1.000000000000000000e+00
DSC_8297.JPG_max_x: 436.712
DSC_8297.JPG_min_x: 56.7834
DSC_8297.JPG_max_y: 582.387
DSC_8297.JPG_min_y: 106.307
DSC_8443.JPG_max_x: 1171.67
DSC_8443.JPG_min_x: 177.887
DSC_8443.JPG_max_y: 858.459
DSC_8443.JPG_min_y: 565.223
