1.362315640044312604e+00 -8.611644661141790516e-03 -2.084483686569195129e+02
-8.912989156445888517e-02 1.474720779772743739e+00 -6.697194207261826477e+02
-1.230862507645241158e-04 5.806465366229703810e-05 1.000000000000000000e+00
DSC_8400.JPG_max_x: 850.943
DSC_8400.JPG_min_x: 224.783
DSC_8400.JPG_max_y: 1824.87
DSC_8400.JPG_min_y: 1006.92
DSC_8418.JPG_max_x: 995.164
DSC_8418.JPG_min_x: 47.776
DSC_8418.JPG_max_y: 1871.72
DSC_8418.JPG_min_y: 771.549
