3.324169028401302017e-01 -3.099909122771573808e-02 8.906555802639732065e+02
-2.455129046236352863e-01 5.005296118957472951e-01 7.597309296356295363e+02
-2.022679876041363087e-04 -4.773738645066852445e-05 1.000000000000000000e+00
DSC_8256.JPG_max_x: 641.19
DSC_8256.JPG_min_x: 109.723
DSC_8256.JPG_max_y: 1769.2
DSC_8256.JPG_min_y: 661.094
DSC_8466.JPG_max_x: 1318.77
DSC_8466.JPG_min_x: 979.201
DSC_8466.JPG_max_y: 1830.79
DSC_8466.JPG_min_y: 1120.07
