-7.287123372748832706e-01 -4.980606087665764847e-01 1.083620927036375178e+03
-9.567907403934580168e-01 -1.276942029248026023e+00 1.168354764223327493e+03
-1.218384889057097780e-03 -4.721653730890315419e-04 1.000000000000000000e+00
DSC_8197.JPG_max_x: 1321.87
DSC_8197.JPG_min_x: 846.622
DSC_8197.JPG_max_y: 1070.49
DSC_8197.JPG_min_y: 350.512
DSC_8363.JPG_max_x: 222.34
DSC_8363.JPG_min_x: 8.42338
DSC_8363.JPG_max_y: 1832.24
DSC_8363.JPG_min_y: 723.714
