2.324438697292990907e-01 -5.018930253886746268e-02 2.875546199150905977e+02
-4.126086589724847070e-02 3.592191558973386045e-01 -3.253203394236314239e+02
-2.389348616038074245e-04 -1.214853846245563998e-04 1.000000000000000000e+00
DSC_8256.JPG_max_x: 1166.92
DSC_8256.JPG_min_x: 122.765
DSC_8256.JPG_max_y: 1769.2
DSC_8256.JPG_min_y: 1169.13
DSC_8473.JPG_max_x: 855.404
DSC_8473.JPG_min_x: 207.305
DSC_8473.JPG_max_y: 428.581
DSC_8473.JPG_min_y: 70.925
