-4.147816736578826102e+00 2.638220451093339358e-01 1.164952791071919364e+03
-2.734071364022510053e+00 8.404351159364236157e-01 2.976785322844036159e+02
-3.967173678953518461e-03 3.403640738703058778e-04 1.000000000000000000e+00
DSC_8325.JPG_max_x: 360.762
DSC_8325.JPG_min_x: 15.0606
DSC_8325.JPG_max_y: 838.701
DSC_8325.JPG_min_y: 456.773
DSC_8445.JPG_max_x: 1205.95
DSC_8445.JPG_min_x: 787.982
DSC_8445.JPG_max_y: 880.143
DSC_8445.JPG_min_y: 545.629
