3.772323982127872455e+00 -8.043744401449565151e-01 -3.239051267887637550e+03
4.940376074127049932e+00 -1.543320254884084086e+00 -2.673178096150654255e+03
3.516105703832025052e-03 -3.466689047201779172e-03 1.000000000000000000e+00
DSC_8198.JPG_max_x: 1317.39
DSC_8198.JPG_min_x: 20.8242
DSC_8198.JPG_max_y: 1796.59
DSC_8198.JPG_min_y: 795.203
DSC_8350.JPG_max_x: 1302.72
DSC_8350.JPG_min_x: 246.093
DSC_8350.JPG_max_y: 1394.66
DSC_8350.JPG_min_y: 775.071
