2.132712172972625275e+00 -2.359511193149372577e-01 -4.241976545090582817e+02
-1.802904379188083328e-01 1.682333513223030153e+00 -6.324930824868288255e+02
-1.373099633449318844e-04 -4.195227007767492102e-04 1.000000000000000000e+00
DSC_8350.JPG_max_x: 573.792
DSC_8350.JPG_min_x: 307.097
DSC_8350.JPG_max_y: 1011.12
DSC_8350.JPG_min_y: 772.232
DSC_8464.JPG_max_x: 1086.23
DSC_8464.JPG_min_x: 24.1371
DSC_8464.JPG_max_y: 1925.49
DSC_8464.JPG_min_y: 951.368
