3.876377636565642160e-01 -3.336690557835648996e-02 7.914588583427841968e+02
-4.529496052185087024e-02 1.213111058676270115e+00 -1.458879688355615144e+03
-7.911697687406526102e-04 1.720129992356493891e-04 1.000000000000000000e+00
DSC_8264.JPG_max_x: 405.028
DSC_8264.JPG_min_x: 19.7363
DSC_8264.JPG_max_y: 1782.96
DSC_8264.JPG_min_y: 1312.09
DSC_8279.JPG_max_x: 943.281
DSC_8279.JPG_min_x: 600.588
DSC_8279.JPG_max_y: 567.663
DSC_8279.JPG_min_y: 104.478
