-2.112247883454853870e-01 -7.320795145846399343e-01 1.246288069846345479e+03
-6.838875215599162782e-01 -4.969992318102993134e-01 1.005343651567429106e+03
-3.141690031783666887e-04 -5.727100564800218689e-04 9.999999999999998890e-01
DSC_8224.JPG_max_x: 387.029
DSC_8224.JPG_min_x: 7.4341
DSC_8224.JPG_max_y: 1627.1
DSC_8224.JPG_min_y: 733.609
DSC_8446.JPG_max_x: 1323.23
DSC_8446.JPG_min_x: 511.293
DSC_8446.JPG_max_y: 1331.07
DSC_8446.JPG_min_y: 982.591
