7.963738817681721427e-01 -1.072673793012303006e-01 -3.105879134383320093e+02
1.296631282190055523e-01 5.990506050826518436e-01 7.687263298043891382e+02
8.232593556418702960e-05 -1.399634058179225350e-04 1.000000000000000000e+00
DSC_8386.JPG_max_x: 909.279
DSC_8386.JPG_min_x: 443.784
DSC_8386.JPG_max_y: 1289.78
DSC_8386.JPG_min_y: 94.7625
DSC_8402.JPG_max_x: 381.138
DSC_8402.JPG_min_x: 10.9995
DSC_8402.JPG_max_y: 1861.38
DSC_8402.JPG_min_y: 888.205
