1.664508751654184993e+00 -3.992209035171117026e-01 6.792489183046000107e+02
4.327131945574869687e-01 4.576802609856224224e-01 1.537804855882258437e+02
8.391372306890764561e-04 -4.313449115115378075e-04 1.000000000000000000e+00
DSC_8209.JPG_max_x: 933.834
DSC_8209.JPG_min_x: 128.585
DSC_8209.JPG_max_y: 1015.76
DSC_8209.JPG_min_y: 314.405
DSC_8323.JPG_max_x: 1331.75
DSC_8323.JPG_min_x: 757.582
DSC_8323.JPG_max_y: 794.307
DSC_8323.JPG_min_y: 375.223
