1.180967181142361877e+00 1.631171304479108186e-01 6.290207731614796671e+01
3.828650469657139399e-01 1.112465849142508567e+00 2.826527868887924910e+02
3.174816764367619556e-04 1.850070705080383989e-04 1.000000000000000000e+00
DSC_8222.JPG_max_x: 1301.61
DSC_8222.JPG_min_x: 176.159
DSC_8222.JPG_max_y: 1865.6
DSC_8222.JPG_min_y: 778.139
DSC_8396.JPG_max_x: 1086.5
DSC_8396.JPG_min_x: 381.41
DSC_8396.JPG_max_y: 1638.52
DSC_8396.JPG_min_y: 1050.15
