8.065223075357231819e-01 7.021367763702704989e-01 -2.023196410014247704e+02
-3.360619137775474607e-01 1.013459110562747290e+00 -5.790960519526929602e+02
-6.042322902835500298e-04 2.427168510758056673e-04 1.000000000000000000e+00
DSC_8202.JPG_max_x: 653.989
DSC_8202.JPG_min_x: 97.1533
DSC_8202.JPG_max_y: 1510.2
DSC_8202.JPG_min_y: 956.763
DSC_8415.JPG_max_x: 1318.57
DSC_8415.JPG_min_x: 496.903
DSC_8415.JPG_max_y: 713.137
DSC_8415.JPG_min_y: 254.729
