6.057188020211238255e-01 4.971854855400840156e-01 -3.795673237200501262e+02
-4.848616276823841109e-01 1.487461865117383208e+00 3.999811966713068614e+02
-3.915956980251988472e-04 3.590720648419439280e-04 1.000000000000000000e+00
DSC_8231.JPG_max_x: 1323.11
DSC_8231.JPG_min_x: 675.558
DSC_8231.JPG_max_y: 1069.52
DSC_8231.JPG_min_y: 142.439
DSC_8329.JPG_max_x: 1086.79
DSC_8329.JPG_min_x: 206.24
DSC_8329.JPG_max_y: 1565.21
DSC_8329.JPG_min_y: 316.889
