1.574620022609857783e-01 -1.098740362914498503e+00 1.220132800645330008e+03
-5.716010506699977789e-01 -3.617333670908468024e-01 6.487550023591995796e+02
-1.099870515184816897e-04 -8.608904175673147158e-04 1.000000000000000000e+00
DSC_8336.JPG_max_x: 705.968
DSC_8336.JPG_min_x: 6.43509
DSC_8336.JPG_max_y: 1346.58
DSC_8336.JPG_min_y: 604.8
DSC_8448.JPG_max_x: 1308.97
DSC_8448.JPG_min_x: 649.84
DSC_8448.JPG_max_y: 1217.31
DSC_8448.JPG_min_y: 780.161
