7.956624301663905996e-01 -2.318343472790217533e-02 4.337042286018415211e+02
2.447443577315744356e-01 2.287593865076339161e-01 1.118293941285721303e+03
1.923788476176042450e-04 -2.154416822186171556e-04 1.000000000000000000e+00
DSC_8243.JPG_max_x: 1246.54
DSC_8243.JPG_min_x: 410.723
DSC_8243.JPG_max_y: 780.174
DSC_8243.JPG_min_y: 56.8089
DSC_8274.JPG_max_x: 1189.23
DSC_8274.JPG_min_x: 767.903
DSC_8274.JPG_max_y: 1497.67
DSC_8274.JPG_min_y: 1157.49
