-2.385416105915418306e-01 -3.159067820573122770e-02 3.190707644239525393e+02
-1.214969474457772147e+00 -7.296641676339206128e-01 1.926055295388771810e+03
-8.355756035028941110e-04 -2.800319743636883957e-04 1.000000000000000000e+00
DSC_8198.JPG_max_x: 1318.02
DSC_8198.JPG_min_x: 126.131
DSC_8198.JPG_max_y: 1638.19
DSC_8198.JPG_min_y: 814.757
DSC_8220.JPG_max_x: 1112.18
DSC_8220.JPG_min_x: 13.8627
DSC_8220.JPG_max_y: 1543.75
DSC_8220.JPG_min_y: 803.713
