1.312300579091143682e+01 2.667341298053419685e+00 -8.361826638173111860e+03
2.372148149335437661e-01 1.571367784174258375e+01 -1.896854192619011883e+04
-2.397674160569911292e-04 4.473469005445564022e-03 9.999999999999998890e-01
DSC_8416.JPG_max_x: 1122.28
DSC_8416.JPG_min_x: 517.023
DSC_8416.JPG_max_y: 1852.88
DSC_8416.JPG_min_y: 1204.48
DSC_8449.JPG_max_x: 1306.79
DSC_8449.JPG_min_x: 309.674
DSC_8449.JPG_max_y: 1162.03
DSC_8449.JPG_min_y: 30.4309
