7.846432228840235501e-01 -1.967107994583462346e-02 1.063417265263473439e+02
-1.638958716642120728e-01 9.460037201943051199e-01 7.497413822545875917e+01
-1.849290469390457671e-04 -1.718985924769376279e-05 1.000000000000000000e+00
DSC_8246.JPG_max_x: 1188.88
DSC_8246.JPG_min_x: 10.4258
DSC_8246.JPG_max_y: 1635.05
DSC_8246.JPG_min_y: 533.667
DSC_8312.JPG_max_x: 1325.05
DSC_8312.JPG_min_x: 64.1377
DSC_8312.JPG_max_y: 1871.48
DSC_8312.JPG_min_y: 521.151
