2.346012565585111176e+00 7.371692427043220475e-01 -2.179512685420655998e+03
-2.606037807490826919e-01 3.146062324815801503e+00 -2.827506383941321019e+03
-2.791074766469360145e-04 8.345926180914612540e-04 1.000000000000000000e+00
DSC_8216.JPG_max_x: 1307.75
DSC_8216.JPG_min_x: 571.292
DSC_8216.JPG_max_y: 1939.48
DSC_8216.JPG_min_y: 1024.42
DSC_8331.JPG_max_x: 1052.12
DSC_8331.JPG_min_x: 104.373
DSC_8331.JPG_max_y: 1274.33
DSC_8331.JPG_min_y: 81.9449
