-6.300239323025600413e+00 -2.342439838521361839e-01 6.469915804683732858e+03
-5.940348893749948900e+00 -5.530779194963940881e+00 7.436800825369926315e+03
-5.396149640858663270e-03 -6.357248169725988928e-04 1.000000000000000000e+00
DSC_8380.JPG_max_x: 1326.81
DSC_8380.JPG_min_x: 961.721
DSC_8380.JPG_max_y: 1747.78
DSC_8380.JPG_min_y: 1099.93
DSC_8394.JPG_max_x: 313.441
DSC_8394.JPG_min_x: 8.02977
DSC_8394.JPG_max_y: 1456.37
DSC_8394.JPG_min_y: 913.921
