6.850903137091908235e-01 1.952776256141685041e-01 -3.748178708406562691e+02
4.494475651066769384e-01 1.177792529906522903e-02 8.475357804759721603e+02
4.130828722521538059e-04 -2.861394953276803267e-04 1.000000000000000000e+00
DSC_8204.JPG_max_x: 1198.33
DSC_8204.JPG_min_x: 300.856
DSC_8204.JPG_max_y: 1902.5
DSC_8204.JPG_min_y: 1528.24
DSC_8226.JPG_max_x: 745.19
DSC_8226.JPG_min_x: 179.661
DSC_8226.JPG_max_y: 1666.21
DSC_8226.JPG_min_y: 1348.62
