7.066021347142061870e-01 -1.393604544328543859e-01 -2.305538101042826327e+02
2.503111105286254245e-02 4.440893896827244891e-01 9.994591821903454729e+02
-2.440895298789662866e-05 -2.707995646354986827e-04 9.999999999999998890e-01
DSC_8263.JPG_max_x: 1306.05
DSC_8263.JPG_min_x: 540.212
DSC_8263.JPG_max_y: 881.528
DSC_8263.JPG_min_y: 14.6879
DSC_8298.JPG_max_x: 757.824
DSC_8298.JPG_min_x: 69.1824
DSC_8298.JPG_max_y: 1976.23
DSC_8298.JPG_min_y: 1057.27
