-4.067146753606060372e+00 4.707731154639519522e-01 6.222651868664739823e+02
-1.003528127513161339e+00 1.855893233004963228e-01 5.193452151728525479e+01
-5.014881539097081758e-03 4.368095205157759061e-04 1.000000000000000000e+00
DSC_8314.JPG_max_x: 379.617
DSC_8314.JPG_min_x: 102.973
DSC_8314.JPG_max_y: 1949.76
DSC_8314.JPG_min_y: 770.027
DSC_8279.JPG_max_x: 941.868
DSC_8279.JPG_min_x: 602.513
DSC_8279.JPG_max_y: 498.364
DSC_8279.JPG_min_y: 127.376
