7.869872832875235424e-01 -7.140362473384301301e-02 8.552251252247714319e+01
2.140476953500230484e-01 5.610452152404653559e-01 4.478517822633994001e+02
2.037221991597982032e-04 -1.049356786286523210e-04 1.000000000000000000e+00
DSC_8318.JPG_max_x: 1295.26
DSC_8318.JPG_min_x: 133.849
DSC_8318.JPG_max_y: 1735.2
DSC_8318.JPG_min_y: 476.502
DSC_8432.JPG_max_x: 885.601
DSC_8432.JPG_min_x: 140.133
DSC_8432.JPG_max_y: 1577.13
DSC_8432.JPG_min_y: 788.096
