1.407784440748463206e+00 -3.279631212487625902e-01 -2.069900602638845299e+01
3.364021479630851519e-01 8.107891958562674084e-01 1.166382423687020037e+03
3.096079954782738068e-04 -2.619212032939160725e-04 1.000000000000000000e+00
DSC_8199.JPG_max_x: 889.263
DSC_8199.JPG_min_x: 149.524
DSC_8199.JPG_max_y: 594.418
DSC_8199.JPG_min_y: 157.015
DSC_8348.JPG_max_x: 960.633
DSC_8348.JPG_min_x: 78.9665
DSC_8348.JPG_max_y: 1889.07
DSC_8348.JPG_min_y: 1291.86
