1.384733455312045614e+00 -1.690929381692427361e-02 -3.158259562888929963e+02
1.154428260192024852e-01 1.343953452995501952e+00 -5.042525604814684357e+02
8.205418141706238670e-05 1.687434626561516103e-05 1.000000000000000000e+00
DSC_8416.JPG_max_x: 1313.06
DSC_8416.JPG_min_x: 344.973
DSC_8416.JPG_max_y: 1856.56
DSC_8416.JPG_min_y: 944.011
DSC_8432.JPG_max_x: 1314.87
DSC_8432.JPG_min_x: 134.442
DSC_8432.JPG_max_y: 1907.7
DSC_8432.JPG_min_y: 769.617
