-6.757210042415263684e-01 -2.219085840164419093e-02 7.843634597930069958e+02
-8.348278195339107199e-01 -5.743405613179630720e-01 1.290234758705982586e+03
-9.307658942066634241e-04 -1.279736746056874767e-04 1.000000000000000000e+00
DSC_8198.JPG_max_x: 1316.63
DSC_8198.JPG_min_x: 663.424
DSC_8198.JPG_max_y: 1152.45
DSC_8198.JPG_min_y: 773.808
DSC_8432.JPG_max_x: 1083.43
DSC_8432.JPG_min_x: 148.617
DSC_8432.JPG_max_y: 1373.83
DSC_8432.JPG_min_y: 784.146
