-2.404080716569800824e-01 1.827528602422273662e-02 1.539987429380371111e+02
-1.666012244292812028e+00 1.173233760809345855e-01 1.091787709846615144e+03
-1.519689228504895843e-03 1.034441191390876548e-04 1.000000000000000000e+00
DSC_8420.JPG_max_x: 866.953
DSC_8420.JPG_min_x: 676.674
DSC_8420.JPG_max_y: 1961.59
DSC_8420.JPG_min_y: 988.006
DSC_8436.JPG_max_x: 544.295
DSC_8436.JPG_min_x: 20.6103
DSC_8436.JPG_max_y: 1917.8
DSC_8436.JPG_min_y: 1013.01
