7.271408499779000723e-01 -2.314932374731399137e-02 3.518308878314435333e+02
1.557578881402056914e-01 6.182172384555496558e-01 3.502997377678497628e+02
1.403156302033847986e-04 -2.566718592466655209e-05 1.000000000000000000e+00
DSC_8206.JPG_max_x: 963.563
DSC_8206.JPG_min_x: 338.731
DSC_8206.JPG_max_y: 1927.53
DSC_8206.JPG_min_y: 114.578
DSC_8340.JPG_max_x: 926.603
DSC_8340.JPG_min_x: 563.917
DSC_8340.JPG_max_y: 1576.33
DSC_8340.JPG_min_y: 507.808
