1.441953201943629859e+00 1.163129273817733456e-01 -2.343464164824931970e+02
-7.298074569962488545e-02 1.464452337149789729e+00 -1.213362402020724403e+03
1.110241684524763210e-07 5.706794896413764850e-06 1.000000000000000000e+00
DSC_8218.JPG_max_x: 825.0
DSC_8218.JPG_min_x: 55.8656
DSC_8218.JPG_max_y: 1870.38
DSC_8218.JPG_min_y: 645.888
DSC_8333.JPG_max_x: 1148.89
DSC_8333.JPG_min_x: 44.1831
DSC_8333.JPG_max_y: 1430.56
DSC_8333.JPG_min_y: 64.6425
