6.000813709085353054e-01 -7.660003382513863590e-02 6.085056897156961213e+02
-4.155677190089787643e-02 8.589420411784609577e-01 2.641267834125240483e+02
-1.038189512867601676e-04 -6.853117315150009429e-05 1.000000000000000000e+00
DSC_8330.JPG_max_x: 953.216
DSC_8330.JPG_min_x: 153.721
DSC_8330.JPG_max_y: 1568.09
DSC_8330.JPG_min_y: 584.644
DSC_8438.JPG_max_x: 1313.92
DSC_8438.JPG_min_x: 152.134
DSC_8438.JPG_max_y: 1847.1
DSC_8438.JPG_min_y: 820.514
