6.788373148895384679e-01 -2.040305670156100648e-01 1.837147550076877565e+02
2.292188931839413482e-02 4.518035817440472779e-01 9.558876895862855463e+02
-1.700904888494441462e-05 -1.727792809716884547e-04 9.999999999999998890e-01
DSC_8311.JPG_max_x: 1285.06
DSC_8311.JPG_min_x: 36.6227
DSC_8311.JPG_max_y: 867.564
DSC_8311.JPG_min_y: 349.604
DSC_8456.JPG_max_x: 1088.0
DSC_8456.JPG_min_x: 107.911
DSC_8456.JPG_max_y: 1658.93
DSC_8456.JPG_min_y: 1241.14
