3.493409681119364674e+00 7.991608223527379984e-01 -2.251597318788456050e+03
1.779690278977613151e-03 4.178644721535389017e+00 -3.735917914931867017e+03
2.266472575241221580e-04 1.419018357278309991e-03 9.999999999999998890e-01
DSC_8292.JPG_max_x: 1307.3
DSC_8292.JPG_min_x: 420.058
DSC_8292.JPG_max_y: 1363.99
DSC_8292.JPG_min_y: 957.258
DSC_8307.JPG_max_x: 1096.22
DSC_8307.JPG_min_x: 79.9508
DSC_8307.JPG_max_y: 637.814
DSC_8307.JPG_min_y: 104.62
