1.142204390034119443e+00 5.164254126685037249e-01 -1.204699992217003455e+03
-2.435688692038660494e-02 1.283183258731258380e+00 5.438680705527295345e+01
-1.373893630672596829e-04 1.886853539591434219e-04 1.000000000000000000e+00
DSC_8347.JPG_max_x: 1326.76
DSC_8347.JPG_min_x: 802.646
DSC_8347.JPG_max_y: 1044.11
DSC_8347.JPG_min_y: 127.731
DSC_8421.JPG_max_x: 602.643
DSC_8421.JPG_min_x: 8.59178
DSC_8421.JPG_max_y: 1318.11
DSC_8421.JPG_min_y: 224.71
