6.783242539830033335e-01 1.522478575979259452e-01 4.751495109096035776e+02
-1.367032519185491513e-01 1.505042103030924672e+00 1.396208078434683785e+03
-9.318626315932165729e-05 4.581941957430915330e-04 1.000000000000000000e+00
DSC_8221.JPG_max_x: 988.722
DSC_8221.JPG_min_x: 95.6319
DSC_8221.JPG_max_y: 422.848
DSC_8221.JPG_min_y: 170.016
DSC_8378.JPG_max_x: 1155.58
DSC_8378.JPG_min_x: 499.758
DSC_8378.JPG_max_y: 1713.12
DSC_8378.JPG_min_y: 1542.01
