-5.194982058479405973e-01 -1.775901995549740708e-01 7.266887395672713410e+02
-4.653470436171366909e-02 -2.883685970263412668e-01 3.365947659660072873e+02
-6.772601176518033969e-04 -3.428229255196101207e-04 1.000000000000000000e+00
DSC_8218.JPG_max_x: 1327.99
DSC_8218.JPG_min_x: 342.845
DSC_8218.JPG_max_y: 1181.72
DSC_8218.JPG_min_y: 804.1
DSC_8417.JPG_max_x: 737.045
DSC_8417.JPG_min_x: 307.511
DSC_8417.JPG_max_y: 303.561
DSC_8417.JPG_min_y: 12.3528
