5.054264787122005886e-01 -2.285096509418871880e-01 1.326484405503162805e+02
-1.800641643680806203e-01 5.171476043923497468e-01 4.818120279706812426e+02
-9.438309313044501378e-05 -1.557751683976878892e-04 1.000000000000000000e+00
DSC_8226.JPG_max_x: 1236.23
DSC_8226.JPG_min_x: 541.209
DSC_8226.JPG_max_y: 1791.22
DSC_8226.JPG_min_y: 386.36
DSC_8340.JPG_max_x: 816.561
DSC_8340.JPG_min_x: 11.7752
DSC_8340.JPG_max_y: 1929.15
DSC_8340.JPG_min_y: 558.224
