7.057338622557703944e-01 -2.535256776399300582e-01 5.336276915365779132e+02
2.960928861245217814e-01 5.088215399757237689e-01 4.323182076409531760e+02
1.226751379833984840e-05 -2.394687071508041457e-04 1.000000000000000000e+00
DSC_8310.JPG_max_x: 564.079
DSC_8310.JPG_min_x: 177.528
DSC_8310.JPG_max_y: 1468.47
DSC_8310.JPG_min_y: 479.258
DSC_8426.JPG_max_x: 858.582
DSC_8426.JPG_min_x: 568.944
DSC_8426.JPG_max_y: 1979.58
DSC_8426.JPG_min_y: 821.796
