4.899583025065343378e+00 1.089867871830368262e+00 -4.212696864375505356e+03
8.991625268579716002e-01 5.566934861021739955e+00 -3.230511819647678749e+03
8.679349659858064288e-04 1.141360413104619423e-03 1.000000000000000000e+00
DSC_8198.JPG_max_x: 1317.39
DSC_8198.JPG_min_x: 697.903
DSC_8198.JPG_max_y: 1193.28
DSC_8198.JPG_min_y: 780.89
DSC_8234.JPG_max_x: 1009.8
DSC_8234.JPG_min_x: 46.1289
DSC_8234.JPG_max_y: 1326.35
DSC_8234.JPG_min_y: 764.642
