2.619577877460033677e-01 -1.998259422829745946e-01 2.263223001471029932e+02
3.819395324522742441e-01 -3.032675594792188511e-01 3.344133522687118898e+02
6.318498215057098948e-04 -7.486336082706356422e-04 1.000000000000000000e+00
DSC_8208.JPG_max_x: 1137.65
DSC_8208.JPG_min_x: 485.486
DSC_8208.JPG_max_y: 1990.06
DSC_8208.JPG_min_y: 1530.52
DSC_8369.JPG_max_x: 1162.6
DSC_8369.JPG_min_x: 151.467
DSC_8369.JPG_max_y: 1257.21
DSC_8369.JPG_min_y: 461.988
