3.094830715448041225e+00 5.172483965773726489e-01 -6.749143092921680136e+02
-1.480166244848574453e-01 3.494284336703144866e+00 -4.606667701930322210e+02
-1.711222269004262424e-04 9.285935380606816399e-04 9.999999999999998890e-01
DSC_8433.JPG_max_x: 653.031
DSC_8433.JPG_min_x: 167.751
DSC_8433.JPG_max_y: 495.567
DSC_8433.JPG_min_y: 194.064
DSC_8465.JPG_max_x: 1207.87
DSC_8465.JPG_min_x: 69.3614
DSC_8465.JPG_max_y: 861.797
DSC_8465.JPG_min_y: 126.835
