8.089934280275200562e-01 -7.813835800610054172e-02 2.350471304667922539e+02
1.401423266847849104e-02 7.392055590646869900e-01 1.309895078164123561e+02
2.656336222580595285e-05 -8.165294103686446389e-05 1.000000000000000000e+00
DSC_8351.JPG_max_x: 1267.33
DSC_8351.JPG_min_x: 175.881
DSC_8351.JPG_max_y: 897.4
DSC_8351.JPG_min_y: 8.69561
DSC_8399.JPG_max_x: 1220.94
DSC_8399.JPG_min_x: 361.779
DSC_8399.JPG_max_y: 852.553
DSC_8399.JPG_min_y: 142.842
