-1.233977059842645607e+00 -4.920168043756742993e-01 1.137619542019092023e+03
-1.024229908648109921e+00 4.112765916837902158e-01 5.562094076236787714e+02
-1.130961296966578270e-03 -3.496420088985344675e-04 1.000000000000000000e+00
DSC_8233.JPG_max_x: 731.928
DSC_8233.JPG_min_x: 37.6604
DSC_8233.JPG_max_y: 1016.88
DSC_8233.JPG_min_y: 150.739
DSC_8361.JPG_max_x: 1307.94
DSC_8361.JPG_min_x: 149.155
DSC_8361.JPG_max_y: 1611.17
DSC_8361.JPG_min_y: 215.883
