8.009858769968429826e-01 2.349162418915244979e-02 7.386184471594763181e+02
-1.659977861847882208e-01 1.303199523673949090e+00 1.514094283296533604e+03
-1.614812087254908243e-04 3.654694716320658603e-04 1.000000000000000000e+00
DSC_8293.JPG_max_x: 648.547
DSC_8293.JPG_min_x: 83.3051
DSC_8293.JPG_max_y: 756.105
DSC_8293.JPG_min_y: 77.7891
DSC_8466.JPG_max_x: 1289.81
DSC_8466.JPG_min_x: 618.504
DSC_8466.JPG_max_y: 1865.33
DSC_8466.JPG_min_y: 1574.78
