6.651925946436271220e-01 -2.277279776162219604e-01 -9.734048637273616578e+01
-6.705293241607997168e-02 9.641842597453469110e-02 9.775144416207665472e+02
-5.871817926619235403e-05 -4.212482694551018293e-04 1.000000000000000000e+00
DSC_8261.JPG_max_x: 1209.35
DSC_8261.JPG_min_x: 368.393
DSC_8261.JPG_max_y: 659.081
DSC_8261.JPG_min_y: 175.947
DSC_8296.JPG_max_x: 780.084
DSC_8296.JPG_min_x: 115.741
DSC_8296.JPG_max_y: 1450.47
DSC_8296.JPG_min_y: 1068.35
