1.448683747851649661e+00 -3.043433843613176926e-01 7.353443575974205260e+02
-1.588294606552263233e-01 1.144882295097901181e+00 -3.553682703842577553e+02
-1.663674410727493164e-04 -5.495739345915289550e-05 1.000000000000000000e+00
DSC_8400.JPG_max_x: 288.577
DSC_8400.JPG_min_x: 19.8599
DSC_8400.JPG_max_y: 1681.54
DSC_8400.JPG_min_y: 921.677
DSC_8420.JPG_max_x: 892.076
DSC_8420.JPG_min_x: 310.091
DSC_8420.JPG_max_y: 1725.95
DSC_8420.JPG_min_y: 737.796
