2.551675236265195656e-01 6.944297521092594738e-02 9.652546532011963336e+02
-2.978840261897131025e-01 7.615163314038388975e-01 1.952278126562134730e+02
-3.754844494756580668e-04 1.163745495532602601e-04 1.000000000000000000e+00
DSC_8256.JPG_max_x: 641.19
DSC_8256.JPG_min_x: 43.0051
DSC_8256.JPG_max_y: 1972.6
DSC_8256.JPG_min_y: 656.966
DSC_8320.JPG_max_x: 1331.56
DSC_8320.JPG_min_x: 930.738
DSC_8320.JPG_max_y: 1452.64
DSC_8320.JPG_min_y: 630.538
