2.113436502392815441e+01 -2.654456586655773975e+01 4.576971836440950028e+03
1.612208568720699020e+01 -1.667849752270771901e+01 1.781496013565613566e+03
2.728563476012192332e-02 -2.552222107764603315e-02 1.000000000000000000e+00
DSC_8253.JPG_max_x: 556.353
DSC_8253.JPG_min_x: 17.9312
DSC_8253.JPG_max_y: 867.819
DSC_8253.JPG_min_y: 509.043
DSC_8417.JPG_max_x: 1167.81
DSC_8417.JPG_min_x: 354.182
DSC_8417.JPG_max_y: 639.483
DSC_8417.JPG_min_y: 157.646
