9.309028503725050863e-01 -1.476333157306220223e-01 8.150646319873554546e+01
-1.342364156758521776e-01 1.140940082506014530e+00 1.518342223665334529e+02
-1.282083767691851763e-04 8.169813639463602620e-05 1.000000000000000000e+00
DSC_8338.JPG_max_x: 1234.45
DSC_8338.JPG_min_x: 65.6457
DSC_8338.JPG_max_y: 1665.2
DSC_8338.JPG_min_y: 820.294
DSC_8368.JPG_max_x: 1119.87
DSC_8368.JPG_min_x: 3.90275
DSC_8368.JPG_max_y: 1931.5
DSC_8368.JPG_min_y: 1031.41
