1.284392633985074994e+01 -3.483585019900663493e+00 1.119506785611399891e+03
8.082195063812450897e+00 -5.655736033157092280e+00 7.081557069930135185e+03
1.330021195606145325e-02 -3.047453027659731591e-03 1.000000000000000000e+00
DSC_8376.JPG_max_x: 734.784
DSC_8376.JPG_min_x: 23.916
DSC_8376.JPG_max_y: 1850.48
DSC_8376.JPG_min_y: 216.647
DSC_8403.JPG_max_x: 1310.34
DSC_8403.JPG_min_x: 1015.66
DSC_8403.JPG_max_y: 1181.42
DSC_8403.JPG_min_y: 447.949
