1.623603168984427692e+00 4.770884381810145403e-01 -8.866917674471592363e+02
-5.754771432868661246e-02 1.806047027520259141e+00 -1.870560998207540706e+03
3.225421621444259676e-04 6.948971885264535473e-04 1.000000000000000000e+00
DSC_8334.JPG_max_x: 1275.42
DSC_8334.JPG_min_x: 418.335
DSC_8334.JPG_max_y: 1861.28
DSC_8334.JPG_min_y: 1059.37
DSC_8379.JPG_max_x: 768.965
DSC_8379.JPG_min_x: 196.32
DSC_8379.JPG_max_y: 538.885
DSC_8379.JPG_min_y: 4.39294
