9.961470193907365767e-01 7.684523359299447187e-02 -8.558271980648456179e+01
-6.605141080055444182e-03 8.517777018077513640e-01 7.672326639546216143e+01
6.347665134653253665e-05 -6.779855765196317113e-05 1.000000000000000000e+00
DSC_8367.JPG_max_x: 1320.7
DSC_8367.JPG_min_x: 46.1185
DSC_8367.JPG_max_y: 1061.14
DSC_8367.JPG_min_y: 166.611
DSC_8397.JPG_max_x: 1191.28
DSC_8397.JPG_min_x: 30.335
DSC_8397.JPG_max_y: 1039.47
DSC_8397.JPG_min_y: 207.447
