7.801104594282109339e+00 2.317471668636915449e+00 -2.064314700755923241e+03
-4.039569636889433490e-01 9.576541394393238704e+00 -9.775705118080886677e+03
1.856980366308291173e-05 2.228890031080822676e-03 1.000000000000000000e+00
DSC_8220.JPG_max_x: 523.042
DSC_8220.JPG_min_x: 18.9186
DSC_8220.JPG_max_y: 1717.84
DSC_8220.JPG_min_y: 1042.92
DSC_8319.JPG_max_x: 1251.11
DSC_8319.JPG_min_x: 177.337
DSC_8319.JPG_max_y: 1359.96
DSC_8319.JPG_min_y: 63.4736
