-2.049061991754851375e-01 -7.802439358223424160e-01 7.838667618942956778e+02
-7.918635827115767800e-02 -2.752119194431437155e-01 2.660464474471124277e+02
-4.380169277866449848e-04 -9.832340778855811619e-04 9.999999999999998890e-01
DSC_8273.JPG_max_x: 1115.11
DSC_8273.JPG_min_x: 107.226
DSC_8273.JPG_max_y: 1095.68
DSC_8273.JPG_min_y: 39.9959
DSC_8337.JPG_max_x: 1320.43
DSC_8337.JPG_min_x: 546.441
DSC_8337.JPG_max_y: 517.667
DSC_8337.JPG_min_y: 192.856
