4.734912161844309630e-01 9.070629440693140158e-03 -1.417771124349326861e+01
-2.095853686519017628e-02 3.099323587299819271e-01 3.266800990349055382e+02
-3.380784685074686582e-05 -3.912533031068384458e-04 1.000000000000000000e+00
DSC_8229.JPG_max_x: 1123.18
DSC_8229.JPG_min_x: 35.4356
DSC_8229.JPG_max_y: 845.479
DSC_8229.JPG_min_y: 62.8709
DSC_8311.JPG_max_x: 815.17
DSC_8311.JPG_min_x: 9.25403
DSC_8311.JPG_max_y: 877.995
DSC_8311.JPG_min_y: 315.411
