-5.338851887615586378e+00 7.743495938533998535e-01 1.333016064421473629e+03
-4.744358356885362227e+00 6.507565507612825817e-01 1.218770136517638775e+03
-4.032553566974449513e-03 5.919064469498975644e-04 1.000000000000000000e+00
DSC_8334.JPG_max_x: 507.203
DSC_8334.JPG_min_x: 381.377
DSC_8334.JPG_max_y: 1317.18
DSC_8334.JPG_min_y: 804.633
DSC_8450.JPG_max_x: 1323.62
DSC_8450.JPG_min_x: 1252.68
DSC_8450.JPG_max_y: 1447.4
DSC_8450.JPG_min_y: 993.166
