3.059664929128526611e-01 -1.407625688285252807e-01 5.180311720669755005e+02
-4.398522349800300657e-01 3.610229268783292644e-01 7.628324839220940703e+02
-3.726426195628565995e-04 -1.293647899873972792e-04 1.000000000000000000e+00
DSC_8210.JPG_max_x: 845.074
DSC_8210.JPG_min_x: 63.2732
DSC_8210.JPG_max_y: 1879.44
DSC_8210.JPG_min_y: 336.074
DSC_8382.JPG_max_x: 1097.86
DSC_8382.JPG_min_x: 360.144
DSC_8382.JPG_max_y: 1962.54
DSC_8382.JPG_min_y: 777.786
