1.017820963135114054e+00 7.311250424012770699e-01 3.127225353498659388e+03
-3.102230413845130208e+00 8.161689093878608858e+00 -3.726985567993745462e+03
-2.489236597950555095e-03 3.016931446753319708e-03 9.999999999999998890e-01
DSC_8210.JPG_max_x: 531.628
DSC_8210.JPG_min_x: 63.2732
DSC_8210.JPG_max_y: 1984.17
DSC_8210.JPG_min_y: 1540.4
DSC_8368.JPG_max_x: 1018.85
DSC_8368.JPG_min_x: 704.162
DSC_8368.JPG_max_y: 1905.55
DSC_8368.JPG_min_y: 1630.16
