-5.615447838675724501e-01 -1.916924992470349920e-01 8.221113105011945663e+02
-4.219801577294424177e-01 -6.860718582567267854e-01 1.131190362146176312e+03
-8.104961681799506112e-04 -2.161960520890177117e-04 1.000000000000000000e+00
DSC_8246.JPG_max_x: 1301.77
DSC_8246.JPG_min_x: 748.486
DSC_8246.JPG_max_y: 1691.19
DSC_8246.JPG_min_y: 819.49
DSC_8405.JPG_max_x: 1096.51
DSC_8405.JPG_min_x: 48.5354
DSC_8405.JPG_max_y: 1490.26
DSC_8405.JPG_min_y: 323.698
