7.556246434005913226e-01 2.416253605097458679e-01 -5.708416526654838208e+02
-1.175258971723737028e-01 7.311860365757848479e-01 2.157954017364803860e+02
-1.415929328977323805e-04 -3.004598975731302525e-05 1.000000000000000000e+00
DSC_8387.JPG_max_x: 1215.04
DSC_8387.JPG_min_x: 584.942
DSC_8387.JPG_max_y: 1970.27
DSC_8387.JPG_min_y: 317.729
DSC_8403.JPG_max_x: 878.139
DSC_8403.JPG_min_x: 9.48322
DSC_8403.JPG_max_y: 1909.03
DSC_8403.JPG_min_y: 403.384
