-2.829353979931208585e+01 2.517221131892334540e+00 1.306331590127191475e+03
-1.335753704511807527e+01 2.150971078990681740e+00 -4.475589116228376270e+02
-2.737280707609715882e-02 2.679649604515986407e-03 1.000000000000000000e+00
DSC_8200.JPG_max_x: 1205.36
DSC_8200.JPG_min_x: 104.682
DSC_8200.JPG_max_y: 1471.44
DSC_8200.JPG_min_y: 1069.72
DSC_8469.JPG_max_x: 1278.79
DSC_8469.JPG_min_x: 808.317
DSC_8469.JPG_max_y: 848.721
DSC_8469.JPG_min_y: 180.329
