3.369691551236511096e-01 -8.928987534609499066e-02 6.889172891050515091e+02
-1.527672841596728892e-01 5.230513407694665773e-01 2.707382421462334605e+02
-2.529981696858400243e-04 -2.171821493846852404e-05 1.000000000000000000e+00
DSC_8272.JPG_max_x: 1076.67
DSC_8272.JPG_min_x: 290.27
DSC_8272.JPG_max_y: 1678.13
DSC_8272.JPG_min_y: 664.187
DSC_8320.JPG_max_x: 1331.56
DSC_8320.JPG_min_x: 740.002
DSC_8320.JPG_max_y: 1329.03
DSC_8320.JPG_min_y: 630.538
