6.190694690927566768e+01 1.111599375447117843e+01 -1.754209166749962242e+04
-2.644209235596012952e+00 6.814592964370727657e+01 -6.146911567922767426e+04
-6.183334989400893211e-04 2.153545896940060878e-02 1.000000000000000000e+00
DSC_8264.JPG_max_x: 473.843
DSC_8264.JPG_min_x: 88.0909
DSC_8264.JPG_max_y: 1604.3
DSC_8264.JPG_min_y: 929.955
DSC_8421.JPG_max_x: 880.87
DSC_8421.JPG_min_x: 53.9205
DSC_8421.JPG_max_y: 1324.68
DSC_8421.JPG_min_y: 48.8728
