2.855197080866642700e+00 9.907318661387640724e-01 -1.578769668486308092e+03
-2.593288083947583034e-01 3.307364084064792209e+00 -3.210196205252671461e+03
-1.802785396039507530e-05 1.221372452370194771e-03 1.000000000000000000e+00
DSC_8352.JPG_max_x: 1320.06
DSC_8352.JPG_min_x: 132.935
DSC_8352.JPG_max_y: 1837.79
DSC_8352.JPG_min_y: 1074.31
DSC_8353.JPG_max_x: 1319.05
DSC_8353.JPG_min_x: 50.6941
DSC_8353.JPG_max_y: 797.437
DSC_8353.JPG_min_y: 80.7926
