1.364168035422857750e-01 4.108914885268793310e-02 7.648440476873053058e+02
-4.348662931337015092e-01 6.712924021615152004e-01 2.721168402992236679e+02
-5.163590883477802438e-04 6.587859676495728305e-05 1.000000000000000000e+00
DSC_8216.JPG_max_x: 793.033
DSC_8216.JPG_min_x: 22.7641
DSC_8216.JPG_max_y: 1810.15
DSC_8216.JPG_min_y: 635.153
DSC_8262.JPG_max_x: 1324.58
DSC_8262.JPG_min_x: 785.762
DSC_8262.JPG_max_y: 1620.0
DSC_8262.JPG_min_y: 658.034
