7.096911420516780478e-01 -1.381468086630249503e-01 -7.302576997106432088e+01
2.853336183133403994e-02 2.696415318215647505e-01 1.266282092191896481e+03
2.858544016731971222e-05 -2.890825307539805007e-04 1.000000000000000000e+00
DSC_8321.JPG_max_x: 1175.25
DSC_8321.JPG_min_x: 354.423
DSC_8321.JPG_max_y: 830.357
DSC_8321.JPG_min_y: 16.3527
DSC_8446.JPG_max_x: 767.169
DSC_8446.JPG_min_x: 106.588
DSC_8446.JPG_max_y: 1933.25
DSC_8446.JPG_min_y: 1273.08
