2.478182749713304656e+00 4.684538651402523901e-01 -1.090026666112062685e+03
-2.469271286005509172e-02 2.747240326726243076e+00 -2.679936299648798013e+03
3.847699299626079804e-04 6.877140046799549598e-04 1.000000000000000000e+00
DSC_8318.JPG_max_x: 1270.5
DSC_8318.JPG_min_x: 208.896
DSC_8318.JPG_max_y: 1769.67
DSC_8318.JPG_min_y: 1025.79
DSC_8449.JPG_max_x: 1068.59
DSC_8449.JPG_min_x: 8.44305
DSC_8449.JPG_max_y: 890.293
DSC_8449.JPG_min_y: 59.0871
