-1.021584274871615738e+00 -7.042448116994678431e-01 1.188516538847410857e+03
-9.872075205684388566e-01 1.664903947600864798e-01 3.813755636788006314e+02
-1.300159696304575146e-03 -4.851183763669044790e-04 1.000000000000000000e+00
DSC_8443.JPG_max_x: 767.375
DSC_8443.JPG_min_x: 4.39963
DSC_8443.JPG_max_y: 905.155
DSC_8443.JPG_min_y: 466.935
DSC_8445.JPG_max_x: 1319.45
DSC_8445.JPG_min_x: 475.916
DSC_8445.JPG_max_y: 929.737
DSC_8445.JPG_min_y: 542.17
