7.799333424385590519e-01 -4.849241301510869018e-02 1.382415242636182882e+02
3.786201425486906275e-02 7.122806059808420853e-01 4.535545142223106154e+02
2.636185516989389364e-05 -5.253211979858930683e-05 1.000000000000000000e+00
DSC_8350.JPG_max_x: 1308.93
DSC_8350.JPG_min_x: 243.122
DSC_8350.JPG_max_y: 1711.86
DSC_8350.JPG_min_y: 766.241
DSC_8378.JPG_max_x: 1152.88
DSC_8378.JPG_min_x: 299.125
DSC_8378.JPG_max_y: 1828.14
DSC_8378.JPG_min_y: 1049.1
