-6.153550039607897926e-01 -2.284999820443062990e-01 9.828243540848029625e+02
-7.710616454140649667e-01 3.987202905402170150e-01 4.128884857906464276e+02
-7.427507915865842877e-04 -1.391955537480235074e-04 9.999999999999998890e-01
DSC_8274.JPG_max_x: 1284.47
DSC_8274.JPG_min_x: 11.504
DSC_8274.JPG_max_y: 1414.89
DSC_8274.JPG_min_y: 601.74
DSC_8306.JPG_max_x: 1311.88
DSC_8306.JPG_min_x: 572.042
DSC_8306.JPG_max_y: 1351.59
DSC_8306.JPG_min_y: 587.867
