7.724521679630003135e-01 7.082037783951911081e-02 1.118828864836633663e+01
-2.199768501256820219e-01 8.730702259838380996e-01 2.547195079222175593e+02
-7.824881487240776428e-05 1.682803202349931267e-04 1.000000000000000000e+00
DSC_8341.JPG_max_x: 1119.31
DSC_8341.JPG_min_x: 381.286
DSC_8341.JPG_max_y: 1290.7
DSC_8341.JPG_min_y: 21.511
DSC_8427.JPG_max_x: 938.369
DSC_8427.JPG_min_x: 359.1
DSC_8427.JPG_max_y: 1059.75
DSC_8427.JPG_min_y: 68.7375
