-4.331721903422405817e-01 -1.597987627795837418e-01 5.760073084790810753e+02
-1.345384351127382416e+00 -2.103834515880429190e-01 1.420503032172835447e+03
-1.305257239374356480e-03 1.720921927014988737e-04 1.000000000000000000e+00
DSC_8325.JPG_max_x: 1327.28
DSC_8325.JPG_min_x: 865.096
DSC_8325.JPG_max_y: 1123.62
DSC_8325.JPG_min_y: 517.833
DSC_8327.JPG_max_x: 745.996
DSC_8327.JPG_min_x: 14.3302
DSC_8327.JPG_max_y: 1169.96
DSC_8327.JPG_min_y: 591.398
