8.881617256615136347e-01 7.340351669509981303e-02 2.952092253171282437e+02
1.571029934362049296e-01 9.508827692868135895e-01 1.353423277285296251e+02
1.325061648258000710e-04 1.303820155226835477e-04 1.000000000000000000e+00
DSC_8238.JPG_max_x: 1317.65
DSC_8238.JPG_min_x: 21.2495
DSC_8238.JPG_max_y: 1774.77
DSC_8238.JPG_min_y: 734.001
DSC_8352.JPG_max_x: 1185.12
DSC_8352.JPG_min_x: 356.405
DSC_8352.JPG_max_y: 1426.57
DSC_8352.JPG_min_y: 814.869
