-2.010621969355295691e-01 -7.587300887786379011e-01 1.016269976327352651e+03
-3.212040059138095427e-01 -2.606406816446158459e-01 5.017060509630495631e+02
-2.831387016227475840e-04 -7.353837370923514997e-04 1.000000000000000000e+00
DSC_8234.JPG_max_x: 1299.04
DSC_8234.JPG_min_x: 14.5282
DSC_8234.JPG_max_y: 1221.32
DSC_8234.JPG_min_y: 650.086
DSC_8248.JPG_max_x: 1014.12
DSC_8248.JPG_min_x: 144.685
DSC_8248.JPG_max_y: 1419.11
DSC_8248.JPG_min_y: 578.689
