9.553878541167765137e-01 -1.175433936179724886e-01 2.408480431807671209e+02
-8.672666485306672612e-01 1.509958617230487299e+00 -5.038955380299132116e+02
-6.583578451146482238e-04 -1.673811954878904446e-04 1.000000000000000000e+00
DSC_8416.JPG_max_x: 517.286
DSC_8416.JPG_min_x: 348.378
DSC_8416.JPG_max_y: 1253.85
DSC_8416.JPG_min_y: 944.188
DSC_8462.JPG_max_x: 1289.76
DSC_8462.JPG_min_x: 758.471
DSC_8462.JPG_max_y: 1970.09
DSC_8462.JPG_min_y: 999.28
