2.294330660022808388e+00 9.019149659907635952e-01 -2.307602649425603886e+03
4.003400356024756079e-01 2.597354292148207566e+00 -6.183738895013124193e+02
1.237039251530623260e-03 7.261867678172777242e-04 1.000000000000000000e+00
DSC_8445.JPG_max_x: 1258.15
DSC_8445.JPG_min_x: 790.227
DSC_8445.JPG_max_y: 821.279
DSC_8445.JPG_min_y: 495.929
DSC_8475.JPG_max_x: 400.11
DSC_8475.JPG_min_x: 26.7733
DSC_8475.JPG_max_y: 679.175
DSC_8475.JPG_min_y: 406.236
