3.590959147743502999e+00 -7.135786215274000366e-01 -7.043639023924998810e+02
2.630286457626409558e-01 3.887318717855157146e+00 -4.048433350306197099e+03
3.881961281922800822e-04 1.273231611847372565e-03 1.000000000000000000e+00
DSC_8338.JPG_max_x: 1298.58
DSC_8338.JPG_min_x: 526.378
DSC_8338.JPG_max_y: 1898.53
DSC_8338.JPG_min_y: 1282.08
DSC_8355.JPG_max_x: 717.275
DSC_8355.JPG_min_x: 54.9364
DSC_8355.JPG_max_y: 948.602
DSC_8355.JPG_min_y: 388.663
