7.268130219156548888e-02 -5.791980669127112513e-01 2.295606623168444287e+02
4.026978695926998419e+00 -5.380815958034168567e+00 1.847292168142958189e+03
3.219930400253083035e-03 -3.859079404679345224e-03 1.000000000000000000e+00
DSC_8314.JPG_max_x: 883.116
DSC_8314.JPG_min_x: 56.5694
DSC_8314.JPG_max_y: 1080.86
DSC_8314.JPG_min_y: 496.849
DSC_8362.JPG_max_x: 815.387
DSC_8362.JPG_min_x: 66.4495
DSC_8362.JPG_max_y: 1333.05
DSC_8362.JPG_min_y: 793.375
