-7.267747845133887274e-01 1.007274001678419711e-01 8.160625724685520481e+02
-2.177339090422180767e+00 1.507938125832084975e+00 9.031477637140365005e+02
-2.300578772358361467e-03 1.568988309175760624e-03 1.000000000000000000e+00
DSC_8198.JPG_max_x: 1317.39
DSC_8198.JPG_min_x: 218.605
DSC_8198.JPG_max_y: 1535.62
DSC_8198.JPG_min_y: 837.974
DSC_8236.JPG_max_x: 973.306
DSC_8236.JPG_min_x: 4.53003
DSC_8236.JPG_max_y: 1668.09
DSC_8236.JPG_min_y: 662.901
