1.725857065959573111e+00 9.686576753925217609e-02 5.151294485949848649e+02
1.545043258945066333e-01 1.624619565894005024e+00 5.207483794307220251e+02
6.513992796371468686e-05 2.576959991431229517e-04 9.999999999999998890e-01
DSC_8237.JPG_max_x: 549.794
DSC_8237.JPG_min_x: 102.699
DSC_8237.JPG_max_y: 655.941
DSC_8237.JPG_min_y: 240.019
DSC_8319.JPG_max_x: 1322.6
DSC_8319.JPG_min_x: 650.26
DSC_8319.JPG_max_y: 1371.29
DSC_8319.JPG_min_y: 885.706
