-1.219647818416716989e+00 -1.489773777882994199e-01 9.184750251446145057e+02
-2.518327717815405986e+00 -7.042558632822583098e-01 1.858355933611233468e+03
-2.329264895798658069e-03 -5.163085132415895994e-05 1.000000000000000000e+00
DSC_8236.JPG_max_x: 1211.51
DSC_8236.JPG_min_x: 291.094
DSC_8236.JPG_max_y: 1662.92
DSC_8236.JPG_min_y: 650.253
DSC_8336.JPG_max_x: 1294.46
DSC_8336.JPG_min_x: 5.15192
DSC_8336.JPG_max_y: 1592.02
DSC_8336.JPG_min_y: 604.8
