-2.635197584460135523e-01 -2.567234852269896783e-01 7.303459416378984770e+02
1.565215483305480715e-01 -8.481348718736938519e-01 9.926737397333106401e+02
-3.784123598348851500e-04 -5.190503938076711102e-04 1.000000000000000000e+00
DSC_8448.JPG_max_x: 1271.68
DSC_8448.JPG_min_x: 105.852
DSC_8448.JPG_max_y: 1990.17
DSC_8448.JPG_min_y: 920.677
DSC_8467.JPG_max_x: 962.813
DSC_8467.JPG_min_x: 28.1026
DSC_8467.JPG_max_y: 1220.3
DSC_8467.JPG_min_y: 463.973
