-3.420191677646216011e+00 -1.038952102860715154e+00 2.838636894561234385e+03
3.797131063754975722e-02 -4.203143702039171536e+00 5.027966615438286681e+03
1.801486912996825546e-05 -1.465191348706655801e-03 1.000000000000000000e+00
DSC_8416.JPG_max_x: 770.192
DSC_8416.JPG_min_x: 482.986
DSC_8416.JPG_max_y: 1673.84
DSC_8416.JPG_min_y: 1226.76
DSC_8465.JPG_max_x: 1207.87
DSC_8465.JPG_min_x: 131.065
DSC_8465.JPG_max_y: 1380.87
DSC_8465.JPG_min_y: 126.835
