4.913260269897016808e-01 -1.433929137727026626e-01 -3.926540795568492115e+01
1.197579015916665351e-01 1.135317190288695210e-01 1.155183898825119741e+03
5.690057280732126313e-05 -2.324874182731204023e-04 1.000000000000000000e+00
DSC_8225.JPG_max_x: 992.059
DSC_8225.JPG_min_x: 239.856
DSC_8225.JPG_max_y: 798.781
DSC_8225.JPG_min_y: 220.42
DSC_8412.JPG_max_x: 376.815
DSC_8412.JPG_min_x: 34.8308
DSC_8412.JPG_max_y: 1562.63
DSC_8412.JPG_min_y: 1257.62
