2.804678802931070414e-01 -6.438839752358557211e-01 6.890786942715886880e+02
1.015497382667030109e-02 2.111608094068547214e-01 4.794840453628242471e+02
-2.341451343594002082e-04 -5.035234954139288172e-04 1.000000000000000000e+00
DSC_8245.JPG_max_x: 698.684
DSC_8245.JPG_min_x: 203.76
DSC_8245.JPG_max_y: 319.332
DSC_8245.JPG_min_y: 15.9347
DSC_8443.JPG_max_x: 1013.25
DSC_8443.JPG_min_x: 774.296
DSC_8443.JPG_max_y: 791.354
DSC_8443.JPG_min_y: 521.1
