1.845977482995317587e+01 3.955977973531128455e+00 7.433693342267879416e+03
1.886493588242472041e+00 3.143683388727970041e+01 -3.030449549486450269e+04
-5.163975853178726788e-03 9.842332359960695443e-03 1.000000000000000000e+00
DSC_8218.JPG_max_x: 211.668
DSC_8218.JPG_min_x: 4.33437
DSC_8218.JPG_max_y: 1675.45
DSC_8218.JPG_min_y: 975.741
DSC_8421.JPG_max_x: 1172.76
DSC_8421.JPG_min_x: 880.87
DSC_8421.JPG_max_y: 1327.42
DSC_8421.JPG_min_y: 36.2528
