1.108359957259402284e+00 -4.052414397097044152e-02 -3.217667875460598452e+02
-7.541842613590166167e-02 1.138020448189893674e+00 3.851201201152954212e+01
-5.644046226736369211e-05 -9.364182873955859316e-05 1.000000000000000000e+00
DSC_8214.JPG_max_x: 1327.08
DSC_8214.JPG_min_x: 643.015
DSC_8214.JPG_max_y: 1166.78
DSC_8214.JPG_min_y: 224.793
DSC_8344.JPG_max_x: 1328.19
DSC_8344.JPG_min_x: 394.066
DSC_8344.JPG_max_y: 1561.51
DSC_8344.JPG_min_y: 308.738
