3.866855780918764252e-01 -4.495017218835294093e-02 8.705900532036877166e+02
-4.538254584635015854e-01 8.802228868720536337e-01 1.876817020324814962e+02
-4.322398911911257851e-04 8.008892578685864242e-06 1.000000000000000000e+00
DSC_8456.JPG_max_x: 510.704
DSC_8456.JPG_min_x: 24.6013
DSC_8456.JPG_max_y: 1566.39
DSC_8456.JPG_min_y: 668.461
DSC_8474.JPG_max_x: 1274.0
DSC_8474.JPG_min_x: 787.426
DSC_8474.JPG_max_y: 1592.96
DSC_8474.JPG_min_y: 754.292
