-2.457252403893364523e+00 3.307947765258512529e+00 4.529650434200502218e+02
-4.898327666668630620e+00 5.706820520803893793e+00 1.244328763343028186e+03
-3.652469912125913196e-03 4.043768702983943295e-03 1.000000000000000000e+00
DSC_8367.JPG_max_x: 1124.34
DSC_8367.JPG_min_x: 332.66
DSC_8367.JPG_max_y: 578.22
DSC_8367.JPG_min_y: 196.024
DSC_8430.JPG_max_x: 1244.33
DSC_8430.JPG_min_x: 417.703
DSC_8430.JPG_max_y: 1662.28
DSC_8430.JPG_min_y: 1204.59
