-1.391535063276259754e+00 1.405686153441415120e+00 1.797979568715813912e+02
-4.637945790791795919e-01 2.183658275340898847e+00 -6.966304141689909102e+02
-5.983719848028587213e-04 5.790049032987359826e-04 9.999999999999998890e-01
DSC_8234.JPG_max_x: 1275.96
DSC_8234.JPG_min_x: 24.974
DSC_8234.JPG_max_y: 1492.51
DSC_8234.JPG_min_y: 650.086
DSC_8264.JPG_max_x: 1323.06
DSC_8264.JPG_min_x: 65.0839
DSC_8264.JPG_max_y: 1603.92
DSC_8264.JPG_min_y: 540.739
