3.851612792053432655e-01 -2.374177009203256791e-02 4.227137569675045938e+02
-4.948386143398691289e-02 4.060376341246721976e-01 3.996998507293270677e+02
-6.292846088989871947e-05 -3.241662686296411410e-05 1.000000000000000000e+00
DSC_8304.JPG_max_x: 1106.53
DSC_8304.JPG_min_x: 27.7159
DSC_8304.JPG_max_y: 1787.39
DSC_8304.JPG_min_y: 448.518
DSC_8318.JPG_max_x: 923.682
DSC_8318.JPG_min_x: 421.706
DSC_8318.JPG_max_y: 1215.15
DSC_8318.JPG_min_y: 587.588
