-6.103512712358489800e-01 3.580911968544299440e-02 6.980937749274303314e+02
-1.119709584063486307e+00 -5.040798357358126092e-01 1.905299884344662814e+03
-7.604034627897960589e-04 -8.116984953503729634e-05 1.000000000000000000e+00
DSC_8362.JPG_max_x: 1330.47
DSC_8362.JPG_min_x: 25.6973
DSC_8362.JPG_max_y: 1443.33
DSC_8362.JPG_min_y: 1063.02
DSC_8468.JPG_max_x: 1150.36
DSC_8468.JPG_min_x: 645.992
DSC_8468.JPG_max_y: 1944.97
DSC_8468.JPG_min_y: 1195.17
