1.720193236342612231e+00 1.417884293442162880e-01 -1.044944913533788167e+03
-1.614626727820316354e-01 1.787006375627766097e+00 -1.509167039171503120e+03
-9.886931580009605293e-05 2.966997595522668802e-04 1.000000000000000000e+00
DSC_8244.JPG_max_x: 1188.47
DSC_8244.JPG_min_x: 491.264
DSC_8244.JPG_max_y: 1814.14
DSC_8244.JPG_min_y: 1303.92
DSC_8327.JPG_max_x: 936.116
DSC_8327.JPG_min_x: 22.3177
DSC_8327.JPG_max_y: 1075.2
DSC_8327.JPG_min_y: 497.288
