-4.723126199868685204e-01 -4.148978403176884489e-01 7.363844964812151375e+02
-4.909871639415322453e-02 -5.230567553366637368e-01 4.638067006148563678e+02
-3.404713337585295622e-04 -1.010505488305781093e-03 1.000000000000000000e+00
DSC_8322.JPG_max_x: 1320.89
DSC_8322.JPG_min_x: 357.427
DSC_8322.JPG_max_y: 1327.59
DSC_8322.JPG_min_y: 599.761
DSC_8455.JPG_max_x: 1184.18
DSC_8455.JPG_min_x: 77.3388
DSC_8455.JPG_max_y: 507.167
DSC_8455.JPG_min_y: 149.914
