1.226074432108469336e+00 5.024721934088800523e-01 -1.482777681719001521e+03
8.639446094478748783e-01 1.035957224298441837e+00 1.352240152913103884e+03
6.840423181503811970e-04 -1.012840538676979555e-04 1.000000000000000000e+00
DSC_8339.JPG_max_x: 1323.2
DSC_8339.JPG_min_x: 1043.11
DSC_8339.JPG_max_y: 761.83
DSC_8339.JPG_min_y: 317.346
DSC_8426.JPG_max_x: 261.25
DSC_8426.JPG_min_x: 4.5789
DSC_8426.JPG_max_y: 1832.5
DSC_8426.JPG_min_y: 1523.67
