-1.662954129157022454e+00 -9.407335342396366817e-01 1.015936051924434537e+03
-3.393587309434843990e-01 -1.337448225267911850e+00 1.285123178858192432e+03
-9.028167233833861481e-04 -1.362786305538009769e-03 1.000000000000000000e+00
DSC_8322.JPG_max_x: 821.477
DSC_8322.JPG_min_x: 405.932
DSC_8322.JPG_max_y: 1387.67
DSC_8322.JPG_min_y: 817.788
DSC_8397.JPG_max_x: 1255.53
DSC_8397.JPG_min_x: 780.042
DSC_8397.JPG_max_y: 551.948
DSC_8397.JPG_min_y: 89.4448
