4.195616052805459795e+00 1.271284238328173943e+00 -2.226359731301825377e+03
1.956962164407136662e-01 5.256736099948882135e+00 -6.021822759479497108e+03
3.874302235137896933e-04 1.656232075943991867e-03 1.000000000000000000e+00
DSC_8362.JPG_max_x: 1065.51
DSC_8362.JPG_min_x: 161.905
DSC_8362.JPG_max_y: 1896.97
DSC_8362.JPG_min_y: 1191.38
DSC_8401.JPG_max_x: 1078.05
DSC_8401.JPG_min_x: 84.0357
DSC_8401.JPG_max_y: 936.457
DSC_8401.JPG_min_y: 111.877
