1.201885623792223301e+00 -2.708564765043844913e-01 -9.745453413547612342e+01
1.043244882282564484e-01 8.722594373204903828e-01 2.162759228480773288e+01
9.368258637292038173e-05 -2.007362842878457842e-04 1.000000000000000000e+00
DSC_8294.JPG_max_x: 1318.95
DSC_8294.JPG_min_x: 319.007
DSC_8294.JPG_max_y: 1496.28
DSC_8294.JPG_min_y: 807.03
DSC_8308.JPG_max_x: 1318.3
DSC_8308.JPG_min_x: 32.8358
DSC_8308.JPG_max_y: 1823.58
DSC_8308.JPG_min_y: 886.822
