1.211628989807961609e+01 9.514825305327221372e+00 -5.624905082423094427e+03
1.346854568183027956e+00 1.127623135685814226e+01 -5.137327344752741737e+03
5.263858051454879151e-03 4.513192530710771408e-03 1.000000000000000000e+00
DSC_8431.JPG_max_x: 541.533
DSC_8431.JPG_min_x: 26.7659
DSC_8431.JPG_max_y: 877.725
DSC_8431.JPG_min_y: 468.89
DSC_8467.JPG_max_x: 921.554
DSC_8467.JPG_min_x: 554.335
DSC_8467.JPG_max_y: 920.304
DSC_8467.JPG_min_y: 141.341
