5.342053036874571115e-01 -1.135771986558191005e+00 3.619896304605657065e+02
1.827592777238277844e+00 -3.359631382427203494e+00 2.563691613295199204e+03
1.390765701361552139e-03 -1.850742274215400659e-03 1.000000000000000000e+00
DSC_8226.JPG_max_x: 990.452
DSC_8226.JPG_min_x: 186.499
DSC_8226.JPG_max_y: 1768.31
DSC_8226.JPG_min_y: 1424.5
DSC_8338.JPG_max_x: 1319.5
DSC_8338.JPG_min_x: 682.388
DSC_8338.JPG_max_y: 1741.47
DSC_8338.JPG_min_y: 1329.11
