5.527305896800899232e-01 -2.749205148330587378e-01 4.471565675744354280e+02
-2.428284977594579730e-01 5.855039715332088779e-01 4.295915444609732958e+02
-2.630760168183671741e-04 -2.503297951634243443e-04 1.000000000000000000e+00
DSC_8276.JPG_max_x: 546.995
DSC_8276.JPG_min_x: 20.1415
DSC_8276.JPG_max_y: 1219.42
DSC_8276.JPG_min_y: 482.213
DSC_8426.JPG_max_x: 765.342
DSC_8426.JPG_min_x: 125.697
DSC_8426.JPG_max_y: 1830.0
DSC_8426.JPG_min_y: 812.313
