1.687023523055268592e+00 5.120098152261858271e-01 -1.743286965151699633e+03
1.078945975316534245e+00 1.572895703088665442e+00 1.372560911453805147e+03
9.760663292436847676e-04 1.415770146142365685e-04 1.000000000000000000e+00
DSC_8243.JPG_max_x: 1274.36
DSC_8243.JPG_min_x: 914.949
DSC_8243.JPG_max_y: 763.693
DSC_8243.JPG_min_y: 72.8003
DSC_8260.JPG_max_x: 212.97
DSC_8260.JPG_min_x: 10.4112
DSC_8260.JPG_max_y: 1753.72
DSC_8260.JPG_min_y: 1273.33
