-3.801629866441115779e-01 -4.748629695615095431e-02 4.162742584785428903e+02
-1.326526033095464241e+00 -3.138184917005952812e-01 1.500809120299912365e+03
-1.093837321548092687e-03 -8.731811241989838887e-05 1.000000000000000000e+00
DSC_8366.JPG_max_x: 1317.36
DSC_8366.JPG_min_x: 733.715
DSC_8366.JPG_max_y: 1803.62
DSC_8366.JPG_min_y: 1012.87
DSC_8412.JPG_max_x: 698.713
DSC_8412.JPG_min_x: 3.32491
DSC_8412.JPG_max_y: 1550.32
DSC_8412.JPG_min_y: 859.46
