-3.791251883090214214e-01 -4.728358137669664174e+00 1.244991232690116249e+03
-4.914447456967518946e-01 -6.455160911800509105e+00 1.677178671876465842e+03
-2.996541694384224409e-04 -3.817528419860854571e-03 1.000000000000000000e+00
DSC_8331.JPG_max_x: 879.776
DSC_8331.JPG_min_x: 211.451
DSC_8331.JPG_max_y: 989.808
DSC_8331.JPG_min_y: 14.5002
DSC_8422.JPG_max_x: 1326.15
DSC_8422.JPG_min_x: 253.662
DSC_8422.JPG_max_y: 1856.54
DSC_8422.JPG_min_y: 1160.08
