4.273744798293747094e-01 -8.020982410940031837e-01 1.347647676066138956e+03
2.191688744938391775e-01 7.629541889682275313e-01 2.152963402126471806e+02
-2.916599949622104880e-04 -6.100549110518251782e-05 1.000000000000000000e+00
DSC_8279.JPG_max_x: 799.247
DSC_8279.JPG_min_x: 262.501
DSC_8279.JPG_max_y: 971.415
DSC_8279.JPG_min_y: 479.935
DSC_8297.JPG_max_x: 1323.75
DSC_8297.JPG_min_x: 1150.11
DSC_8297.JPG_max_y: 1595.16
DSC_8297.JPG_min_y: 751.392
