6.928512259078141167e-01 1.610547652697778831e-02 4.623529654106988573e+01
1.393735301696196194e-01 6.768451255275105272e-01 4.777599585566825340e+02
1.180945618980672982e-04 5.147604121749159813e-05 1.000000000000000000e+00
DSC_8224.JPG_max_x: 1234.5
DSC_8224.JPG_min_x: 12.0383
DSC_8224.JPG_max_y: 1922.59
DSC_8224.JPG_min_y: 728.61
DSC_8428.JPG_max_x: 745.794
DSC_8428.JPG_min_x: 58.7223
DSC_8428.JPG_max_y: 1597.56
DSC_8428.JPG_min_y: 939.364
