1.742753922257769927e+00 4.642105534194194139e-01 -8.207591566136742358e+02
-1.822130303665886464e-01 2.000333963877617194e+00 -2.737344532420700943e+03
1.387370755128548632e-04 5.504409539362397014e-04 9.999999999999998890e-01
DSC_8330.JPG_max_x: 1139.79
DSC_8330.JPG_min_x: 268.949
DSC_8330.JPG_max_y: 1986.41
DSC_8330.JPG_min_y: 1486.0
DSC_8233.JPG_max_x: 928.982
DSC_8233.JPG_min_x: 192.959
DSC_8233.JPG_max_y: 499.555
DSC_8233.JPG_min_y: 40.8216
