-2.365970708088839469e+00 -1.036926862057007348e+00 3.035129529531452590e+03
2.385494568010223748e+00 -4.027416114747605747e+00 2.799216492384330763e+02
6.960783861653103193e-06 -2.388676888519068817e-03 1.000000000000000000e+00
DSC_8278.JPG_max_x: 1320.33
DSC_8278.JPG_min_x: 758.05
DSC_8278.JPG_max_y: 1347.74
DSC_8278.JPG_min_y: 803.794
DSC_8437.JPG_max_x: 919.773
DSC_8437.JPG_min_x: 45.2789
DSC_8437.JPG_max_y: 1873.17
DSC_8437.JPG_min_y: 112.694
