6.698060087193994372e-01 -1.674292877008354552e-01 5.383078515078021837e+02
-1.046619151568233402e-01 3.659481042405612339e-01 1.363054256606956869e+03
-7.071263811305207310e-05 -1.940184406141310758e-04 1.000000000000000000e+00
DSC_8221.JPG_max_x: 542.95
DSC_8221.JPG_min_x: 147.953
DSC_8221.JPG_max_y: 562.037
DSC_8221.JPG_min_y: 179.335
DSC_8398.JPG_max_x: 940.678
DSC_8398.JPG_min_x: 619.772
DSC_8398.JPG_max_y: 1769.82
DSC_8398.JPG_min_y: 1484.31
