1.525409847538338326e+01 3.395960303497660426e+00 -1.467872809043602683e+04
5.670062355523131536e+00 1.241571779379756713e+01 -4.957058069184829947e+03
5.991421793424314343e-03 2.109500944776500787e-03 9.999999999999998890e-01
DSC_8361.JPG_max_x: 1303.68
DSC_8361.JPG_min_x: 913.26
DSC_8361.JPG_max_y: 1099.7
DSC_8361.JPG_min_y: 50.6094
DSC_8405.JPG_max_x: 726.312
DSC_8405.JPG_min_x: 119.962
DSC_8405.JPG_max_y: 1533.64
DSC_8405.JPG_min_y: 291.074
