-8.657319224983658357e-01 -3.926361332601127074e-01 1.172777348699148661e+03
-1.100537660174320420e+00 1.420679640467143345e+00 -3.359463035112991065e+02
-7.994301311608296556e-04 -3.017213856163291448e-04 1.000000000000000000e+00
DSC_8234.JPG_max_x: 1049.66
DSC_8234.JPG_min_x: 9.32304
DSC_8234.JPG_max_y: 1074.1
DSC_8234.JPG_min_y: 650.086
DSC_8436.JPG_max_x: 1199.76
DSC_8436.JPG_min_x: 603.676
DSC_8436.JPG_max_y: 1753.79
DSC_8436.JPG_min_y: 547.988
