1.372611401301541578e+00 4.221437994175229963e-04 -3.724389822006228883e+02
1.560889276540161907e-01 1.203153276362421975e+00 3.201029031787102213e+02
3.808382914702959665e-04 -8.094592838018303739e-05 1.000000000000000000e+00
DSC_8333.JPG_max_x: 1138.93
DSC_8333.JPG_min_x: 356.731
DSC_8333.JPG_max_y: 1063.73
DSC_8333.JPG_min_y: 23.3861
DSC_8435.JPG_max_x: 863.649
DSC_8435.JPG_min_x: 104.364
DSC_8435.JPG_max_y: 1356.19
DSC_8435.JPG_min_y: 355.965
