2.069347337909349882e+00 1.092178950517766145e+00 -1.953277887442153315e+03
-8.826184142622822693e-02 2.050314578549861100e+00 -2.121438434025852985e+03
2.975215009970737148e-04 2.763711969444438538e-04 1.000000000000000000e+00
DSC_8254.JPG_max_x: 1183.92
DSC_8254.JPG_min_x: 102.909
DSC_8254.JPG_max_y: 1946.13
DSC_8254.JPG_min_y: 1446.13
DSC_8271.JPG_max_x: 1318.38
DSC_8271.JPG_min_x: 49.5313
DSC_8271.JPG_max_y: 1098.54
DSC_8271.JPG_min_y: 464.895
