6.608804046216943950e-01 -6.859703207283937391e-03 -1.195457060510984491e+02
-1.219636403125933660e-01 6.464687864306878362e-01 2.059835094710290093e+02
-1.130797190819000556e-04 -1.329358875819212673e-05 1.000000000000000000e+00
DSC_8244.JPG_max_x: 1184.83
DSC_8244.JPG_min_x: 302.363
DSC_8244.JPG_max_y: 1814.14
DSC_8244.JPG_min_y: 711.74
DSC_8296.JPG_max_x: 779.487
DSC_8296.JPG_min_x: 71.1625
DSC_8296.JPG_max_y: 1450.47
DSC_8296.JPG_min_y: 616.726
