8.689114334757046532e-01 -1.949800105404062567e-01 4.197584440574061659e+02
8.510696775358160548e-02 6.727248736508474325e-01 1.739194229916294034e+02
9.634708432028712575e-05 -1.429507129916962333e-04 1.000000000000000000e+00
DSC_8289.JPG_max_x: 1220.65
DSC_8289.JPG_min_x: 490.162
DSC_8289.JPG_max_y: 1759.29
DSC_8289.JPG_min_y: 355.007
DSC_8465.JPG_max_x: 1327.01
DSC_8465.JPG_min_x: 662.333
DSC_8465.JPG_max_y: 1657.29
DSC_8465.JPG_min_y: 466.359
