6.538719567078997430e-02 -3.953191010409300987e-01 5.313798007217488930e+02
1.874363609802765299e-02 -2.491585058656365093e-01 3.971817998137436803e+02
-7.724055418064440721e-06 -6.777408718242570193e-04 1.000000000000000000e+00
DSC_8305.JPG_max_x: 1036.21
DSC_8305.JPG_min_x: 377.495
DSC_8305.JPG_max_y: 1773.04
DSC_8305.JPG_min_y: 238.536
DSC_8433.JPG_max_x: 695.454
DSC_8433.JPG_min_x: 460.327
DSC_8433.JPG_max_y: 842.466
DSC_8433.JPG_min_y: 187.487
