1.007515922922363610e-01 -9.468668820599003277e-01 5.429036972673969785e+02
-7.113781540212222865e-01 -1.751472438235388340e+00 1.388480094431267844e+03
-4.989644090717995075e-04 -1.390995842330911740e-03 1.000000000000000000e+00
DSC_8201.JPG_max_x: 823.745
DSC_8201.JPG_min_x: 143.16
DSC_8201.JPG_max_y: 821.968
DSC_8201.JPG_min_y: 171.044
DSC_8350.JPG_max_x: 1197.1
DSC_8350.JPG_min_x: 277.211
DSC_8350.JPG_max_y: 1711.75
DSC_8350.JPG_min_y: 1152.6
