-7.485711975635802595e-01 1.256846656949540605e-04 4.882767522011430401e+02
-4.102588472620296023e-01 -4.607783167762146692e-01 8.085006502635480956e+02
-7.690346540767335672e-04 -4.352809243049105708e-04 1.000000000000000000e+00
DSC_8260.JPG_max_x: 1198.09
DSC_8260.JPG_min_x: 658.687
DSC_8260.JPG_max_y: 1401.31
DSC_8260.JPG_min_y: 1151.04
DSC_8327.JPG_max_x: 1322.45
DSC_8327.JPG_min_x: 137.231
DSC_8327.JPG_max_y: 901.627
DSC_8327.JPG_min_y: 385.992
