-2.387819670796388349e-01 -7.437802727647947476e-01 1.242791644758032589e+03
-6.975622138789136506e-02 -1.146779961661279906e-01 2.132093821598643899e+02
-2.092919206560574523e-04 -5.899328879691655798e-04 9.999999999999998890e-01
DSC_8366.JPG_max_x: 722.153
DSC_8366.JPG_min_x: 21.6405
DSC_8366.JPG_max_y: 1577.98
DSC_8366.JPG_min_y: 1354.35
DSC_8379.JPG_max_x: 1244.66
DSC_8379.JPG_min_x: 194.097
DSC_8379.JPG_max_y: 444.326
DSC_8379.JPG_min_y: 123.493
