6.711021511256913818e-01 1.265078715065316439e-01 1.016685903725682124e+03
-2.685048620072519321e-01 1.058245710389228433e+00 -9.306425443400176789e+01
-3.058764338243807803e-04 2.968461623379227169e-05 1.000000000000000000e+00
DSC_8426.JPG_max_x: 213.08
DSC_8426.JPG_min_x: 4.5789
DSC_8426.JPG_max_y: 1835.13
DSC_8426.JPG_min_y: 805.472
DSC_8428.JPG_max_x: 1329.06
DSC_8428.JPG_min_x: 1172.63
DSC_8428.JPG_max_y: 1776.94
DSC_8428.JPG_min_y: 730.902
