7.995730636858705553e-01 -2.012792986036517628e-01 9.721695194649670384e+02
5.442007965866237258e-03 6.431753933176148630e-01 1.271111348311272650e+03
-3.420613857366319570e-05 -1.110295933278417297e-04 1.000000000000000000e+00
DSC_8307.JPG_max_x: 430.7
DSC_8307.JPG_min_x: 63.6644
DSC_8307.JPG_max_y: 644.444
DSC_8307.JPG_min_y: 188.18
DSC_8466.JPG_max_x: 1318.77
DSC_8466.JPG_min_x: 966.248
DSC_8466.JPG_max_y: 1819.99
DSC_8466.JPG_min_y: 1450.0
