7.883717449249525444e-01 -5.061839336955156754e-02 1.592072343785822000e+02
2.430978662610216653e-02 7.244311216411302157e-01 4.223325103303214973e+02
1.221773898604780199e-05 -5.440166534084653452e-05 1.000000000000000000e+00
DSC_8350.JPG_max_x: 1321.09
DSC_8350.JPG_min_x: 247.894
DSC_8350.JPG_max_y: 1725.27
DSC_8350.JPG_min_y: 766.241
DSC_8364.JPG_max_x: 1214.75
DSC_8364.JPG_min_x: 327.69
DSC_8364.JPG_max_y: 1843.47
DSC_8364.JPG_min_y: 1027.96
