2.578006606923260779e+00 -2.178448823054894568e-01 -1.715305726406976703e+02
2.218280849949723910e-01 2.162549027530219714e+00 -1.378668737246257479e+03
1.788008636675967862e-04 -2.739353885741053454e-04 1.000000000000000000e+00
DSC_8416.JPG_max_x: 544.684
DSC_8416.JPG_min_x: 347.538
DSC_8416.JPG_max_y: 1253.85
DSC_8416.JPG_min_y: 952.602
DSC_8468.JPG_max_x: 1233.58
DSC_8468.JPG_min_x: 635.719
DSC_8468.JPG_max_y: 1945.11
DSC_8468.JPG_min_y: 953.498
