9.534288306550159353e-01 8.185858388351669249e-03 -2.690866906130443112e+02
-3.697987796684840817e-02 1.093810619974554310e+00 8.462682156901198027e+01
-1.519555361611953613e-04 3.528873055919836007e-05 1.000000000000000000e+00
DSC_8195.JPG_max_x: 1329.14
DSC_8195.JPG_min_x: 573.45
DSC_8195.JPG_max_y: 1043.63
DSC_8195.JPG_min_y: 19.4739
DSC_8345.JPG_max_x: 1242.83
DSC_8345.JPG_min_x: 280.213
DSC_8345.JPG_max_y: 1317.35
DSC_8345.JPG_min_y: 71.8248
