9.784343005780599123e-01 1.300338758089164826e-01 5.532008313317235206e+02
-1.112802821575499812e-01 1.133695488551772268e+00 -1.663456885775159435e+02
-1.113836399886455756e-04 1.210766298897780904e-04 1.000000000000000000e+00
DSC_8238.JPG_max_x: 714.773
DSC_8238.JPG_min_x: 128.377
DSC_8238.JPG_max_y: 1567.28
DSC_8238.JPG_min_y: 777.733
DSC_8320.JPG_max_x: 1322.5
DSC_8320.JPG_min_x: 740.002
DSC_8320.JPG_max_y: 1377.72
DSC_8320.JPG_min_y: 634.365
