-4.024575533130866356e-01 -1.655421667090266336e-02 4.731902705393199540e+02
-1.187018851461534963e+00 -3.487168962085337443e-01 1.480215474370754009e+03
-1.111744455774568274e-03 1.001946834670924748e-05 9.999999999999998890e-01
DSC_8292.JPG_max_x: 1327.63
DSC_8292.JPG_min_x: 259.458
DSC_8292.JPG_max_y: 1475.08
DSC_8292.JPG_min_y: 758.304
DSC_8294.JPG_max_x: 427.26
DSC_8294.JPG_min_x: 10.2972
DSC_8294.JPG_max_y: 1367.66
DSC_8294.JPG_min_y: 686.83
