1.250243216015433978e+00 -7.562546909324354694e-01 6.671516424651160833e+02
4.951420552158322108e-01 9.194499782176763780e-01 2.175485916640268158e+01
3.585904789179713550e-04 1.041557515044111719e-04 1.000000000000000000e+00
DSC_8259.JPG_max_x: 1185.69
DSC_8259.JPG_min_x: 403.428
DSC_8259.JPG_max_y: 922.158
DSC_8259.JPG_min_y: 327.91
DSC_8445.JPG_max_x: 1160.93
DSC_8445.JPG_min_x: 564.566
DSC_8445.JPG_max_y: 937.998
DSC_8445.JPG_min_y: 536.086
