-9.931581176011093914e-01 -1.807955753444349389e-01 8.756672486526839521e+02
-2.533502512714040478e+00 1.749153850663401899e-01 1.598088805352157351e+03
-1.717625320597469980e-03 3.089617082696759936e-04 1.000000000000000000e+00
DSC_8367.JPG_max_x: 1164.32
DSC_8367.JPG_min_x: 473.783
DSC_8367.JPG_max_y: 819.095
DSC_8367.JPG_min_y: 289.871
DSC_8428.JPG_max_x: 1267.6
DSC_8428.JPG_min_x: 124.1
DSC_8428.JPG_max_y: 1866.15
DSC_8428.JPG_min_y: 1381.58
