5.525731271543934398e+00 -2.987449440380012256e+00 1.040865953152229167e+03
3.159724812226832658e+00 -2.928938238697174068e+00 2.413854467266307438e+03
5.700080565307279017e-03 -2.737482282516270210e-03 1.000000000000000000e+00
DSC_8444.JPG_max_x: 907.872
DSC_8444.JPG_min_x: 11.9686
DSC_8444.JPG_max_y: 1687.22
DSC_8444.JPG_min_y: 841.771
DSC_8447.JPG_max_x: 1321.08
DSC_8447.JPG_min_x: 647.086
DSC_8447.JPG_max_y: 1521.06
DSC_8447.JPG_min_y: 244.295
