1.763473706061849944e+00 2.668223653635652948e-01 -9.889080963479299271e+02
1.209513062405425943e-01 4.281463300789832616e+00 -5.068723310428269542e+03
-1.217721581794349410e-03 1.279944677143331948e-03 1.000000000000000000e+00
DSC_8234.JPG_max_x: 1306.58
DSC_8234.JPG_min_x: 982.962
DSC_8234.JPG_max_y: 1766.21
DSC_8234.JPG_min_y: 1190.83
DSC_8283.JPG_max_x: 1289.33
DSC_8283.JPG_min_x: 776.514
DSC_8283.JPG_max_y: 1557.41
DSC_8283.JPG_min_y: 126.406
