9.554043671997778375e-01 4.859611367319129072e-02 -5.081979465849245798e+02
3.428956292373360193e-01 9.026010560544890371e-01 2.352102684868590998e+01
4.175953736886561796e-04 2.436306407715586059e-05 1.000000000000000000e+00
DSC_8252.JPG_max_x: 1317.99
DSC_8252.JPG_min_x: 507.599
DSC_8252.JPG_max_y: 1106.61
DSC_8252.JPG_min_y: 578.377
DSC_8336.JPG_max_x: 506.72
DSC_8336.JPG_min_x: 6.43509
DSC_8336.JPG_max_y: 953.883
DSC_8336.JPG_min_y: 603.273
