1.017214108976805642e+00 -2.532288609560005010e-01 -1.178855255817254886e+02
8.874243916359243756e-02 3.828004842122715856e-01 1.096838504889599108e+03
4.176143610638094288e-05 -3.847824821404621743e-04 1.000000000000000000e+00
DSC_8417.JPG_max_x: 1295.5
DSC_8417.JPG_min_x: 333.792
DSC_8417.JPG_max_y: 707.833
DSC_8417.JPG_min_y: 4.45014
DSC_8432.JPG_max_x: 1258.63
DSC_8432.JPG_min_x: 181.723
DSC_8432.JPG_max_y: 1903.97
DSC_8432.JPG_min_y: 1134.65
