7.081342844328334385e-01 1.138146087137155565e-01 -6.061681245125843134e+02
3.212499020604562827e-01 -5.270087719378616642e-01 1.122792047492602023e+03
2.461253735168509454e-04 -5.706538347920931580e-04 1.000000000000000000e+00
DSC_8260.JPG_max_x: 1046.44
DSC_8260.JPG_min_x: 642.903
DSC_8260.JPG_max_y: 1618.98
DSC_8260.JPG_min_y: 1184.72
DSC_8476.JPG_max_x: 533.458
DSC_8476.JPG_min_x: 15.6824
DSC_8476.JPG_max_y: 1917.86
DSC_8476.JPG_min_y: 1430.22
