8.683412401760531862e-01 5.162744578608813133e-03 6.180523761071548279e+02
2.310384462045978471e-01 7.271588880161405921e-01 3.571543941869372816e+02
1.998709517171844401e-04 1.637591956302982246e-05 1.000000000000000000e+00
DSC_8252.JPG_max_x: 1128.26
DSC_8252.JPG_min_x: 23.6754
DSC_8252.JPG_max_y: 1957.35
DSC_8252.JPG_min_y: 587.813
DSC_8432.JPG_max_x: 1295.3
DSC_8432.JPG_min_x: 614.069
DSC_8432.JPG_max_y: 1713.8
DSC_8432.JPG_min_y: 822.06
