5.231866716534489647e+00 -3.166959821409172093e-01 -1.974884512441535890e+03
2.634458698059717108e+00 3.219341585949268225e+00 -1.186979071305241632e+03
2.470386239713154904e-03 -9.318953537697912065e-04 9.999999999999998890e-01
DSC_8263.JPG_max_x: 1007.09
DSC_8263.JPG_min_x: 520.753
DSC_8263.JPG_max_y: 846.763
DSC_8263.JPG_min_y: 14.6879
DSC_8329.JPG_max_x: 1109.85
DSC_8329.JPG_min_x: 350.921
DSC_8329.JPG_max_y: 1561.91
DSC_8329.JPG_min_y: 102.417
