1.137131945207785710e+00 2.629041036963473618e-02 1.753265728071355412e+01
1.317831334646014756e-02 1.157609330889618038e+00 -1.413486494209031719e+02
1.790471805589153757e-05 6.623081283988659367e-05 1.000000000000000000e+00
DSC_8364.JPG_max_x: 1281.3
DSC_8364.JPG_min_x: 32.1513
DSC_8364.JPG_max_y: 1713.84
DSC_8364.JPG_min_y: 222.465
DSC_8398.JPG_max_x: 1326.5
DSC_8398.JPG_min_x: 105.888
DSC_8398.JPG_max_y: 1654.07
DSC_8398.JPG_min_y: 156.923
