-1.944636199508582131e+00 -7.864569477527134644e-01 2.942793333274252745e+03
9.025002013838215320e-02 -2.188774746580049779e+00 1.997061371849262514e+03
-8.712011583958217910e-04 -7.469162694458453310e-04 1.000000000000000000e+00
DSC_8214.JPG_max_x: 1327.11
DSC_8214.JPG_min_x: 910.719
DSC_8214.JPG_max_y: 1877.39
DSC_8214.JPG_min_y: 983.619
DSC_8361.JPG_max_x: 536.16
DSC_8361.JPG_min_x: 102.089
DSC_8361.JPG_max_y: 1690.18
DSC_8361.JPG_min_y: 49.5884
