5.176900030964058930e-01 -4.231172014620745991e-02 3.533404667347263217e+00
-8.601411788313219342e-02 4.890123485730181740e-01 6.119004334236877867e+02
-9.108923201486853458e-05 -1.338928226318475948e-05 1.000000000000000000e+00
DSC_8286.JPG_max_x: 1327.0
DSC_8286.JPG_min_x: 68.2995
DSC_8286.JPG_max_y: 1737.05
DSC_8286.JPG_min_y: 568.885
DSC_8446.JPG_max_x: 745.655
DSC_8446.JPG_min_x: 6.01525
DSC_8446.JPG_max_y: 1553.6
DSC_8446.JPG_min_y: 909.216
