3.115764022257880850e+00 7.148287270974484908e-01 -1.440705949195229550e+03
-1.791802151253432673e-02 3.250175675095054562e+00 -3.582892533439739509e+03
1.166635724062809208e-04 1.180988381944934017e-03 1.000000000000000000e+00
DSC_8210.JPG_max_x: 670.247
DSC_8210.JPG_min_x: 50.1061
DSC_8210.JPG_max_y: 1984.17
DSC_8210.JPG_min_y: 1375.42
DSC_8211.JPG_max_x: 609.345
DSC_8211.JPG_min_x: 21.2479
DSC_8211.JPG_max_y: 834.937
DSC_8211.JPG_min_y: 320.592
