-1.997652198433879756e+00 7.156208385907047997e-01 1.162171596072711509e+03
-2.627009793846079244e+00 1.340400357570031842e+00 1.058673332750475083e+03
-2.044019656780693417e-03 6.484616974366777704e-04 9.999999999999998890e-01
DSC_8273.JPG_max_x: 1106.9
DSC_8273.JPG_min_x: 130.912
DSC_8273.JPG_max_y: 1455.84
DSC_8273.JPG_min_y: 250.688
DSC_8290.JPG_max_x: 1311.12
DSC_8290.JPG_min_x: 582.863
DSC_8290.JPG_max_y: 1783.34
DSC_8290.JPG_min_y: 878.884
