6.409858460909431344e+00 2.288001206867812165e+00 -4.199452816784543757e+03
-2.548447798032021927e-01 7.853273686041411850e+00 -1.047197679764901841e+04
-3.756851043707289567e-05 3.072202500188582399e-03 1.000000000000000000e+00
DSC_8216.JPG_max_x: 1275.36
DSC_8216.JPG_min_x: 571.292
DSC_8216.JPG_max_y: 1939.48
DSC_8216.JPG_min_y: 1361.0
DSC_8217.JPG_max_x: 1248.06
DSC_8217.JPG_min_x: 548.808
DSC_8217.JPG_max_y: 661.943
DSC_8217.JPG_min_y: 2.76138
