-7.839581290674205727e-01 -1.943627603746974353e-01 1.107429026041093039e+03
-1.153105787945421845e+00 6.659886667163212870e-01 2.709246504515130027e+02
-8.807249265841127607e-04 -1.514374008458588456e-04 9.999999999999998890e-01
DSC_8218.JPG_max_x: 1239.82
DSC_8218.JPG_min_x: 23.0397
DSC_8218.JPG_max_y: 1113.43
DSC_8218.JPG_min_y: 597.006
DSC_8278.JPG_max_x: 1276.77
DSC_8278.JPG_min_x: 324.749
DSC_8278.JPG_max_y: 1619.52
DSC_8278.JPG_min_y: 435.041
