2.187882466637043777e+00 5.736889742822496308e-01 -4.594684965374008812e+02
-7.102919849158986221e-01 2.447802572196925652e+00 -8.605473651870572667e+02
-2.360591525761820465e-04 3.738926703664884120e-04 1.000000000000000000e+00
DSC_8222.JPG_max_x: 669.59
DSC_8222.JPG_min_x: 111.319
DSC_8222.JPG_max_y: 1410.71
DSC_8222.JPG_min_y: 829.117
DSC_8272.JPG_max_x: 1314.25
DSC_8272.JPG_min_x: 308.521
DSC_8272.JPG_max_y: 1658.01
DSC_8272.JPG_min_y: 694.175
