1.414293474340477363e+00 4.522544137596919978e-01 -8.892138218309040099e+01
-9.678581877526783563e-04 1.555348520725557959e+00 -4.899877034673649518e+02
1.880630798965051884e-04 3.050875634909104754e-05 1.000000000000000000e+00
DSC_8447.JPG_max_x: 776.039
DSC_8447.JPG_min_x: 270.887
DSC_8447.JPG_max_y: 839.093
DSC_8447.JPG_min_y: 316.757
DSC_8467.JPG_max_x: 1095.06
DSC_8467.JPG_min_x: 554.335
DSC_8467.JPG_max_y: 757.944
DSC_8467.JPG_min_y: 6.04862
