7.334014451845810578e-01 -7.271335935638685577e-02 4.212153778472543877e+02
-1.000326505879786249e-01 8.958598298475158872e-01 2.128235495160722337e+02
-1.427671600606947571e-04 -5.200419284465473355e-05 1.000000000000000000e+00
DSC_8312.JPG_max_x: 947.217
DSC_8312.JPG_min_x: 64.1377
DSC_8312.JPG_max_y: 1306.46
DSC_8312.JPG_min_y: 521.151
DSC_8440.JPG_max_x: 1275.54
DSC_8440.JPG_min_x: 388.67
DSC_8440.JPG_max_y: 1493.74
DSC_8440.JPG_min_y: 689.741
