8.547635651938362500e+00 -2.823462227353750365e+01 1.766626872476477502e+03
1.057121647778235740e+01 -3.555794747292545566e+01 2.645253572851966055e+03
8.043911005829088023e-03 -2.312920865570255655e-02 1.000000000000000000e+00
DSC_8261.JPG_max_x: 643.496
DSC_8261.JPG_min_x: 45.0325
DSC_8261.JPG_max_y: 546.295
DSC_8261.JPG_min_y: 132.006
DSC_8454.JPG_max_x: 1313.39
DSC_8454.JPG_min_x: 701.328
DSC_8454.JPG_max_y: 1578.93
DSC_8454.JPG_min_y: 863.475
