-2.703741905000179857e-01 -1.020987409433223581e-01 4.485680741376992273e+02
-1.483926510440896906e-01 -6.581658804826366893e-01 8.816325875264725482e+02
-5.645187878612414889e-04 -4.220864690670043246e-04 1.000000000000000000e+00
DSC_8312.JPG_max_x: 1325.05
DSC_8312.JPG_min_x: 820.239
DSC_8312.JPG_max_y: 1964.05
DSC_8312.JPG_min_y: 758.027
DSC_8331.JPG_max_x: 971.964
DSC_8331.JPG_min_x: 25.9445
DSC_8331.JPG_max_y: 1494.0
DSC_8331.JPG_min_y: 730.827
