-5.770813112791705057e-01 4.414753581934654364e-02 6.301557081932263600e+02
-9.950606308610001616e-01 -3.388112370470981460e-01 1.467711790498017081e+03
-1.030715186882399503e-03 4.861948493007142296e-05 1.000000000000000000e+00
DSC_8400.JPG_max_x: 1322.88
DSC_8400.JPG_min_x: 850.943
DSC_8400.JPG_max_y: 1582.09
DSC_8400.JPG_min_y: 1219.67
DSC_8432.JPG_max_x: 1057.2
DSC_8432.JPG_min_x: 137.726
DSC_8432.JPG_max_y: 1366.55
DSC_8432.JPG_min_y: 839.546
