-1.130133565332569257e+00 2.326570964666998739e-02 1.160063643415123806e+03
-4.938595612634748000e-01 -2.894273559361605352e-01 7.881507265788756058e+02
-1.481249521411064085e-03 3.937529669949691585e-04 9.999999999999998890e-01
DSC_8218.JPG_max_x: 1327.99
DSC_8218.JPG_min_x: 1096.46
DSC_8218.JPG_max_y: 1181.72
DSC_8218.JPG_min_y: 764.395
DSC_8335.JPG_max_x: 655.566
DSC_8335.JPG_min_x: 267.671
DSC_8335.JPG_max_y: 491.596
DSC_8335.JPG_min_y: 114.297
