7.694487506028580448e+00 2.398309518789244255e+00 5.372687344716507596e+02
6.124742240059751097e+00 1.004875855936479923e+01 1.409554440575568833e+03
4.408462522330355328e-03 3.053750509729382875e-03 1.000000000000000000e+00
DSC_8433.JPG_max_x: 628.402
DSC_8433.JPG_min_x: 58.9284
DSC_8433.JPG_max_y: 301.572
DSC_8433.JPG_min_y: 149.629
DSC_8468.JPG_max_x: 1212.44
DSC_8468.JPG_min_x: 722.577
DSC_8468.JPG_max_y: 1974.47
DSC_8468.JPG_min_y: 1606.85
