8.001807809450576237e-01 -4.093594167741959611e-02 4.146232120992548289e+02
5.115393385263432291e-02 1.056966788677806690e+00 -8.446830343337048816e+02
-2.709147649837556236e-04 1.300565944287908880e-04 1.000000000000000000e+00
DSC_8292.JPG_max_x: 861.745
DSC_8292.JPG_min_x: 21.5034
DSC_8292.JPG_max_y: 1406.59
DSC_8292.JPG_min_y: 979.932
DSC_8447.JPG_max_x: 1167.42
DSC_8447.JPG_min_x: 325.58
DSC_8447.JPG_max_y: 584.612
DSC_8447.JPG_min_y: 244.295
