6.726204217799381935e-01 -5.549390115571073423e-02 4.770958215897209698e+02
-1.331463445774995757e-01 1.011952799467074726e+00 1.605518896035607384e+02
-1.915805421084689332e-04 -3.332102840680166574e-05 1.000000000000000000e+00
DSC_8246.JPG_max_x: 892.266
DSC_8246.JPG_min_x: 28.5821
DSC_8246.JPG_max_y: 1245.83
DSC_8246.JPG_min_y: 534.787
DSC_8440.JPG_max_x: 1261.83
DSC_8440.JPG_min_x: 425.066
DSC_8440.JPG_max_y: 1487.86
DSC_8440.JPG_min_y: 689.741
