4.143158158083675713e-01 6.135258296008197498e-02 5.624478006297257480e+02
-1.274731870347537051e-02 7.385060711094996178e-01 -4.860110478721968548e+02
-1.831092748439154061e-04 1.533362172684820789e-04 1.000000000000000000e+00
DSC_8256.JPG_max_x: 1265.55
DSC_8256.JPG_min_x: 316.089
DSC_8256.JPG_max_y: 1493.01
DSC_8256.JPG_min_y: 960.468
DSC_8431.JPG_max_x: 1226.6
DSC_8431.JPG_min_x: 682.391
DSC_8431.JPG_max_y: 548.551
DSC_8431.JPG_min_y: 215.019
