1.128379305857448056e+00 1.561717934504804062e-01 1.567189831995479494e+02
6.625909291480051866e-02 1.004916091415167800e+00 8.003263796915385342e+01
7.235084304130208835e-05 1.024114871775387271e-04 1.000000000000000000e+00
DSC_8222.JPG_max_x: 1123.44
DSC_8222.JPG_min_x: 27.7104
DSC_8222.JPG_max_y: 1852.7
DSC_8222.JPG_min_y: 781.949
DSC_8352.JPG_max_x: 1327.67
DSC_8352.JPG_min_x: 356.405
DSC_8352.JPG_max_y: 1577.84
DSC_8352.JPG_min_y: 810.381
