3.305597392131094381e+00 9.937639503724405854e-01 -1.698292169058265699e+03
-1.974335745955766233e-02 3.594705443344665241e+00 -3.589826327606734594e+03
1.405344324401041993e-04 1.327421994252224024e-03 1.000000000000000000e+00
DSC_8320.JPG_max_x: 1146.45
DSC_8320.JPG_min_x: 138.151
DSC_8320.JPG_max_y: 1832.29
DSC_8320.JPG_min_y: 1018.82
DSC_8321.JPG_max_x: 1175.42
DSC_8321.JPG_min_x: 135.627
DSC_8321.JPG_max_y: 881.627
DSC_8321.JPG_min_y: 16.3527
