7.648891548483641722e-01 -3.033201089015705176e-01 1.724207264636347929e+02
2.255674252772456312e-01 3.462739771732418759e-01 1.118063581522574623e+03
9.481042161833010118e-05 -2.718586081107214310e-04 1.000000000000000000e+00
DSC_8353.JPG_max_x: 1319.05
DSC_8353.JPG_min_x: 10.4862
DSC_8353.JPG_max_y: 599.998
DSC_8353.JPG_min_y: 92.088
DSC_8366.JPG_max_x: 1047.32
DSC_8366.JPG_min_x: 21.6405
DSC_8366.JPG_max_y: 1681.54
DSC_8366.JPG_min_y: 1232.02
