2.330885202135691614e+00 1.065632952137448797e+00 -2.908739788453185156e+03
-2.659520154579831375e-01 2.344770168190272841e+00 -9.402896335916018700e+01
6.406888481396555554e-04 2.607664584711685851e-04 1.000000000000000000e+00
DSC_8357.JPG_max_x: 1298.59
DSC_8357.JPG_min_x: 1050.22
DSC_8357.JPG_max_y: 1837.25
DSC_8357.JPG_min_y: 290.933
DSC_8373.JPG_max_x: 795.898
DSC_8373.JPG_min_x: 118.501
DSC_8373.JPG_max_y: 1756.68
DSC_8373.JPG_min_y: 119.151
