-8.168297466482316027e-01 1.226136583902631916e+00 2.749252259536268639e+02
-1.747726779101492767e+00 2.498180737448980615e+00 6.148573605947691476e+02
-2.844566686031410260e-03 4.028936230966688806e-03 1.000000000000000000e+00
DSC_8209.JPG_max_x: 1271.1
DSC_8209.JPG_min_x: 171.168
DSC_8209.JPG_max_y: 684.632
DSC_8209.JPG_min_y: 229.818
DSC_8383.JPG_max_x: 576.564
DSC_8383.JPG_min_x: 162.551
DSC_8383.JPG_max_y: 848.691
DSC_8383.JPG_min_y: 436.544
