-5.740044062764413368e-01 -5.850457948891718551e-01 1.079315912787283878e+03
-2.440832704039072876e-01 -4.365296939314874392e-01 6.730564134990137291e+02
-5.408910328204392329e-04 -5.863371242096274269e-04 1.000000000000000000e+00
DSC_8202.JPG_max_x: 1084.64
DSC_8202.JPG_min_x: 240.084
DSC_8202.JPG_max_y: 1946.69
DSC_8202.JPG_min_y: 938.776
DSC_8323.JPG_max_x: 1107.48
DSC_8323.JPG_min_x: 406.176
DSC_8323.JPG_max_y: 814.329
DSC_8323.JPG_min_y: 4.17654
