2.867150354224236697e+00 8.459736162948585658e-01 -1.247536213379371020e+03
-6.649469338295099785e-02 3.516995662412579549e+00 -3.980211079621816680e+03
-4.830098590806136905e-05 1.108874221026900702e-03 1.000000000000000000e+00
DSC_8448.JPG_max_x: 1246.11
DSC_8448.JPG_min_x: 26.9323
DSC_8448.JPG_max_y: 1992.03
DSC_8448.JPG_min_y: 1145.22
DSC_8449.JPG_max_x: 1319.94
DSC_8449.JPG_min_x: 8.44305
DSC_8449.JPG_max_y: 935.852
DSC_8449.JPG_min_y: 13.8981
