1.908710500201035831e+00 -2.461023020791794913e+00 5.852852230532625981e+02
2.521946207614014668e+00 -4.729805434006864928e+00 1.591142225701577672e+03
1.599390364517394147e-03 -3.105106038793540267e-03 1.000000000000000000e+00
DSC_8237.JPG_max_x: 1019.53
DSC_8237.JPG_min_x: 232.629
DSC_8237.JPG_max_y: 381.955
DSC_8237.JPG_min_y: 145.944
DSC_8432.JPG_max_x: 1041.75
DSC_8432.JPG_min_x: 481.41
DSC_8432.JPG_max_y: 1776.9
DSC_8432.JPG_min_y: 1109.27
