5.354843089443573900e-01 -1.329754159954301962e-01 6.641217266827754884e+02
-2.964863963555239845e-01 5.906753770296359063e-01 6.335006231908674863e+02
-2.332248200578620318e-04 -1.306069434722666102e-04 1.000000000000000000e+00
DSC_8292.JPG_max_x: 720.927
DSC_8292.JPG_min_x: 25.2898
DSC_8292.JPG_max_y: 1479.5
DSC_8292.JPG_min_y: 686.472
DSC_8466.JPG_max_x: 1318.77
DSC_8466.JPG_min_x: 604.297
DSC_8466.JPG_max_y: 1932.3
DSC_8466.JPG_min_y: 1120.07
