4.623980105850529765e-01 -1.588203137723658287e-01 4.064590704709680722e+02
-2.878073401285852206e-02 2.315752862177450078e-01 8.964603165017705351e+02
-3.141734084049393181e-05 -2.174168804548309028e-04 1.000000000000000000e+00
DSC_8257.JPG_max_x: 1250.71
DSC_8257.JPG_min_x: 123.23
DSC_8257.JPG_max_y: 1163.72
DSC_8257.JPG_min_y: 124.24
DSC_8292.JPG_max_x: 1042.24
DSC_8292.JPG_min_x: 406.609
DSC_8292.JPG_max_y: 1586.76
DSC_8292.JPG_min_y: 957.258
