7.465433180447113015e-01 -3.132903078662534480e-01 6.081666199545605878e+02
1.082643333000305602e-02 3.545388411567737541e-01 9.692990362143868879e+02
1.094081117202650557e-06 -2.616096245735796450e-04 1.000000000000000000e+00
DSC_8257.JPG_max_x: 953.888
DSC_8257.JPG_min_x: 271.51
DSC_8257.JPG_max_y: 676.113
DSC_8257.JPG_min_y: 32.962
DSC_8272.JPG_max_x: 1323.49
DSC_8272.JPG_min_x: 737.61
DSC_8272.JPG_max_y: 1474.92
DSC_8272.JPG_min_y: 997.759
