-1.581455507428575491e-01 -6.354581042186763229e-01 -2.876778427418452111e+02
1.545039018002538345e-01 -2.316735358657436628e+00 2.293145501788599177e+03
1.087021500537497598e-03 -2.588604679869303208e-03 1.000000000000000000e+00
DSC_8322.JPG_max_x: 1240.04
DSC_8322.JPG_min_x: 436.716
DSC_8322.JPG_max_y: 1643.78
DSC_8322.JPG_min_y: 1206.04
DSC_8381.JPG_max_x: 1303.45
DSC_8381.JPG_min_x: 573.331
DSC_8381.JPG_max_y: 621.468
DSC_8381.JPG_min_y: 280.935
