3.959169320767534472e+00 1.066121170348921232e-01 -4.233919499107636511e+03
2.127828383456535022e+00 3.633409997632107480e+00 -2.786447088046450972e+03
2.071735108971183535e-03 7.589288876098934850e-05 1.000000000000000000e+00
DSC_8454.JPG_max_x: 1325.96
DSC_8454.JPG_min_x: 1045.81
DSC_8454.JPG_max_y: 1620.39
DSC_8454.JPG_min_y: 713.094
DSC_8456.JPG_max_x: 302.817
DSC_8456.JPG_min_x: 16.8705
DSC_8456.JPG_max_y: 1566.39
DSC_8456.JPG_min_y: 662.342
