1.478978710380806083e+00 1.028624201829844535e-02 -4.259827710574527373e+02
1.045980173029214567e-02 1.391029235014615839e+00 -2.867276721088782665e+02
1.855477317092446243e-05 1.441056121818464245e-05 1.000000000000000000e+00
DSC_8312.JPG_max_x: 1204.44
DSC_8312.JPG_min_x: 412.282
DSC_8312.JPG_max_y: 1325.65
DSC_8312.JPG_min_y: 509.606
DSC_8328.JPG_max_x: 1254.48
DSC_8328.JPG_min_x: 188.731
DSC_8328.JPG_max_y: 1516.23
DSC_8328.JPG_min_y: 423.431
