-9.395877429142930615e-02 5.303431995236434354e-02 2.636768065899952163e+01
-1.029542741603610700e+00 3.247615057549076839e-02 1.059534196842380425e+03
-1.098616270524899532e-03 1.681809666873115307e-04 1.000000000000000000e+00
DSC_8246.JPG_max_x: 1327.95
DSC_8246.JPG_min_x: 1071.87
DSC_8246.JPG_max_y: 1708.84
DSC_8246.JPG_min_y: 867.507
DSC_8264.JPG_max_x: 849.287
DSC_8264.JPG_min_x: 15.8771
DSC_8264.JPG_max_y: 1598.78
DSC_8264.JPG_min_y: 474.317
