1.355151771508410041e+00 2.125704783279423471e-01 -2.915412055828610391e+02
-3.045615200038929993e-02 1.331896918678476149e+00 -1.298247826444038083e+03
8.820335399242838675e-06 2.255964123152826104e-04 1.000000000000000000e+00
DSC_8442.JPG_max_x: 1280.79
DSC_8442.JPG_min_x: 12.7953
DSC_8442.JPG_max_y: 1963.22
DSC_8442.JPG_min_y: 1460.45
DSC_8443.JPG_max_x: 1310.2
DSC_8443.JPG_min_x: 17.723
DSC_8443.JPG_max_y: 881.893
DSC_8443.JPG_min_y: 473.952
