4.184138882687155281e+00 -1.495023487613803825e-01 -2.965716248673163591e+03
4.219365964629248289e+00 1.902151922220593594e+00 -8.849414222483452477e+02
3.579831588782019566e-03 -4.192872384022989455e-04 1.000000000000000000e+00
DSC_8250.JPG_max_x: 1274.25
DSC_8250.JPG_min_x: 1055.18
DSC_8250.JPG_max_y: 1290.07
DSC_8250.JPG_min_y: 628.49
DSC_8378.JPG_max_x: 432.454
DSC_8378.JPG_min_x: 299.125
DSC_8378.JPG_max_y: 1398.85
DSC_8378.JPG_min_y: 1060.05
