3.216921410021275740e+00 -6.376783544453469565e-02 -4.843786368344323705e+02
1.001940107587280110e-01 1.934096572959826954e+00 -5.665661592903167048e+02
4.180778690090371360e-04 -4.570820860944647268e-05 1.000000000000000000e+00
DSC_8202.JPG_max_x: 667.452
DSC_8202.JPG_min_x: 167.793
DSC_8202.JPG_max_y: 1198.44
DSC_8202.JPG_min_y: 682.198
DSC_8256.JPG_max_x: 1297.6
DSC_8256.JPG_min_x: 43.0051
DSC_8256.JPG_max_y: 1679.12
DSC_8256.JPG_min_y: 685.475
