1.029328645101326822e+00 -2.095347761965672628e+00 8.363322919503640378e+02
8.825972737257694600e-01 -2.062647347597700520e+00 1.244157875259852744e+03
4.992501620477400462e-04 -1.772118934097952027e-03 1.000000000000000000e+00
DSC_8245.JPG_max_x: 758.433
DSC_8245.JPG_min_x: 197.143
DSC_8245.JPG_max_y: 322.868
DSC_8245.JPG_min_y: 15.762
DSC_8474.JPG_max_x: 1175.31
DSC_8474.JPG_min_x: 928.851
DSC_8474.JPG_max_y: 1525.63
DSC_8474.JPG_min_y: 1290.84
