1.908084481222763196e-01 -3.853635031638399933e-02 7.193906546230243748e+02
-5.225612946881009746e-01 9.117693543413148971e-01 6.528176431616091691e+01
-5.526168724378765227e-04 -1.472983141175072583e-05 9.999999999999998890e-01
DSC_8216.JPG_max_x: 257.828
DSC_8216.JPG_min_x: 9.18764
DSC_8216.JPG_max_y: 1284.83
DSC_8216.JPG_min_y: 612.793
DSC_8328.JPG_max_x: 871.873
DSC_8328.JPG_min_x: 693.359
DSC_8328.JPG_max_y: 1300.89
DSC_8328.JPG_min_y: 600.317
