-9.103781048329349923e-02 1.518950960902348546e-01 1.101135464391943287e+03
-1.612020615036386106e-01 1.141496937821059543e+00 -1.067905418483495851e+03
-1.126067572933016478e-03 4.076385640202721534e-04 1.000000000000000000e+00
DSC_8258.JPG_max_x: 589.984
DSC_8258.JPG_min_x: 40.7926
DSC_8258.JPG_max_y: 1868.96
DSC_8258.JPG_min_y: 1168.14
DSC_8307.JPG_max_x: 1319.56
DSC_8307.JPG_min_x: 894.889
DSC_8307.JPG_max_y: 760.798
DSC_8307.JPG_min_y: 182.556
