-1.293844312804042218e+01 -5.063115088338036252e+00 -7.650490851495401330e+03
-9.000344190746309980e-01 -3.142823722902651795e+01 2.898671689213227000e+04
9.945700971021095155e-03 -1.102239540561656891e-02 1.000000000000000000e+00
DSC_8264.JPG_max_x: 120.442
DSC_8264.JPG_min_x: 14.518
DSC_8264.JPG_max_y: 1555.99
DSC_8264.JPG_min_y: 1186.85
DSC_8423.JPG_max_x: 1303.04
DSC_8423.JPG_min_x: 1039.04
DSC_8423.JPG_max_y: 1299.96
DSC_8423.JPG_min_y: 704.259
