1.759154127865508954e+01 6.639396032348666488e+00 -1.222951955435112359e+04
-8.138103480446039484e-01 2.033755260615760818e+01 -2.356534760664635542e+04
3.395331407681716315e-04 1.001181901445143824e-02 1.000000000000000000e+00
DSC_8472.JPG_max_x: 1303.84
DSC_8472.JPG_min_x: 149.155
DSC_8472.JPG_max_y: 1841.54
DSC_8472.JPG_min_y: 1240.21
DSC_8473.JPG_max_x: 1247.89
DSC_8473.JPG_min_x: 51.5658
DSC_8473.JPG_max_y: 680.365
DSC_8473.JPG_min_y: 88.7791
