1.670770518244018454e+00 1.448094194361127240e-01 -6.422105736932646778e+02
-2.571080838468178809e-01 2.008146676362118299e+00 -6.562154298638637329e+02
-2.850597531115806895e-04 1.431578262176812243e-04 1.000000000000000000e+00
DSC_8236.JPG_max_x: 984.092
DSC_8236.JPG_min_x: 282.088
DSC_8236.JPG_max_y: 1257.82
DSC_8236.JPG_min_y: 650.339
DSC_8268.JPG_max_x: 1315.38
DSC_8268.JPG_min_x: 16.1184
DSC_8268.JPG_max_y: 1743.39
DSC_8268.JPG_min_y: 514.364
