1.516979420274753965e+00 5.968459131015956265e-01 -1.059163503719297978e+03
2.856502578342638016e-02 1.498605054042235984e+00 -2.589455197485874010e+02
2.804247598978808773e-04 8.975402409637709116e-04 1.000000000000000000e+00
DSC_8287.JPG_max_x: 1227.69
DSC_8287.JPG_min_x: 500.532
DSC_8287.JPG_max_y: 1577.72
DSC_8287.JPG_min_y: 292.839
DSC_8293.JPG_max_x: 615.779
DSC_8293.JPG_min_x: 187.271
DSC_8293.JPG_max_y: 830.026
DSC_8293.JPG_min_y: 136.248
