3.639399993924049781e+00 -1.513126620188965932e-01 -1.699983036362659277e+03
1.691585788804218948e+00 1.612038335059608807e+00 -7.159739519764392526e+02
2.085124641197074434e-03 -1.966307888940777959e-04 1.000000000000000000e+00
DSC_8282.JPG_max_x: 1285.82
DSC_8282.JPG_min_x: 590.706
DSC_8282.JPG_max_y: 1582.68
DSC_8282.JPG_min_y: 480.669
DSC_8318.JPG_max_x: 811.987
DSC_8318.JPG_min_x: 181.46
DSC_8318.JPG_max_y: 1248.29
DSC_8318.JPG_min_y: 572.874
