9.796270752552708183e-01 3.844592835330010866e-02 -5.058268290738962492e+02
-8.195536543586955103e-02 1.186468991701661091e+00 -2.088018629133648929e+01
-6.233917024404185981e-05 1.470259751644335334e-04 1.000000000000000000e+00
DSC_8306.JPG_max_x: 1312.53
DSC_8306.JPG_min_x: 520.923
DSC_8306.JPG_max_y: 1478.56
DSC_8306.JPG_min_y: 587.867
DSC_8322.JPG_max_x: 788.255
DSC_8322.JPG_min_x: 15.5981
DSC_8322.JPG_max_y: 1449.18
DSC_8322.JPG_min_y: 597.064
