-3.380223842357510389e-01 -5.216070877261651528e-01 1.146338087558439838e+03
-3.521961359649630752e-01 3.561470510971577741e-01 -1.354226368848563880e+02
-3.145996483836517154e-04 -4.405315038889569008e-04 1.000000000000000000e+00
DSC_8294.JPG_max_x: 1116.25
DSC_8294.JPG_min_x: 104.96
DSC_8294.JPG_max_y: 1476.36
DSC_8294.JPG_min_y: 997.954
DSC_8307.JPG_max_x: 1252.72
DSC_8307.JPG_min_x: 681.419
DSC_8307.JPG_max_y: 1775.33
DSC_8307.JPG_min_y: 260.741
