1.249647296254907669e+00 1.148641229409960024e-02 -3.047098871850150203e+02
1.254778438884367742e-01 1.113072313075840869e+00 -5.822269971188839577e+01
1.930631145948363510e-04 -2.454858328934316920e-05 1.000000000000000000e+00
DSC_8335.JPG_max_x: 1304.64
DSC_8335.JPG_min_x: 267.671
DSC_8335.JPG_max_y: 1273.55
DSC_8335.JPG_min_y: 6.18471
DSC_8433.JPG_max_x: 1082.24
DSC_8433.JPG_min_x: 35.3606
DSC_8433.JPG_max_y: 1283.1
DSC_8433.JPG_min_y: 25.1964
