-3.341077985083744650e+00 -6.006837437260309498e-01 1.554655854299145403e+03
-2.436166894623023271e+00 -3.105195051200221990e+00 3.843406980969300093e+03
-1.722888197801510741e-03 -6.858747119234924342e-04 1.000000000000000000e+00
DSC_8364.JPG_max_x: 646.46
DSC_8364.JPG_min_x: 327.69
DSC_8364.JPG_max_y: 1288.92
DSC_8364.JPG_min_y: 1070.0
DSC_8468.JPG_max_x: 1219.13
DSC_8468.JPG_min_x: 649.37
DSC_8468.JPG_max_y: 1954.02
DSC_8468.JPG_min_y: 1099.69
