5.507889514075560156e-01 -2.284405771587529332e-01 4.268843793756917080e+02
6.381926617130627422e-02 1.767580223921125238e-01 1.068629671895693036e+03
1.464196532590954912e-05 -2.525331083821078025e-04 1.000000000000000000e+00
DSC_8319.JPG_max_x: 1199.47
DSC_8319.JPG_min_x: 80.3554
DSC_8319.JPG_max_y: 1214.93
DSC_8319.JPG_min_y: 39.5775
DSC_8334.JPG_max_x: 1111.67
DSC_8334.JPG_min_x: 459.11
DSC_8334.JPG_max_y: 1881.07
DSC_8334.JPG_min_y: 1110.19
