-1.232511498590755261e+00 -1.147764740277918083e+00 2.179689458068016847e+03
4.018318935378698553e-01 -1.775264793232607552e+00 1.720795479842509621e+03
8.058923199788543953e-04 -1.624802055985281575e-03 1.000000000000000000e+00
DSC_8328.JPG_max_x: 830.278
DSC_8328.JPG_min_x: 722.299
DSC_8328.JPG_max_y: 1303.47
DSC_8328.JPG_min_y: 740.563
DSC_8387.JPG_max_x: 964.173
DSC_8387.JPG_min_x: 66.8895
DSC_8387.JPG_max_y: 1656.01
DSC_8387.JPG_min_y: 22.2348
