6.656145643318991389e-01 -2.597790968456759053e-01 8.713811380008352216e+02
8.701529840714573860e-02 8.633232660707356176e-01 -3.882816192669201971e+00
-1.704846190334296217e-04 3.392858455224612380e-05 1.000000000000000000e+00
DSC_8263.JPG_max_x: 591.897
DSC_8263.JPG_min_x: 39.1093
DSC_8263.JPG_max_y: 695.747
DSC_8263.JPG_min_y: 38.1622
DSC_8277.JPG_max_x: 1234.75
DSC_8277.JPG_min_x: 842.484
DSC_8277.JPG_max_y: 624.45
DSC_8277.JPG_min_y: 46.9688
