7.840721887140275070e-01 1.134121482774813339e-01 1.150403227899185907e+02
-1.522645333382373900e-01 8.141105486822781678e-01 1.775707532743346064e+02
-2.025133174873259027e-04 -1.607421129261749895e-04 1.000000000000000000e+00
DSC_8367.JPG_max_x: 952.679
DSC_8367.JPG_min_x: 16.6057
DSC_8367.JPG_max_y: 597.761
DSC_8367.JPG_min_y: 181.62
DSC_8415.JPG_max_x: 1264.1
DSC_8415.JPG_min_x: 208.114
DSC_8415.JPG_max_y: 720.613
DSC_8415.JPG_min_y: 291.978
