-9.461238703095833369e-01 1.859111069991928600e-01 1.215482494206161846e+03
-6.405165111239733422e-01 9.423071697431930627e-01 2.655473254995172283e+01
-6.892960198262378145e-04 1.455061119925357682e-04 1.000000000000000000e+00
DSC_8244.JPG_max_x: 348.584
DSC_8244.JPG_min_x: 23.194
DSC_8244.JPG_max_y: 1973.42
DSC_8244.JPG_min_y: 523.562
DSC_8274.JPG_max_x: 1273.21
DSC_8274.JPG_min_x: 1166.97
DSC_8274.JPG_max_y: 1587.93
DSC_8274.JPG_min_y: 477.461
