-6.504507802603304079e+00 -4.854489766630783465e-01 4.906604211242241036e+03
-5.452621024812315254e-01 -4.743089561159893996e+00 4.903636806039790827e+03
-4.299351340363773491e-03 8.775650179453217334e-04 1.000000000000000000e+00
DSC_8246.JPG_max_x: 1289.7
DSC_8246.JPG_min_x: 737.148
DSC_8246.JPG_max_y: 1284.16
DSC_8246.JPG_min_y: 962.283
DSC_8361.JPG_max_x: 1187.61
DSC_8361.JPG_min_x: 262.87
DSC_8361.JPG_max_y: 584.668
DSC_8361.JPG_min_y: 53.2475
