-5.942418999367678367e+00 -1.967024676661257132e+00 3.884685078498067469e+03
2.405366580220187067e-01 -7.629394166214269468e+00 8.308911338720912681e+03
2.802860720409898520e-04 -2.561438794376083659e-03 1.000000000000000000e+00
DSC_8432.JPG_max_x: 667.992
DSC_8432.JPG_min_x: 226.627
DSC_8432.JPG_max_y: 1676.69
DSC_8432.JPG_min_y: 1137.36
DSC_8465.JPG_max_x: 1207.87
DSC_8465.JPG_min_x: 69.3614
DSC_8465.JPG_max_y: 1380.87
DSC_8465.JPG_min_y: 126.835
