1.736175228078316257e+00 7.058583315163895477e-01 -2.096274872007493741e+03
-1.299932101126394790e-01 1.863541076338267155e+00 5.267077570043551304e+02
8.113577128580418737e-04 9.260124874192685312e-05 1.000000000000000000e+00
DSC_8347.JPG_max_x: 1326.76
DSC_8347.JPG_min_x: 893.958
DSC_8347.JPG_max_y: 1107.22
DSC_8347.JPG_min_y: 107.251
DSC_8401.JPG_max_x: 382.577
DSC_8401.JPG_min_x: 35.1375
DSC_8401.JPG_max_y: 1212.36
DSC_8401.JPG_min_y: 278.781
