-1.305672091612827934e+01 -1.214128369159390486e+00 6.275929680305041074e+03
-8.820642645171467011e-01 -1.443923287014837875e+01 1.625474156906266217e+04
-9.359567005931914742e-04 -9.112409645277787934e-03 1.000000000000000000e+00
DSC_8338.JPG_max_x: 1251.78
DSC_8338.JPG_min_x: 320.157
DSC_8338.JPG_max_y: 1772.28
DSC_8338.JPG_min_y: 1282.08
DSC_8395.JPG_max_x: 773.17
DSC_8395.JPG_min_x: 12.0564
DSC_8395.JPG_max_y: 640.884
DSC_8395.JPG_min_y: 252.901
