-1.806676134203216488e+00 -1.054938711561691722e+00 2.563181954888079417e+03
1.784937170956619676e-02 -2.076029109173704423e+00 1.870875113474749696e+03
-1.073113656240933878e-03 -1.210436156712528218e-03 1.000000000000000000e+00
DSC_8218.JPG_max_x: 1327.04
DSC_8218.JPG_min_x: 568.583
DSC_8218.JPG_max_y: 1934.91
DSC_8218.JPG_min_y: 971.511
DSC_8399.JPG_max_x: 583.725
DSC_8399.JPG_min_x: 271.628
DSC_8399.JPG_max_y: 1094.93
DSC_8399.JPG_min_y: 89.1068
