8.533105890372191249e-01 -2.435749339133141608e-02 -1.228422204599082157e+01
5.837977241056967886e-02 8.450698578500097646e-01 1.927432536031059840e+02
5.586861926026013723e-05 1.372862946078512741e-05 1.000000000000000000e+00
DSC_8311.JPG_max_x: 1277.9
DSC_8311.JPG_min_x: 16.2382
DSC_8311.JPG_max_y: 914.54
DSC_8311.JPG_min_y: 177.535
DSC_8457.JPG_max_x: 983.675
DSC_8457.JPG_min_x: 5.08883
DSC_8457.JPG_max_y: 958.925
DSC_8457.JPG_min_y: 268.187
