4.038658157665601101e-01 -1.608409710326359210e-01 3.192999509686425199e+02
1.857374334162078811e-01 -3.481105979975419179e-02 1.242372930662710587e+03
1.274496393642080808e-04 -2.711120037978716874e-04 1.000000000000000000e+00
DSC_8319.JPG_max_x: 1225.9
DSC_8319.JPG_min_x: 177.337
DSC_8319.JPG_max_y: 1192.34
DSC_8319.JPG_min_y: 63.4736
DSC_8378.JPG_max_x: 736.602
DSC_8378.JPG_min_x: 377.882
DSC_8378.JPG_max_y: 1705.75
DSC_8378.JPG_min_y: 1269.16
