6.853757322167491894e-01 -1.740919870260154934e+00 1.105603099715482813e+03
6.978544057913538268e-01 -2.348742945299779006e+00 1.583342463550726961e+03
8.657138401481482594e-04 -1.749280412170541379e-03 1.000000000000000000e+00
DSC_8363.JPG_max_x: 811.817
DSC_8363.JPG_min_x: 64.0624
DSC_8363.JPG_max_y: 1245.72
DSC_8363.JPG_min_y: 241.933
DSC_8404.JPG_max_x: 1296.08
DSC_8404.JPG_min_x: 571.072
DSC_8404.JPG_max_y: 1855.97
DSC_8404.JPG_min_y: 764.412
