7.260773462067963147e-01 -1.754714694333420755e-01 4.547551256129596027e+02
-4.225947030669759824e-02 4.135020785829305878e-01 3.528572578487205647e+02
2.788129278410344925e-05 -2.913914840457905399e-04 1.000000000000000000e+00
DSC_8237.JPG_max_x: 1153.35
DSC_8237.JPG_min_x: 37.5417
DSC_8237.JPG_max_y: 655.941
DSC_8237.JPG_min_y: 152.777
DSC_8351.JPG_max_x: 1269.94
DSC_8351.JPG_min_x: 494.534
DSC_8351.JPG_max_y: 759.805
DSC_8351.JPG_min_y: 376.264
