8.924681601460332514e-01 2.116033495921311736e-01 1.093547184092315376e+02
1.875215341520641149e-02 1.007944833161347420e+00 -9.647400297459059857e+02
2.477466099942808180e-05 3.146253096744962958e-04 1.000000000000000000e+00
DSC_8270.JPG_max_x: 1097.23
DSC_8270.JPG_min_x: 472.456
DSC_8270.JPG_max_y: 1582.98
DSC_8270.JPG_min_y: 1180.67
DSC_8337.JPG_max_x: 944.374
DSC_8337.JPG_min_x: 566.144
DSC_8337.JPG_max_y: 424.837
DSC_8337.JPG_min_y: 175.509
