5.157861482230018391e-01 7.757206995974817720e-02 4.130460938056844498e+02
-1.832419861336221506e-02 5.682627444977778053e-01 2.397143970596930842e+02
-1.116886652789443254e-04 1.364261421810893690e-04 1.000000000000000000e+00
DSC_8227.JPG_max_x: 1299.55
DSC_8227.JPG_min_x: 42.2549
DSC_8227.JPG_max_y: 914.19
DSC_8227.JPG_min_y: 201.84
DSC_8309.JPG_max_x: 1231.27
DSC_8309.JPG_min_x: 445.304
DSC_8309.JPG_max_y: 728.783
DSC_8309.JPG_min_y: 365.649
