3.705280677801454092e-01 -2.587465733630145981e-01 1.207014409925503060e+03
9.479870726882312637e-03 8.967544317394864350e-01 -7.915982943777420644e+01
-4.331162703451465427e-04 1.095000632653860044e-04 1.000000000000000000e+00
DSC_8455.JPG_max_x: 564.217
DSC_8455.JPG_min_x: 26.5975
DSC_8455.JPG_max_y: 1637.14
DSC_8455.JPG_min_y: 356.258
DSC_8473.JPG_max_x: 1325.17
DSC_8473.JPG_min_x: 735.601
DSC_8473.JPG_max_y: 1234.75
DSC_8473.JPG_min_y: 250.721
