-9.394616462049589778e-01 -1.505361165458873884e+00 2.298284992654469079e+03
8.846330955949439911e-02 -3.363347979672500099e+00 2.604807801925757758e+03
1.362744087221081366e-04 -2.319855449931015629e-03 1.000000000000000000e+00
DSC_8211.JPG_max_x: 1271.67
DSC_8211.JPG_min_x: 735.491
DSC_8211.JPG_max_y: 1409.31
DSC_8211.JPG_min_y: 929.379
DSC_8229.JPG_max_x: 415.267
DSC_8229.JPG_min_x: 41.819
DSC_8229.JPG_max_y: 971.467
DSC_8229.JPG_min_y: 481.643
