1.344564321505546944e+00 4.537507112541490084e-01 -9.255495233524206355e+01
-1.846339203773600668e-01 1.670990238802171568e+00 -1.404157887883217427e+03
-9.334072870647193833e-05 5.129831612703516239e-04 1.000000000000000000e+00
DSC_8440.JPG_max_x: 1128.85
DSC_8440.JPG_min_x: 3.28402
DSC_8440.JPG_max_y: 1934.37
DSC_8440.JPG_min_y: 1070.47
DSC_8457.JPG_max_x: 1313.56
DSC_8457.JPG_min_x: 360.849
DSC_8457.JPG_max_y: 876.956
DSC_8457.JPG_min_y: 143.491
