1.307750216566722301e+00 1.156522757973020843e+00 -1.049872362642230428e+03
-2.606090585749389898e-01 1.141794124387796483e+00 9.215703109041862717e+02
4.824052396884907215e-04 -1.207561326732926475e-04 1.000000000000000000e+00
DSC_8223.JPG_max_x: 1318.05
DSC_8223.JPG_min_x: 705.004
DSC_8223.JPG_max_y: 1025.3
DSC_8223.JPG_min_y: 163.971
DSC_8225.JPG_max_x: 1154.93
DSC_8225.JPG_min_x: 342.262
DSC_8225.JPG_max_y: 1438.63
DSC_8225.JPG_min_y: 558.73
