3.893373382048332387e-01 -2.566791817230217876e-01 6.644987692827788450e+00
-4.535665024924182553e-01 1.953343052470040420e-01 1.059423101207290074e+03
-3.675295079789645133e-04 -2.068962066675283386e-04 1.000000000000000000e+00
DSC_8259.JPG_max_x: 1288.55
DSC_8259.JPG_min_x: 714.062
DSC_8259.JPG_max_y: 730.11
DSC_8259.JPG_min_y: 254.833
DSC_8308.JPG_max_x: 915.136
DSC_8308.JPG_min_x: 190.88
DSC_8308.JPG_max_y: 1543.03
DSC_8308.JPG_min_y: 1145.59
