6.682374379603819303e-01 5.213685129086782777e-02 1.259096606153362927e+02
-7.423677289299882021e-02 7.335647472182476037e-01 3.385987314499366221e+02
-6.594196058595664105e-05 8.176041551897257219e-05 1.000000000000000000e+00
DSC_8204.JPG_max_x: 1221.35
DSC_8204.JPG_min_x: 93.3296
DSC_8204.JPG_max_y: 1950.36
DSC_8204.JPG_min_y: 181.2
DSC_8354.JPG_max_x: 997.585
DSC_8354.JPG_min_x: 248.6
DSC_8354.JPG_max_y: 1542.92
DSC_8354.JPG_min_y: 424.818
