-1.449580789234528266e+00 -2.547574058239510109e-01 1.067001750324894374e+03
-1.822491471089682014e+00 4.130033125897284579e-02 7.917068520521573873e+02
-1.762208739270763012e-03 -1.259346026351547681e-04 1.000000000000000000e+00
DSC_8244.JPG_max_x: 755.515
DSC_8244.JPG_min_x: 24.5173
DSC_8244.JPG_max_y: 1973.42
DSC_8244.JPG_min_y: 559.694
DSC_8308.JPG_max_x: 1327.49
DSC_8308.JPG_min_x: 167.271
DSC_8308.JPG_max_y: 1525.46
DSC_8308.JPG_min_y: 509.06
