4.859716235627418723e-01 1.916700179717885366e-02 1.407395049056413541e+02
-7.590835236904107386e-02 6.304683262412281719e-01 3.465662924639972857e+02
-7.072414994957894026e-05 1.138695478987801042e-05 1.000000000000000000e+00
DSC_8194.JPG_max_x: 1320.79
DSC_8194.JPG_min_x: 614.042
DSC_8194.JPG_max_y: 1491.82
DSC_8194.JPG_min_y: 298.331
DSC_8312.JPG_max_x: 850.256
DSC_8312.JPG_min_x: 454.937
DSC_8312.JPG_max_y: 1266.65
DSC_8312.JPG_min_y: 512.999
