-3.183181252879410117e-01 -1.161951050700287674e-01 1.853826393007796582e+02
-2.527703702863504098e+00 -9.191558434857280968e-01 1.471793015088561788e+03
-1.717419320307725632e-03 -6.241497971733473565e-04 1.000000000000000000e+00
DSC_8407.JPG_max_x: 692.465
DSC_8407.JPG_min_x: 55.9194
DSC_8407.JPG_max_y: 753.975
DSC_8407.JPG_min_y: 15.3563
DSC_8422.JPG_max_x: 1204.95
DSC_8422.JPG_min_x: 60.8168
DSC_8422.JPG_max_y: 1765.27
DSC_8422.JPG_min_y: 1022.22
