6.223897758791795409e-01 -6.214986477214584637e-02 6.876863876608607598e+02
1.938598185044951017e-01 4.321817181913890638e-01 5.359268507789286105e+02
1.736776807660631613e-04 -4.367396462479316947e-05 1.000000000000000000e+00
DSC_8268.JPG_max_x: 1317.55
DSC_8268.JPG_min_x: 16.8477
DSC_8268.JPG_max_y: 1371.73
DSC_8268.JPG_min_y: 514.364
DSC_8432.JPG_max_x: 1223.23
DSC_8432.JPG_min_x: 652.141
DSC_8432.JPG_max_y: 1199.42
DSC_8432.JPG_min_y: 814.676
