1.858429129074507635e+00 1.718728560970445574e-01 -6.583732280162199686e+02
-4.225097343433964481e-01 2.169436300592743283e+00 -6.804167765619407646e+02
-2.909526462878858676e-04 2.288790968138220978e-04 1.000000000000000000e+00
DSC_8198.JPG_max_x: 945.031
DSC_8198.JPG_min_x: 291.343
DSC_8198.JPG_max_y: 1394.15
DSC_8198.JPG_min_y: 637.944
DSC_8332.JPG_max_x: 1304.24
DSC_8332.JPG_min_x: 53.755
DSC_8332.JPG_max_y: 1858.07
DSC_8332.JPG_min_y: 464.206
