1.825618726651008661e+00 4.713198336526610577e-01 -8.419604383505509304e+02
-1.400751334022034278e-01 2.130479299530092963e+00 -1.797740046693017348e+03
2.008460049841783612e-05 5.251395491696110324e-04 1.000000000000000000e+00
DSC_8310.JPG_max_x: 1313.2
DSC_8310.JPG_min_x: 155.694
DSC_8310.JPG_max_y: 1703.53
DSC_8310.JPG_min_y: 954.469
DSC_8311.JPG_max_x: 1274.67
DSC_8311.JPG_min_x: 16.2382
DSC_8311.JPG_max_y: 954.601
DSC_8311.JPG_min_y: 47.8858
