-1.527080817785025246e+00 -2.812487809296306332e-02 3.526610194444099875e+02
1.329982757432468743e+00 -2.360044105707562068e+00 1.882594877372574501e+03
9.205309480304201420e-04 -1.972900451120334752e-03 1.000000000000000000e+00
DSC_8366.JPG_max_x: 893.207
DSC_8366.JPG_min_x: 291.205
DSC_8366.JPG_max_y: 1777.69
DSC_8366.JPG_min_y: 1250.9
DSC_8453.JPG_max_x: 1273.88
DSC_8453.JPG_min_x: 219.273
DSC_8453.JPG_max_y: 1304.33
DSC_8453.JPG_min_y: 241.443
