8.534778248436400983e-01 -4.975333314311371907e-02 6.805665782987415469e+02
-6.442541980970549753e-01 1.125590941966922776e+00 1.325668414664110628e+02
-4.362740899552408516e-04 -1.986735508326849524e-04 1.000000000000000000e+00
DSC_8448.JPG_max_x: 321.621
DSC_8448.JPG_min_x: 6.703
DSC_8448.JPG_max_y: 1089.13
DSC_8448.JPG_min_y: 749.623
DSC_8462.JPG_max_x: 1304.14
DSC_8462.JPG_min_x: 759.073
DSC_8462.JPG_max_y: 1728.09
DSC_8462.JPG_min_y: 1109.77
