1.086473243678393485e+00 9.138721631085848784e-01 7.190438774337126233e+02
-1.569401695516002282e-01 2.468952722075086204e+00 -1.979483830934449543e+03
-1.101886049313553512e-03 1.586753117988760247e-03 9.999999999999998890e-01
DSC_8242.JPG_max_x: 887.577
DSC_8242.JPG_min_x: 50.2416
DSC_8242.JPG_max_y: 1877.15
DSC_8242.JPG_min_y: 891.141
DSC_8445.JPG_max_x: 1151.29
DSC_8445.JPG_min_x: 635.978
DSC_8445.JPG_max_y: 767.495
DSC_8445.JPG_min_y: 109.81
