5.460568742605658582e-02 4.534449588720643881e-02 -6.701563800195667397e+01
-2.027671805577586084e-01 -9.443526841354363613e-03 3.551785141735730917e+02
-5.837023495358268938e-04 -3.049954999005736436e-04 1.000000000000000000e+00
DSC_8203.JPG_max_x: 1238.9
DSC_8203.JPG_min_x: 617.081
DSC_8203.JPG_max_y: 619.998
DSC_8203.JPG_min_y: 120.565
DSC_8355.JPG_max_x: 80.8215
DSC_8355.JPG_min_x: 2.74925
DSC_8355.JPG_max_y: 646.574
DSC_8355.JPG_min_y: 423.539
