-5.288455399978904126e-01 -6.971086746523497135e-01 9.975707009365384010e+02
-1.055603571424979847e+00 -6.981549026759877874e-01 1.394130378449392992e+03
-7.170805972642603325e-04 -5.835585417423585185e-04 1.000000000000000000e+00
DSC_8337.JPG_max_x: 1197.0
DSC_8337.JPG_min_x: 34.0968
DSC_8337.JPG_max_y: 890.531
DSC_8337.JPG_min_y: 225.238
DSC_8378.JPG_max_x: 1308.78
DSC_8378.JPG_min_x: 372.327
DSC_8378.JPG_max_y: 1652.0
DSC_8378.JPG_min_y: 1312.66
