6.116632872933032150e-01 -8.219210077746486043e-02 -9.049765662716373527e+01
-1.657492445865246800e-02 5.330985131198746618e-01 3.424426910578238221e+02
-1.068970502928021934e-04 -3.039757022224307464e-05 1.000000000000000000e+00
DSC_8321.JPG_max_x: 1175.42
DSC_8321.JPG_min_x: 465.486
DSC_8321.JPG_max_y: 830.357
DSC_8321.JPG_min_y: 16.3527
DSC_8431.JPG_max_x: 688.286
DSC_8431.JPG_min_x: 142.145
DSC_8431.JPG_max_y: 835.109
DSC_8431.JPG_min_y: 364.132
