-2.354212011084560352e+00 1.744915282905967757e+00 5.347623885218688145e+01
-1.054217394039945255e+01 7.108258556638313408e+00 1.393465682115141817e+03
-7.989417712928589821e-03 5.413554687431792155e-03 1.000000000000000000e+00
DSC_8425.JPG_max_x: 1247.39
DSC_8425.JPG_min_x: 290.295
DSC_8425.JPG_max_y: 1907.18
DSC_8425.JPG_min_y: 199.323
DSC_8439.JPG_max_x: 1167.18
DSC_8439.JPG_min_x: 242.925
DSC_8439.JPG_max_y: 1394.02
DSC_8439.JPG_min_y: 1027.3
