1.495443858775880930e+00 7.282502272569755242e-01 -8.422944529872497696e+02
-2.683489474368349059e-01 1.829499579668325993e+00 -1.793788660208758756e+03
-3.083044077208939608e-04 3.655443643897333754e-04 1.000000000000000000e+00
DSC_8396.JPG_max_x: 864.671
DSC_8396.JPG_min_x: 51.8557
DSC_8396.JPG_max_y: 1748.18
DSC_8396.JPG_min_y: 1258.09
DSC_8415.JPG_max_x: 1305.02
DSC_8415.JPG_min_x: 245.561
DSC_8415.JPG_max_y: 830.606
DSC_8415.JPG_min_y: 291.978
