9.603602487127631093e+00 1.860287494447909307e+00 -1.056897727688496343e+04
-1.028646879025048921e+00 7.572510758378562912e+00 -6.089312285540221637e+03
7.592933110756680364e-03 8.008746909567670928e-04 1.000000000000000000e+00
DSC_8250.JPG_max_x: 1266.61
DSC_8250.JPG_min_x: 1073.87
DSC_8250.JPG_max_y: 1270.99
DSC_8250.JPG_min_y: 985.952
DSC_8379.JPG_max_x: 335.212
DSC_8379.JPG_min_x: 194.097
DSC_8379.JPG_max_y: 237.972
DSC_8379.JPG_min_y: 4.39294
