-5.318921419696035491e-01 -7.204821712045851312e-01 8.570785944327831203e+02
-5.822031297139329542e-01 -1.788503876083971100e+00 1.436505960579979728e+03
-2.662775507527771908e-04 -1.507289013347329733e-03 1.000000000000000000e+00
DSC_8282.JPG_max_x: 1304.75
DSC_8282.JPG_min_x: 664.776
DSC_8282.JPG_max_y: 1582.68
DSC_8282.JPG_min_y: 480.669
DSC_8432.JPG_max_x: 679.263
DSC_8432.JPG_min_x: 212.209
DSC_8432.JPG_max_y: 1368.36
DSC_8432.JPG_min_y: 929.298
