3.222740850908636379e-01 -1.442293176262615662e-01 2.275506388286140407e+02
7.697550881615915740e-03 1.661510522006699742e-01 -9.947870351251700072e+01
-2.529689175685873487e-05 -3.672416119254162930e-04 1.000000000000000000e+00
DSC_8244.JPG_max_x: 779.486
DSC_8244.JPG_min_x: 58.7056
DSC_8244.JPG_max_y: 1694.89
DSC_8244.JPG_min_y: 1427.48
DSC_8277.JPG_max_x: 613.388
DSC_8277.JPG_min_x: 46.6941
DSC_8277.JPG_max_y: 512.955
DSC_8277.JPG_min_y: 311.755
