8.867239995572823164e-01 1.074848789967100676e-01 1.744968635905169663e+02
4.262352283459603514e-02 9.569586860805409101e-01 -1.965020411451205291e+02
6.620286890040900810e-05 1.494484256295642774e-04 1.000000000000000000e+00
DSC_8240.JPG_max_x: 1317.52
DSC_8240.JPG_min_x: 9.1652
DSC_8240.JPG_max_y: 1931.73
DSC_8240.JPG_min_y: 898.812
DSC_8306.JPG_max_x: 1168.93
DSC_8306.JPG_min_x: 248.035
DSC_8306.JPG_max_y: 1267.59
DSC_8306.JPG_min_y: 587.867
