1.190357775165942211e+00 2.294558309238377281e-01 2.788647369448808604e+02
2.385895289905174202e-02 1.321317286956328330e+00 -6.761080068405293275e+01
8.171302225357619784e-06 -1.147478493914157817e-04 1.000000000000000000e+00
DSC_8203.JPG_max_x: 665.384
DSC_8203.JPG_min_x: 247.835
DSC_8203.JPG_max_y: 735.05
DSC_8203.JPG_min_y: 89.7052
DSC_8223.JPG_max_x: 1314.77
DSC_8223.JPG_min_x: 689.979
DSC_8223.JPG_max_y: 993.902
DSC_8223.JPG_min_y: 82.1007
