8.320110351389142789e-01 1.181242024896022036e-01 2.102043383608365090e+01
2.020597650712977270e-02 8.066576635730370315e-01 5.725092557677243121e+00
7.415626082937132508e-05 1.810409486491183404e-04 1.000000000000000000e+00
DSC_8209.JPG_max_x: 1269.59
DSC_8209.JPG_min_x: 20.8451
DSC_8209.JPG_max_y: 1027.08
DSC_8209.JPG_min_y: 221.728
DSC_8339.JPG_max_x: 973.97
DSC_8339.JPG_min_x: 90.8426
DSC_8339.JPG_max_y: 674.588
DSC_8339.JPG_min_y: 186.308
