3.957959052605051764e-01 -1.422707065648632918e-01 4.117754882650247623e+02
-4.095536354515313254e-02 2.857145675370367788e-01 6.481153074640951672e+02
-9.127861716356155085e-05 -1.380724253833034943e-04 1.000000000000000000e+00
DSC_8272.JPG_max_x: 1314.25
DSC_8272.JPG_min_x: 285.71
DSC_8272.JPG_max_y: 1678.13
DSC_8272.JPG_min_y: 670.025
DSC_8446.JPG_max_x: 1055.93
DSC_8446.JPG_min_x: 423.876
DSC_8446.JPG_max_y: 1540.53
DSC_8446.JPG_min_y: 965.613
