1.596065219803180613e+00 -5.041687571970985271e-01 -6.791979075779116215e+01
1.064935345588707317e-02 1.593347368582020085e+00 -1.447287493086797440e+03
8.977277246349654955e-05 5.636488008091729968e-05 1.000000000000000000e+00
DSC_8324.JPG_max_x: 1323.16
DSC_8324.JPG_min_x: 511.579
DSC_8324.JPG_max_y: 1697.04
DSC_8324.JPG_min_y: 939.049
DSC_8341.JPG_max_x: 1173.17
DSC_8341.JPG_min_x: 55.3367
DSC_8341.JPG_max_y: 1035.64
DSC_8341.JPG_min_y: 41.9735
