-3.644763386987575959e+00 6.962583909283072137e-01 5.970071103053757042e+02
-8.853514501460590935e+00 1.607468730575306815e+00 1.541616381261636207e+03
-5.368481183510068720e-03 8.185099617418005978e-04 1.000000000000000000e+00
DSC_8199.JPG_max_x: 1285.45
DSC_8199.JPG_min_x: 150.87
DSC_8199.JPG_max_y: 860.441
DSC_8199.JPG_min_y: 180.218
DSC_8376.JPG_max_x: 1134.67
DSC_8376.JPG_min_x: 497.327
DSC_8376.JPG_max_y: 1863.71
DSC_8376.JPG_min_y: 991.165
