3.817932738065949461e-01 -4.903561553794967831e-01 7.885232963716015320e+02
1.506277392991220154e-01 -3.065909253061315995e-02 1.650413251316914653e+01
2.192214810216354132e-04 -5.475045691302767416e-04 9.999999999999998890e-01
DSC_8272.JPG_max_x: 1276.99
DSC_8272.JPG_min_x: 439.2
DSC_8272.JPG_max_y: 1925.98
DSC_8272.JPG_min_y: 1384.42
DSC_8467.JPG_max_x: 1226.77
DSC_8467.JPG_min_x: 380.32
DSC_8467.JPG_max_y: 567.011
DSC_8467.JPG_min_y: 72.8216
