1.182823095849773853e+00 -1.351316176686639392e-01 -3.288927113118619445e+02
2.188440124271845075e-02 1.136866182262283864e+00 -8.915453671110668665e+01
-4.418490239953761113e-05 -9.965926244195301897e-05 1.000000000000000000e+00
DSC_8346.JPG_max_x: 1324.67
DSC_8346.JPG_min_x: 480.043
DSC_8346.JPG_max_y: 1434.45
DSC_8346.JPG_min_y: 756.579
DSC_8404.JPG_max_x: 1308.7
DSC_8404.JPG_min_x: 48.8727
DSC_8404.JPG_max_y: 1919.39
DSC_8404.JPG_min_y: 917.514
