8.938855587563467875e-01 1.638149501831611399e-01 8.758267634299872952e+02
8.567230206232685774e-02 9.600160116389423459e-01 1.475769771943295439e+02
1.035720287661881116e-04 9.605718755391408239e-05 1.000000000000000000e+00
DSC_8406.JPG_max_x: 541.89
DSC_8406.JPG_min_x: 85.3598
DSC_8406.JPG_max_y: 1925.29
DSC_8406.JPG_min_y: 512.379
DSC_8424.JPG_max_x: 1324.92
DSC_8424.JPG_min_x: 1021.45
DSC_8424.JPG_max_y: 1655.21
DSC_8424.JPG_min_y: 649.097
