2.849963027054848830e+00 4.432384932250432175e-01 -1.119609053407675901e+03
3.325394816338095305e-02 3.141986751401937283e+00 -2.905397197579048679e+03
1.470536996722067175e-04 6.412687415279437171e-04 1.000000000000000000e+00
DSC_8350.JPG_max_x: 954.224
DSC_8350.JPG_min_x: 273.963
DSC_8350.JPG_max_y: 1574.56
DSC_8350.JPG_min_y: 924.761
DSC_8433.JPG_max_x: 1137.75
DSC_8433.JPG_min_x: 99.838
DSC_8433.JPG_max_y: 962.712
DSC_8433.JPG_min_y: 21.1798
