2.980779760671314893e+00 -4.460751324501055493e-02 8.336277937324110781e+02
4.285870735810475701e-03 3.293556040345513303e+00 -4.358554847417788096e+02
-2.141163767749256437e-06 8.037390635897698806e-04 9.999999999999998890e-01
DSC_8433.JPG_max_x: 374.443
DSC_8433.JPG_min_x: 50.4362
DSC_8433.JPG_max_y: 803.746
DSC_8433.JPG_min_y: 195.337
DSC_8469.JPG_max_x: 1302.51
DSC_8469.JPG_min_x: 808.317
DSC_8469.JPG_max_y: 1347.67
DSC_8469.JPG_min_y: 179.236
