2.163221884857840394e+00 4.065995568284259121e-01 -9.497786184969673968e+02
7.067376201841076011e-02 2.567756714589257250e+00 -2.202782701605950479e+03
1.266869346027744980e-03 3.386193062609833349e-04 1.000000000000000000e+00
DSC_8248.JPG_max_x: 614.399
DSC_8248.JPG_min_x: 264.904
DSC_8248.JPG_max_y: 1673.0
DSC_8248.JPG_min_y: 1122.4
DSC_8363.JPG_max_x: 433.103
DSC_8363.JPG_min_x: 83.7876
DSC_8363.JPG_max_y: 1014.48
DSC_8363.JPG_min_y: 383.064
