9.196555377639730189e-01 -9.078982413092469006e-01 7.083321506518622073e+02
3.038818489282367752e-01 2.465444354708022090e-01 4.005376578840984507e+02
1.227568142941932062e-04 -5.209743305106478246e-04 9.999999999999998890e-01
DSC_8263.JPG_max_x: 975.953
DSC_8263.JPG_min_x: 50.9659
DSC_8263.JPG_max_y: 843.237
DSC_8263.JPG_min_y: 225.762
DSC_8457.JPG_max_x: 1233.62
DSC_8457.JPG_min_x: 517.54
DSC_8457.JPG_max_y: 1320.02
DSC_8457.JPG_min_y: 539.747
