8.259460071119542612e-02 -5.258495266503594445e-01 6.366954710998387554e+02
3.144869768642172270e-01 -1.339887225079574584e+00 1.588499512285700121e+03
1.722128884953865412e-04 -8.344322934473302061e-04 1.000000000000000000e+00
DSC_8296.JPG_max_x: 1191.18
DSC_8296.JPG_min_x: 59.1249
DSC_8296.JPG_max_y: 1786.57
DSC_8296.JPG_min_y: 625.032
DSC_8426.JPG_max_x: 780.395
DSC_8426.JPG_min_x: 405.166
DSC_8426.JPG_max_y: 1979.58
DSC_8426.JPG_min_y: 1153.42
