1.606617021290543068e+00 5.940618018580493542e-01 1.804876457270142282e+03
-1.059915840534076184e-02 3.627672869968590952e+00 -3.069135673395981939e+03
-1.019969440204600980e-03 1.158731661171144393e-03 1.000000000000000000e+00
DSC_8296.JPG_max_x: 249.646
DSC_8296.JPG_min_x: 9.06488
DSC_8296.JPG_max_y: 1513.44
DSC_8296.JPG_min_y: 1096.39
DSC_8309.JPG_max_x: 1325.22
DSC_8309.JPG_min_x: 1042.9
DSC_8309.JPG_max_y: 926.394
DSC_8309.JPG_min_y: 415.576
