-1.650556911708296881e-01 -3.694871881647709411e-01 5.088461288887163505e+02
-8.624421218510252007e-01 -1.199379418388933916e+00 1.850694850788478561e+03
-3.707025093875601163e-04 -7.011202376447762084e-04 1.000000000000000000e+00
DSC_8349.JPG_max_x: 792.681
DSC_8349.JPG_min_x: 557.618
DSC_8349.JPG_max_y: 1350.55
DSC_8349.JPG_min_y: 1078.89
DSC_8459.JPG_max_x: 871.766
DSC_8459.JPG_min_x: 466.165
DSC_8459.JPG_max_y: 1947.25
DSC_8459.JPG_min_y: 99.2238
