1.834053673460302347e+00 6.382684317127481632e-01 -1.980687286923778629e+03
2.226698689911862594e+00 3.278959480885332289e-01 -1.995150832618757249e+03
2.948231212290429535e-03 -2.115744445762874661e-03 1.000000000000000000e+00
DSC_8266.JPG_max_x: 1175.8
DSC_8266.JPG_min_x: 226.126
DSC_8266.JPG_max_y: 1450.53
DSC_8266.JPG_min_y: 1115.97
DSC_8465.JPG_max_x: 985.14
DSC_8465.JPG_min_x: 131.065
DSC_8465.JPG_max_y: 1502.58
DSC_8465.JPG_min_y: 237.91
