3.754066276307236882e-01 -6.085631779068291225e-01 8.713049980122020770e+02
-6.503049679581570167e-03 5.186395938126654448e-01 2.771328069548936242e+02
-2.249692617641440185e-04 1.837894984598488141e-05 1.000000000000000000e+00
DSC_8211.JPG_max_x: 816.792
DSC_8211.JPG_min_x: 38.5094
DSC_8211.JPG_max_y: 1180.17
DSC_8211.JPG_min_y: 332.013
DSC_8383.JPG_max_x: 1157.84
DSC_8383.JPG_min_x: 267.958
DSC_8383.JPG_max_y: 991.577
DSC_8383.JPG_min_y: 523.673
