6.691283315263257814e-01 1.373019640116971418e-01 -1.230739127698619768e+02
-7.471970744435285638e-02 9.255619228527526277e-01 1.106915847147311297e+03
-3.411461760635169316e-05 2.201031093673006466e-04 1.000000000000000000e+00
DSC_8287.JPG_max_x: 1283.1
DSC_8287.JPG_min_x: 313.473
DSC_8287.JPG_max_y: 1580.78
DSC_8287.JPG_min_y: 253.499
DSC_8452.JPG_max_x: 747.68
DSC_8452.JPG_min_x: 162.143
DSC_8452.JPG_max_y: 1895.85
DSC_8452.JPG_min_y: 1251.98
