8.023267514423898517e-01 3.310430958355640302e-02 -1.514970946987125444e+02
4.756357021461830870e-02 8.894013679862466937e-01 2.861630132765268968e+02
3.053916657518432386e-05 9.915963808909069742e-05 1.000000000000000000e+00
DSC_8320.JPG_max_x: 1319.61
DSC_8320.JPG_min_x: 196.517
DSC_8320.JPG_max_y: 1373.75
DSC_8320.JPG_min_y: 731.259
DSC_8352.JPG_max_x: 813.09
DSC_8352.JPG_min_x: 20.8824
DSC_8352.JPG_max_y: 1345.06
DSC_8352.JPG_min_y: 895.544
