-1.845125853714803810e-01 4.768879072099483502e-02 1.323900304784309583e+02
-1.786115389575635870e+00 4.612281265764855420e-01 1.277415131356161282e+03
-1.397270038794748382e-03 3.605596640601440466e-04 1.000000000000000000e+00
DSC_8313.JPG_max_x: 1277.99
DSC_8313.JPG_min_x: 716.003
DSC_8313.JPG_max_y: 1191.85
DSC_8313.JPG_min_y: 60.5829
DSC_8438.JPG_max_x: 141.848
DSC_8438.JPG_min_x: 9.68969
DSC_8438.JPG_max_y: 1441.28
DSC_8438.JPG_min_y: 1235.46
