6.985977326375877317e-01 -1.120615060182201944e-01 2.368766624089050197e+02
-2.899643960639609191e-02 5.979254728275837927e-01 -4.731321494124929217e+01
6.227813464449409716e-05 -2.018484469879507721e-04 1.000000000000000000e+00
DSC_8213.JPG_max_x: 808.212
DSC_8213.JPG_min_x: 113.32
DSC_8213.JPG_max_y: 1296.75
DSC_8213.JPG_min_y: 425.871
DSC_8229.JPG_max_x: 804.669
DSC_8229.JPG_min_x: 255.009
DSC_8229.JPG_max_y: 927.729
DSC_8229.JPG_min_y: 205.506
