3.153901903588882116e-01 -3.302683232867821284e-01 4.094064383815261863e+02
-1.350822589614300573e-01 3.023483688510914535e-01 3.112967419479282967e+02
-4.593313886108077557e-04 -3.221014472720659400e-04 1.000000000000000000e+00
DSC_8197.JPG_max_x: 871.05
DSC_8197.JPG_min_x: 350.158
DSC_8197.JPG_max_y: 994.879
DSC_8197.JPG_min_y: 8.3787
DSC_8329.JPG_max_x: 1228.21
DSC_8329.JPG_min_x: 377.08
DSC_8329.JPG_max_y: 1269.35
DSC_8329.JPG_min_y: 302.065
