8.509184866180303786e-01 5.288475331283409853e-02 -2.535804588447148546e+02
6.996014760621463990e-01 -1.790965032957361203e-01 9.976326150503006147e+02
5.689781491574548737e-04 -6.952296771091482719e-04 1.000000000000000000e+00
DSC_8323.JPG_max_x: 1304.89
DSC_8323.JPG_min_x: 396.876
DSC_8323.JPG_max_y: 741.201
DSC_8323.JPG_min_y: 98.3369
DSC_8454.JPG_max_x: 789.082
DSC_8454.JPG_min_x: 138.372
DSC_8454.JPG_max_y: 1527.51
DSC_8454.JPG_min_y: 1095.94
