8.670183141521246029e-01 -2.509326098328974464e-01 2.487489720543432554e+02
3.555639127518436804e-02 8.772811394981248068e-01 4.483806188237214769e+02
-1.062598303357369762e-04 -4.822282672573782205e-05 1.000000000000000000e+00
DSC_8247.JPG_max_x: 1073.24
DSC_8247.JPG_min_x: 375.424
DSC_8247.JPG_max_y: 670.978
DSC_8247.JPG_min_y: 284.585
DSC_8313.JPG_max_x: 1247.36
DSC_8313.JPG_min_x: 524.989
DSC_8313.JPG_max_y: 1220.13
DSC_8313.JPG_min_y: 757.863
