1.058831921301167794e-01 -2.826392268574463573e-01 3.769032040505443319e+02
6.166890663472877074e-04 5.186328919698096618e-02 9.040137679381895452e+01
-5.576697128020831492e-05 -6.262515955538105637e-04 1.000000000000000000e+00
DSC_8305.JPG_max_x: 975.297
DSC_8305.JPG_min_x: 393.031
DSC_8305.JPG_max_y: 648.337
DSC_8305.JPG_min_y: 238.536
DSC_8379.JPG_max_x: 537.117
DSC_8379.JPG_min_x: 417.903
DSC_8379.JPG_max_y: 223.379
DSC_8379.JPG_min_y: 126.221
