1.687611534021956072e-01 1.378192146862135536e-01 -2.966485621287916956e+02
1.336128491929756912e+00 -2.003162790186786557e-01 -6.460744773665923049e+02
2.661207929283258052e-03 -2.131795822444708388e-03 1.000000000000000000e+00
DSC_8398.JPG_max_x: 1083.58
DSC_8398.JPG_min_x: 550.141
DSC_8398.JPG_max_y: 1605.42
DSC_8398.JPG_min_y: 1177.23
DSC_8471.JPG_max_x: 899.061
DSC_8471.JPG_min_x: 29.2046
DSC_8471.JPG_max_y: 1672.02
DSC_8471.JPG_min_y: 85.8122
