-1.973385465378882098e-01 -5.582703992078160565e-03 2.018518174980770539e+02
-2.104270837264482719e+00 -7.803270808812751147e-01 2.253250385086952519e+03
-1.495088260048508437e-03 -1.887270736193453992e-04 1.000000000000000000e+00
DSC_8240.JPG_max_x: 1317.52
DSC_8240.JPG_min_x: 205.881
DSC_8240.JPG_max_y: 1560.72
DSC_8240.JPG_min_y: 928.048
DSC_8368.JPG_max_x: 373.8
DSC_8368.JPG_min_x: 3.90275
DSC_8368.JPG_max_y: 1523.38
DSC_8368.JPG_min_y: 1031.41
