2.322773057898164517e-01 -9.866439579041794694e-01 1.061387479288832537e+03
-6.040577450682829003e-02 6.927098834445148678e-02 2.994622730313479906e+02
-4.686380042841492696e-04 -3.089930309130999616e-04 1.000000000000000000e+00
DSC_8325.JPG_max_x: 900.442
DSC_8325.JPG_min_x: 47.1746
DSC_8325.JPG_max_y: 1013.17
DSC_8325.JPG_min_y: 407.243
DSC_8413.JPG_max_x: 1286.72
DSC_8413.JPG_min_x: 88.183
DSC_8413.JPG_max_y: 1117.67
DSC_8413.JPG_min_y: 380.183
