1.817594738282097278e-01 -7.181435280990990100e-02 -6.416597629733301744e+01
3.227403786992708024e-02 -1.454723153292466487e-01 2.554768444418310764e+02
5.651207944910874721e-05 -5.913319221405318555e-04 1.000000000000000000e+00
DSC_8414.JPG_max_x: 1311.44
DSC_8414.JPG_min_x: 1044.73
DSC_8414.JPG_max_y: 1756.73
DSC_8414.JPG_min_y: 1343.95
DSC_8429.JPG_max_x: 1207.06
DSC_8429.JPG_min_x: 127.781
DSC_8429.JPG_max_y: 1224.97
DSC_8429.JPG_min_y: 270.577
