4.467747505020278176e+00 3.958368080683362322e+00 -6.375239258875033556e+03
-6.146136481378856598e-01 7.078415309487036566e+00 -5.293073610866558738e+03
2.844135577082805609e-04 3.591243685042396980e-03 1.000000000000000000e+00
DSC_8320.JPG_max_x: 1319.61
DSC_8320.JPG_min_x: 554.597
DSC_8320.JPG_max_y: 1497.87
DSC_8320.JPG_min_y: 997.688
DSC_8453.JPG_max_x: 746.486
DSC_8453.JPG_min_x: 20.6985
DSC_8453.JPG_max_y: 766.259
DSC_8453.JPG_min_y: 227.829
