-3.857471448253077528e-01 -8.761989906228926372e-01 8.631376163554606364e+02
-1.597152066417155014e+00 -1.189280931413874143e+00 1.523320610107030006e+03
-8.934042158120724091e-04 -9.070981621053645673e-04 1.000000000000000000e+00
DSC_8315.JPG_max_x: 506.147
DSC_8315.JPG_min_x: 68.6938
DSC_8315.JPG_max_y: 783.64
DSC_8315.JPG_min_y: 29.3626
DSC_8458.JPG_max_x: 971.738
DSC_8458.JPG_min_x: 114.381
DSC_8458.JPG_max_y: 1949.0
DSC_8458.JPG_min_y: 1338.95
