-2.438824158627430905e-01 1.009117256819205572e-03 2.736058470400051306e+02
-1.057501090378221376e+00 -3.597129588365975406e-01 1.351609490886515687e+03
-9.108267925871639742e-04 -1.312180997415332865e-04 9.999999999999998890e-01
DSC_8350.JPG_max_x: 1321.09
DSC_8350.JPG_min_x: 881.894
DSC_8350.JPG_max_y: 1492.22
DSC_8350.JPG_min_y: 787.669
DSC_8396.JPG_max_x: 651.971
DSC_8396.JPG_min_x: 5.17065
DSC_8396.JPG_max_y: 1593.82
DSC_8396.JPG_min_y: 1018.85
