1.894561825919753417e+00 4.041200891071624057e-01 -7.904076842727390613e+02
-9.868131407367317434e-03 2.126265182612046001e+00 -1.887309961113246800e+03
6.008886773205249676e-05 5.447258556433089453e-04 1.000000000000000000e+00
DSC_8474.JPG_max_x: 1274.0
DSC_8474.JPG_min_x: 150.16
DSC_8474.JPG_max_y: 1761.96
DSC_8474.JPG_min_y: 992.296
DSC_8475.JPG_max_x: 1197.91
DSC_8475.JPG_min_x: 10.4009
DSC_8475.JPG_max_y: 913.584
DSC_8475.JPG_min_y: 125.415
