1.049379149255591281e+00 -3.513746367308812069e-02 4.824745869988631739e+02
6.636179941401442184e-01 8.935628951312942769e-01 2.047898098211920512e+02
7.060487964258519442e-04 -6.136605834024141904e-05 1.000000000000000000e+00
DSC_8280.JPG_max_x: 287.746
DSC_8280.JPG_min_x: 71.5943
DSC_8280.JPG_max_y: 951.922
DSC_8280.JPG_min_y: 371.216
DSC_8348.JPG_max_x: 656.708
DSC_8348.JPG_min_x: 528.698
DSC_8348.JPG_max_y: 1103.07
DSC_8348.JPG_min_y: 616.178
