-1.099715517187670882e-01 -7.002201697102319322e-01 7.250689748561788974e+02
-1.652848938921883462e-02 -1.637698257714698125e-01 1.772687448643393964e+02
-7.343493449223380048e-05 -9.933556261745323836e-04 1.000000000000000000e+00
DSC_8268.JPG_max_x: 852.35
DSC_8268.JPG_min_x: 30.1142
DSC_8268.JPG_max_y: 1394.49
DSC_8268.JPG_min_y: 851.449
DSC_8365.JPG_max_x: 1141.37
DSC_8365.JPG_min_x: 377.502
DSC_8365.JPG_max_y: 1107.97
DSC_8365.JPG_min_y: 37.1163
