-3.019860870908710471e-01 -1.747120126962719011e-01 4.296580268428933209e+02
-1.595369481482051266e-01 -2.947863283277995516e-01 4.453425190188818306e+02
-6.650488295163449427e-04 -4.981595531094707395e-04 1.000000000000000000e+00
DSC_8202.JPG_max_x: 1125.76
DSC_8202.JPG_min_x: 394.233
DSC_8202.JPG_max_y: 1481.46
DSC_8202.JPG_min_y: 919.357
DSC_8413.JPG_max_x: 526.887
DSC_8413.JPG_min_x: 96.4508
DSC_8413.JPG_max_y: 498.241
DSC_8413.JPG_min_y: 8.09833
