1.458939329356213399e+00 -1.058822630297827361e-01 -2.606675640871339397e+02
-6.809449506153782139e-02 1.647882621602159814e+00 -1.313574452577056491e+03
-6.303864045113518829e-05 1.211687324369910111e-04 1.000000000000000000e+00
DSC_8276.JPG_max_x: 1233.97
DSC_8276.JPG_min_x: 314.04
DSC_8276.JPG_max_y: 1397.25
DSC_8276.JPG_min_y: 998.304
DSC_8311.JPG_max_x: 1277.9
DSC_8311.JPG_min_x: 74.8272
DSC_8311.JPG_max_y: 833.655
DSC_8311.JPG_min_y: 258.411
