3.563271497811400401e+00 1.460965770107934825e+00 -3.832144822185988687e+03
4.863092803223931226e-01 5.890123724186127951e+00 -2.771375164911352840e+03
7.210015407923588962e-04 1.982172863395482640e-03 1.000000000000000000e+00
DSC_8444.JPG_max_x: 1257.65
DSC_8444.JPG_min_x: 539.482
DSC_8444.JPG_max_y: 1704.94
DSC_8444.JPG_min_y: 1295.31
DSC_8474.JPG_max_x: 575.939
DSC_8474.JPG_min_x: 5.96973
DSC_8474.JPG_max_y: 1555.58
DSC_8474.JPG_min_y: 1240.35
