3.150465507784806718e+01 -1.082570363951910331e+01 4.188881592004573804e+02
1.743634114355813480e+01 -8.987310129324720620e+00 4.727183610105348635e+03
4.010296771489574308e-02 -1.388312540028604006e-02 1.000000000000000000e+00
DSC_8394.JPG_max_x: 1151.79
DSC_8394.JPG_min_x: 31.1996
DSC_8394.JPG_max_y: 1709.03
DSC_8394.JPG_min_y: 913.921
DSC_8445.JPG_max_x: 1265.34
DSC_8445.JPG_min_x: 738.357
DSC_8445.JPG_max_y: 817.405
DSC_8445.JPG_min_y: 20.5391
