-6.489504413591308252e-01 -2.971685761621402633e-01 7.513742313689602952e+02
-1.969123371424506830e-01 -6.184633121917730847e-01 7.598691037522677334e+02
-1.046357416561575311e-03 -3.931910754405880588e-04 1.000000000000000000e+00
DSC_8254.JPG_max_x: 1307.71
DSC_8254.JPG_min_x: 669.578
DSC_8254.JPG_max_y: 1659.46
DSC_8254.JPG_min_y: 1072.82
DSC_8453.JPG_max_x: 631.978
DSC_8453.JPG_min_x: 283.836
DSC_8453.JPG_max_y: 924.6
DSC_8453.JPG_min_y: 227.829
