6.791097539433512686e-01 -4.587804366619821494e-01 1.271311960646002262e+03
3.503072158879045328e-01 9.275791398410663247e-01 -2.258788926310967611e+02
-1.119007564460944661e-04 1.562698907528943819e-04 1.000000000000000000e+00
DSC_8233.JPG_max_x: 898.48
DSC_8233.JPG_min_x: 29.9914
DSC_8233.JPG_max_y: 1090.42
DSC_8233.JPG_min_y: 539.655
DSC_8247.JPG_max_x: 1303.79
DSC_8247.JPG_min_x: 788.378
DSC_8247.JPG_max_y: 1034.56
DSC_8247.JPG_min_y: 310.708
