4.537573755984595780e-01 -8.419816542694457118e-01 9.375393504277001284e+02
3.221468820453015636e-01 -1.468257599286918458e-01 1.746035473524446786e+02
7.221304030720446807e-04 -8.492361786660963070e-04 1.000000000000000000e+00
DSC_8364.JPG_max_x: 1213.97
DSC_8364.JPG_min_x: 338.314
DSC_8364.JPG_max_y: 1632.59
DSC_8364.JPG_min_y: 1136.65
DSC_8415.JPG_max_x: 609.228
DSC_8415.JPG_min_x: 21.525
DSC_8415.JPG_max_y: 780.65
DSC_8415.JPG_min_y: 401.15
