2.058613683426836261e+00 8.346052904107443826e-01 -2.158165576578198852e+03
5.348218383160903422e-02 1.927213594685373454e+00 -1.313665922118296123e+02
7.056904059347862473e-04 1.446330674769329182e-04 1.000000000000000000e+00
DSC_8431.JPG_max_x: 1328.54
DSC_8431.JPG_min_x: 895.654
DSC_8431.JPG_max_y: 899.129
DSC_8431.JPG_min_y: 307.312
DSC_8445.JPG_max_x: 596.287
DSC_8445.JPG_min_x: 48.1582
DSC_8445.JPG_max_y: 873.717
DSC_8445.JPG_min_y: 281.876
