-4.116494474706584583e+00 -4.267538667033996980e+00 -7.935893978557945957e+03
-2.015780829125063622e+00 -2.217560594451847322e+01 2.773316311381049672e+04
8.040173996318568730e-03 -9.508276389605937323e-03 1.000000000000000000e+00
DSC_8236.JPG_max_x: 349.563
DSC_8236.JPG_min_x: 18.6613
DSC_8236.JPG_max_y: 1909.83
DSC_8236.JPG_min_y: 1507.65
DSC_8251.JPG_max_x: 1313.9
DSC_8251.JPG_min_x: 1026.37
DSC_8251.JPG_max_y: 929.469
DSC_8251.JPG_min_y: 479.249
