-8.624603960870461106e-02 -2.606901748672126318e-01 1.153221286968514050e+03
-7.801219841084351403e-01 1.101267818657164499e+00 -4.909668251132785031e+02
-1.112708331982353947e-03 4.849374110609185756e-05 1.000000000000000000e+00
DSC_8278.JPG_max_x: 430.118
DSC_8278.JPG_min_x: 68.7298
DSC_8278.JPG_max_y: 1652.18
DSC_8278.JPG_min_y: 571.803
DSC_8441.JPG_max_x: 1299.95
DSC_8441.JPG_min_x: 797.957
DSC_8441.JPG_max_y: 1619.78
DSC_8441.JPG_min_y: 120.744
