-9.224304770095119732e-01 -5.226031618530670997e-01 1.001365375382271168e+03
-1.536898181311733724e+00 -9.840982961705017074e-01 1.762855921520895890e+03
-1.285627598753830061e-03 -3.696251661043249009e-04 9.999999999999998890e-01
DSC_8283.JPG_max_x: 1188.12
DSC_8283.JPG_min_x: 443.516
DSC_8283.JPG_max_y: 1708.44
DSC_8283.JPG_min_y: 241.844
DSC_8305.JPG_max_x: 1148.24
DSC_8305.JPG_min_x: 201.85
DSC_8305.JPG_max_y: 1804.08
DSC_8305.JPG_min_y: 360.165
