-6.277380006129698597e-02 -4.915030139961358846e-01 1.035974644560114484e+03
-8.500880087711227828e-01 3.406433297431822327e-01 1.372907931712993786e+03
-5.912687794611531109e-04 -7.910450864224324017e-05 9.999999999999998890e-01
DSC_8211.JPG_max_x: 566.816
DSC_8211.JPG_min_x: 21.2479
DSC_8211.JPG_max_y: 1060.78
DSC_8211.JPG_min_y: 383.903
DSC_8368.JPG_max_x: 1197.17
DSC_8368.JPG_min_x: 588.602
DSC_8368.JPG_max_y: 1929.62
DSC_8368.JPG_min_y: 1603.16
