1.042565557713066360e+00 4.087012501616117954e-01 -3.704813389606109695e+02
-1.385534541007013565e-01 8.096368502084536622e-01 1.612157528637242763e+02
-5.700312550432926962e-05 1.339262642978514045e-04 1.000000000000000000e+00
DSC_8353.JPG_max_x: 1295.66
DSC_8353.JPG_min_x: 393.143
DSC_8353.JPG_max_y: 543.372
DSC_8353.JPG_min_y: 81.8559
DSC_8473.JPG_max_x: 1160.17
DSC_8473.JPG_min_x: 99.963
DSC_8473.JPG_max_y: 444.028
DSC_8473.JPG_min_y: 86.449
