-5.812132854414905125e+00 1.990636599162678522e+01 -1.385647572635833239e+04
-1.238501237565326285e+01 8.450527989398564088e+00 1.639591867018599260e+03
-2.357864582565662517e-02 2.424010464708973439e-02 1.000000000000000000e+00
DSC_8304.JPG_max_x: 1157.02
DSC_8304.JPG_min_x: 270.038
DSC_8304.JPG_max_y: 1784.88
DSC_8304.JPG_min_y: 777.092
DSC_8449.JPG_max_x: 783.376
DSC_8449.JPG_min_x: 10.4062
DSC_8449.JPG_max_y: 1031.07
DSC_8449.JPG_min_y: 57.8173
