4.349142235391247335e-01 -1.073807601646407928e-01 7.944918490547584611e+01
-8.863571341950084170e-02 4.450401228566108203e-01 3.213083839630178886e+02
-2.103089760141051005e-04 1.740249261828224741e-06 9.999999999999998890e-01
DSC_8321.JPG_max_x: 1267.23
DSC_8321.JPG_min_x: 88.3847
DSC_8321.JPG_max_y: 849.995
DSC_8321.JPG_min_y: 16.3527
DSC_8415.JPG_max_x: 797.021
DSC_8415.JPG_min_x: 58.091
DSC_8415.JPG_max_y: 720.613
DSC_8415.JPG_min_y: 305.129
