-1.173619649126346476e-01 9.354491895534781942e-02 4.556211163705148692e+01
-1.292283063777964758e+00 1.158537783475402261e+00 3.742967629551542927e+02
-1.653878048445868096e-03 9.594625118602079835e-04 1.000000000000000000e+00
DSC_8341.JPG_max_x: 1303.23
DSC_8341.JPG_min_x: 229.542
DSC_8341.JPG_max_y: 1284.36
DSC_8341.JPG_min_y: 856.266
DSC_8343.JPG_max_x: 146.684
DSC_8343.JPG_min_x: 11.2296
DSC_8343.JPG_max_y: 1260.45
DSC_8343.JPG_min_y: 439.707
