1.047160430045995794e-01 -1.228125788382155914e+00 9.405376263667575358e+02
-3.953591236301218781e-01 -1.547003062111786287e+00 1.732539363726690226e+03
8.782318179049935581e-04 -1.469266361533052515e-03 1.000000000000000000e+00
DSC_8252.JPG_max_x: 683.982
DSC_8252.JPG_min_x: 23.6754
DSC_8252.JPG_max_y: 1935.39
DSC_8252.JPG_min_y: 820.942
DSC_8449.JPG_max_x: 1068.59
DSC_8449.JPG_min_x: 10.4062
DSC_8449.JPG_max_y: 927.046
DSC_8449.JPG_min_y: 33.2863
