-4.787631522785604776e-01 -3.059413631449751092e-01 5.129377307598101652e+02
-5.921792215754799749e-01 -4.646004447169914120e-01 6.713786109418824708e+02
-9.488105630807478451e-04 -5.516669765367749733e-04 1.000000000000000000e+00
DSC_8273.JPG_max_x: 1167.13
DSC_8273.JPG_min_x: 398.927
DSC_8273.JPG_max_y: 1261.26
DSC_8273.JPG_min_y: 173.43
DSC_8307.JPG_max_x: 1249.61
DSC_8307.JPG_min_x: 90.2302
DSC_8307.JPG_max_y: 1848.81
DSC_8307.JPG_min_y: 168.986
