1.259489772240394823e+00 7.017652377116274653e-01 1.004448777239168862e+03
-2.783328861001630461e-01 4.266476110742015493e+00 -3.734268292965294677e+03
-1.645274155055885404e-03 1.244932214080368476e-03 1.000000000000000000e+00
DSC_8248.JPG_max_x: 469.053
DSC_8248.JPG_min_x: 35.2845
DSC_8248.JPG_max_y: 1673.0
DSC_8248.JPG_min_y: 928.715
DSC_8439.JPG_max_x: 1294.23
DSC_8439.JPG_min_x: 761.842
DSC_8439.JPG_max_y: 1348.59
DSC_8439.JPG_min_y: 91.2186
