1.331372498169260954e+00 -1.333370434382734858e-02 -1.970727231321536692e+02
-3.408960231043398625e-01 1.418321098547136394e+00 -2.775017600145304186e+02
-3.710873732900942901e-04 -7.027520410962746138e-05 9.999999999999998890e-01
DSC_8246.JPG_max_x: 798.194
DSC_8246.JPG_min_x: 398.329
DSC_8246.JPG_max_y: 1066.2
DSC_8246.JPG_min_y: 611.694
DSC_8344.JPG_max_x: 1322.27
DSC_8344.JPG_min_x: 412.689
DSC_8344.JPG_max_y: 1524.82
DSC_8344.JPG_min_y: 468.902
