1.175788990615280083e+00 -5.510976372662643730e-01 -1.807602916828982700e+02
2.245375510753162829e-01 3.737572709038880503e-01 -1.147675862112242129e+02
5.588267673189961085e-04 -8.483898545885393229e-04 1.000000000000000000e+00
DSC_8231.JPG_max_x: 1323.11
DSC_8231.JPG_min_x: 670.908
DSC_8231.JPG_max_y: 1067.51
DSC_8231.JPG_min_y: 598.625
DSC_8247.JPG_max_x: 1263.9
DSC_8247.JPG_min_x: 309.264
DSC_8247.JPG_max_y: 998.896
DSC_8247.JPG_min_y: 292.543
