1.200322368527355410e+00 6.839104280605738662e-03 -3.374782662176549479e+02
-4.913681624412963855e-01 1.186059691146211348e+00 -2.086705892349992268e+02
-6.287608384329825646e-04 7.046286024989377071e-05 9.999999999999998890e-01
DSC_8218.JPG_max_x: 499.126
DSC_8218.JPG_min_x: 326.222
DSC_8218.JPG_max_y: 1016.81
DSC_8218.JPG_min_y: 572.932
DSC_8280.JPG_max_x: 363.05
DSC_8280.JPG_min_x: 71.5943
DSC_8280.JPG_max_y: 980.815
DSC_8280.JPG_min_y: 367.554
