6.883839264255439128e-01 -9.997634487618491106e-02 5.219884263525465258e+02
-2.359894100262006633e-01 7.061211669105947886e-01 4.450777032079397486e+02
-1.814507188125008064e-04 -1.214598231660318425e-04 9.999999999999998890e-01
DSC_8452.JPG_max_x: 762.418
DSC_8452.JPG_min_x: 113.235
DSC_8452.JPG_max_y: 1566.29
DSC_8452.JPG_min_y: 826.146
DSC_8466.JPG_max_x: 1304.3
DSC_8466.JPG_min_x: 571.659
DSC_8466.JPG_max_y: 1978.11
DSC_8466.JPG_min_y: 1120.91
