-3.560233880995418154e+00 1.025298615591206275e+00 5.227103759182391514e+02
-1.230534519788229275e+01 3.514519083868722138e+00 1.835846781267050119e+03
-6.713848773863150335e-03 1.916238269963981521e-03 1.000000000000000000e+00
DSC_8385.JPG_max_x: 516.255
DSC_8385.JPG_min_x: 91.0044
DSC_8385.JPG_max_y: 1198.2
DSC_8385.JPG_min_y: 221.252
DSC_8410.JPG_max_x: 1149.22
DSC_8410.JPG_min_x: 360.492
DSC_8410.JPG_max_y: 1974.9
DSC_8410.JPG_min_y: 1430.49
