3.494447012255700535e+00 -2.523192509985458520e-01 -1.001423990976594951e+03
1.696654491266597953e+00 2.207150331864006443e+00 -1.678865663250423722e+03
1.382539016260310926e-03 -4.310426310244530655e-05 1.000000000000000000e+00
DSC_8462.JPG_max_x: 1312.53
DSC_8462.JPG_min_x: 758.471
DSC_8462.JPG_max_y: 1970.09
DSC_8462.JPG_min_y: 1125.08
DSC_8468.JPG_max_x: 1164.27
DSC_8468.JPG_min_x: 635.719
DSC_8468.JPG_max_y: 1945.11
DSC_8468.JPG_min_y: 1083.36
