9.905585023835034031e-02 -1.648436049480140331e-01 1.318756805658387918e+02
4.192577998254332639e-01 -9.354925565695485501e-01 7.849085499610505394e+02
5.008632905494297223e-04 -1.184745631004818995e-03 9.999999999999998890e-01
DSC_8213.JPG_max_x: 857.227
DSC_8213.JPG_min_x: 226.128
DSC_8213.JPG_max_y: 1163.92
DSC_8213.JPG_min_y: 647.568
DSC_8327.JPG_max_x: 483.846
DSC_8327.JPG_min_x: 22.3177
DSC_8327.JPG_max_y: 1159.61
DSC_8327.JPG_min_y: 700.11
