7.395326814633537138e-01 1.299353814239081473e-01 2.410887794198886240e+02
3.476780772499821898e-02 9.083663362064573477e-01 1.659639613135659033e+02
-1.035963719390481797e-05 1.826312690045050254e-04 9.999999999999998890e-01
DSC_8226.JPG_max_x: 1307.38
DSC_8226.JPG_min_x: 112.851
DSC_8226.JPG_max_y: 1912.55
DSC_8226.JPG_min_y: 383.57
DSC_8308.JPG_max_x: 1171.07
DSC_8308.JPG_min_x: 425.246
DSC_8308.JPG_max_y: 1412.74
DSC_8308.JPG_min_y: 528.233
