-4.685676192168573806e+01 -1.067330783407494543e+00 2.653897451751629706e+04
-2.395456422768139859e+01 -3.096944603607333590e+01 2.504840861427461641e+04
-2.463750641241138975e-02 -2.918249750024336404e-03 1.000000000000000000e+00
DSC_8248.JPG_max_x: 1017.68
DSC_8248.JPG_min_x: 586.021
DSC_8248.JPG_max_y: 1522.08
DSC_8248.JPG_min_y: 503.562
DSC_8332.JPG_max_x: 810.752
DSC_8332.JPG_min_x: 106.465
DSC_8332.JPG_max_y: 1993.76
DSC_8332.JPG_min_y: 464.206
