4.680614879612606138e+00 -4.101061130486172157e-01 -2.259655650382719614e+03
1.814779862182485770e+00 3.525654155925289412e+00 -2.375663632873954612e+03
1.491835983065137490e-03 -4.617801918363865252e-04 1.000000000000000000e+00
DSC_8196.JPG_max_x: 1096.97
DSC_8196.JPG_min_x: 566.38
DSC_8196.JPG_max_y: 1253.64
DSC_8196.JPG_min_y: 609.058
DSC_8402.JPG_max_x: 1184.33
DSC_8402.JPG_min_x: 12.8109
DSC_8402.JPG_max_y: 1983.56
DSC_8402.JPG_min_y: 614.518
