8.445039116580206340e-01 -1.691421227249482739e-01 4.029924120090807946e+02
-4.392086199342488950e-02 6.147307148630183349e-01 3.033519897646540926e+02
-5.311616706199198446e-05 -2.595109745097148543e-04 1.000000000000000000e+00
DSC_8221.JPG_max_x: 943.033
DSC_8221.JPG_min_x: 95.6319
DSC_8221.JPG_max_y: 579.541
DSC_8221.JPG_min_y: 134.863
DSC_8351.JPG_max_x: 1269.94
DSC_8351.JPG_min_x: 491.095
DSC_8351.JPG_max_y: 772.172
DSC_8351.JPG_min_y: 376.264
