9.599884871452717405e-01 -6.215752130857116545e-03 1.203966809598793759e+02
2.490454431788974854e-01 8.792336839620650268e-01 3.302463685350686546e+02
1.853929133642839345e-04 8.520988722002713160e-05 1.000000000000000000e+00
DSC_8340.JPG_max_x: 930.078
DSC_8340.JPG_min_x: 357.368
DSC_8340.JPG_max_y: 1840.03
DSC_8340.JPG_min_y: 630.971
DSC_8442.JPG_max_x: 769.516
DSC_8442.JPG_min_x: 381.451
DSC_8442.JPG_max_y: 1637.89
DSC_8442.JPG_min_y: 867.174
