5.914132789332641416e+00 -2.276773712608222144e-01 -3.494430374475892677e+03
2.592974755451313840e+00 2.800498631010333028e+00 -1.886733035880336729e+03
1.813834564595420825e-03 -4.540365256541558378e-04 1.000000000000000000e+00
DSC_8328.JPG_max_x: 871.873
DSC_8328.JPG_min_x: 686.496
DSC_8328.JPG_max_y: 1233.42
DSC_8328.JPG_min_y: 669.588
DSC_8360.JPG_max_x: 672.66
DSC_8360.JPG_min_x: 193.869
DSC_8360.JPG_max_y: 1890.73
DSC_8360.JPG_min_y: 915.935
