2.048845208184894684e+00 2.852490606065005013e-02 -1.178052108398641167e+03
5.676673585400335842e-01 1.536088569933786507e+00 -5.588345240127035822e+02
5.835433522779623957e-04 -5.255342890509776113e-05 1.000000000000000000e+00
DSC_8234.JPG_max_x: 1308.26
DSC_8234.JPG_min_x: 829.667
DSC_8234.JPG_max_y: 1766.21
DSC_8234.JPG_min_y: 744.442
DSC_8334.JPG_max_x: 934.92
DSC_8334.JPG_min_x: 384.282
DSC_8334.JPG_max_y: 1739.67
DSC_8334.JPG_min_y: 751.851
