5.303485776937040264e+00 -7.212827816212634691e-01 1.693692106653936662e+03
8.594347255629819493e-02 6.307201830960552869e+00 -5.776313625184150624e+03
-1.652756123698235482e-03 3.652420457397129259e-03 9.999999999999998890e-01
DSC_8308.JPG_max_x: 759.339
DSC_8308.JPG_min_x: 73.9906
DSC_8308.JPG_max_y: 1620.95
DSC_8308.JPG_min_y: 923.246
DSC_8413.JPG_max_x: 1217.36
DSC_8413.JPG_min_x: 221.368
DSC_8413.JPG_max_y: 739.639
DSC_8413.JPG_min_y: 18.8706
