6.917170209128172820e-01 4.092862826204820559e-01 2.474345766924061820e+02
-2.449981577934718865e-02 8.709607717270988481e-01 -6.029564240960798571e+01
-9.295560774908142774e-05 1.238874593534683910e-04 1.000000000000000000e+00
DSC_8369.JPG_max_x: 988.601
DSC_8369.JPG_min_x: 40.5733
DSC_8369.JPG_max_y: 1132.83
DSC_8369.JPG_min_y: 456.694
DSC_8413.JPG_max_x: 1285.33
DSC_8413.JPG_min_x: 496.878
DSC_8413.JPG_max_y: 856.009
DSC_8413.JPG_min_y: 319.95
