2.735288539893073967e+00 2.018210652757585211e-01 -1.959036100503076113e+03
1.053848794765424923e+00 1.733091831326744936e+00 -5.286021665998674735e+02
9.148709896781668117e-04 -1.418882453326896366e-04 9.999999999999998890e-01
DSC_8403.JPG_max_x: 1275.19
DSC_8403.JPG_min_x: 840.003
DSC_8403.JPG_max_y: 1266.16
DSC_8403.JPG_min_y: 242.77
DSC_8405.JPG_max_x: 790.36
DSC_8405.JPG_min_x: 258.542
DSC_8405.JPG_max_y: 1547.95
DSC_8405.JPG_min_y: 482.902
