-7.200624623081526288e-01 -8.652258758595936239e-02 6.139756432249967020e+02
-1.608281614532163450e+00 -8.288151922719644293e-01 1.625369309930046938e+03
-1.302945415886944038e-03 -3.326257640149624280e-04 1.000000000000000000e+00
DSC_8220.JPG_max_x: 1327.87
DSC_8220.JPG_min_x: 296.641
DSC_8220.JPG_max_y: 1487.26
DSC_8220.JPG_min_y: 757.236
DSC_8414.JPG_max_x: 1145.57
DSC_8414.JPG_min_x: 29.7822
DSC_8414.JPG_max_y: 1660.95
DSC_8414.JPG_min_y: 967.199
