-1.631880446288556330e+00 1.784805789339083959e-01 1.184242433901903041e+03
-2.417961512538447710e+00 3.302300307916071209e-01 1.497492462256483350e+03
-1.775350767816515638e-03 4.023653916109000265e-04 1.000000000000000000e+00
DSC_8283.JPG_max_x: 1290.36
DSC_8283.JPG_min_x: 633.215
DSC_8283.JPG_max_y: 1115.67
DSC_8283.JPG_min_y: 126.406
DSC_8318.JPG_max_x: 1112.34
DSC_8318.JPG_min_x: 527.175
DSC_8318.JPG_max_y: 1753.35
DSC_8318.JPG_min_y: 1066.67
