5.778291234892707351e-01 4.834428870519625332e-01 -4.889633899673933826e+01
-7.785310212291419729e-01 1.461849213570799000e+00 1.172171527007121540e+03
-4.227856607743858490e-04 3.244851326150610302e-04 1.000000000000000000e+00
DSC_8393.JPG_max_x: 815.068
DSC_8393.JPG_min_x: 174.15
DSC_8393.JPG_max_y: 871.733
DSC_8393.JPG_min_y: 419.368
DSC_8410.JPG_max_x: 852.691
DSC_8410.JPG_min_x: 266.81
DSC_8410.JPG_max_y: 1922.26
DSC_8410.JPG_min_y: 1546.06
