2.942829727282244567e-01 1.819170479419016662e-01 8.298521689172830520e+02
-6.415536117672312466e-01 1.046392918345799172e+00 3.628021688689510142e+02
-4.927359593478421651e-04 1.033381804818785934e-04 1.000000000000000000e+00
DSC_8452.JPG_max_x: 448.46
DSC_8452.JPG_min_x: 116.958
DSC_8452.JPG_max_y: 1769.69
DSC_8452.JPG_min_y: 1136.88
DSC_8470.JPG_max_x: 1305.19
DSC_8470.JPG_min_x: 1020.44
DSC_8470.JPG_max_y: 1940.61
DSC_8470.JPG_min_y: 1404.69
