-5.484127010936883373e+00 -1.321691822600766342e+00 5.096751568543888425e+03
8.055022527393390641e-01 -4.251165997742201164e+00 4.016773324368979047e+03
-1.150017464650252876e-03 -1.568069784329118423e-03 1.000000000000000000e+00
DSC_8328.JPG_max_x: 867.568
DSC_8328.JPG_min_x: 709.389
DSC_8328.JPG_max_y: 1303.47
DSC_8328.JPG_min_y: 1108.52
DSC_8361.JPG_max_x: 670.725
DSC_8361.JPG_min_x: 218.829
DSC_8361.JPG_max_y: 451.765
DSC_8361.JPG_min_y: 53.2475
