1.271785590345709371e+00 -3.122548846714273338e-02 -9.877331557528478925e+02
1.223730331493256968e-01 1.464371377111875816e+00 -1.576238947378891453e+02
4.867611056927746791e-05 2.590152354152785519e-04 1.000000000000000000e+00
DSC_8292.JPG_max_x: 1327.23
DSC_8292.JPG_min_x: 816.334
DSC_8292.JPG_max_y: 1239.4
DSC_8292.JPG_min_y: 705.258
DSC_8444.JPG_max_x: 527.298
DSC_8444.JPG_min_x: 17.8616
DSC_8444.JPG_max_y: 1326.67
DSC_8444.JPG_min_y: 819.852
