9.829565173690602009e-01 1.609355434239799765e-01 6.674257166412165816e+02
-6.769072914710272393e-02 1.490751081818260770e+00 -1.070036516488096140e+03
-1.385691497124590175e-04 3.663759164579178567e-04 1.000000000000000000e+00
DSC_8312.JPG_max_x: 876.501
DSC_8312.JPG_min_x: 75.2031
DSC_8312.JPG_max_y: 1658.85
DSC_8312.JPG_min_y: 797.235
DSC_8457.JPG_max_x: 1319.15
DSC_8457.JPG_min_x: 644.961
DSC_8457.JPG_max_y: 892.699
DSC_8457.JPG_min_y: 54.7201
