4.955473635806976751e-01 -1.481203357132830634e-02 1.057283980396831851e+02
-8.194756078815647674e-03 5.839930101252942540e-01 4.971976381377382950e+02
-2.749548217279306649e-05 1.015953241385368448e-04 1.000000000000000000e+00
DSC_8270.JPG_max_x: 1076.72
DSC_8270.JPG_min_x: 131.7
DSC_8270.JPG_max_y: 1642.98
DSC_8270.JPG_min_y: 878.953
DSC_8352.JPG_max_x: 556.276
DSC_8352.JPG_min_x: 143.453
DSC_8352.JPG_max_y: 1252.15
DSC_8352.JPG_min_y: 930.829
