8.390566780940384994e-01 -1.195442851039745374e-01 9.550073433194955896e+02
9.514792266074460769e-02 6.246667414521143158e-01 3.705889700549656709e+02
9.883469073964695404e-05 -8.627785585027125551e-05 1.000000000000000000e+00
DSC_8314.JPG_max_x: 497.97
DSC_8314.JPG_min_x: 21.7721
DSC_8314.JPG_max_y: 1796.92
DSC_8314.JPG_min_y: 480.132
DSC_8216.JPG_max_x: 1312.58
DSC_8216.JPG_min_x: 957.424
DSC_8216.JPG_max_y: 1729.98
DSC_8216.JPG_min_y: 696.119
