9.600909292964119324e-01 1.058330332008784042e-01 -1.281331555405929237e+02
-1.167948581794283208e-01 9.101424053213799104e-01 2.051467176518083022e+02
-7.774519320248178588e-05 -2.364723154823636372e-05 1.000000000000000000e+00
DSC_8352.JPG_max_x: 1242.22
DSC_8352.JPG_min_x: 20.8824
DSC_8352.JPG_max_y: 1544.49
DSC_8352.JPG_min_y: 782.959
DSC_8430.JPG_max_x: 1314.05
DSC_8430.JPG_min_x: 8.89637
DSC_8430.JPG_max_y: 1694.35
DSC_8430.JPG_min_y: 859.477
