1.183069424237601863e+00 6.978038967108639579e-01 -1.997487786541945297e+03
-4.866150271041599917e-01 1.144278961277028106e+00 8.362258336109871379e+02
2.930325659778611853e-04 4.213967735357175510e-05 1.000000000000000000e+00
DSC_8361.JPG_max_x: 1288.7
DSC_8361.JPG_min_x: 837.831
DSC_8361.JPG_max_y: 1627.18
DSC_8361.JPG_min_y: 854.61
DSC_8377.JPG_max_x: 291.442
DSC_8377.JPG_min_x: 21.1371
DSC_8377.JPG_max_y: 1698.81
DSC_8377.JPG_min_y: 844.208
