5.143650823198787220e-02 -3.832107786153961526e-01 5.736604401675281224e+02
-5.527853806736624659e-02 5.482697876665122358e-03 7.293833227375618833e+01
-2.376868024802198081e-04 -5.184892472066118590e-04 1.000000000000000000e+00
DSC_8292.JPG_max_x: 1040.79
DSC_8292.JPG_min_x: 250.777
DSC_8292.JPG_max_y: 1447.32
DSC_8292.JPG_min_y: 1029.56
DSC_8353.JPG_max_x: 1255.5
DSC_8353.JPG_min_x: 389.141
DSC_8353.JPG_max_y: 682.012
DSC_8353.JPG_min_y: 98.9075
