-2.334360732181783027e-01 -6.697834018286037416e-01 7.624413600183711424e+02
-7.061378978567929565e-02 -9.780549758789344184e-01 9.072511365413743079e+02
-3.014148693519757270e-04 -8.776884230077805537e-04 1.000000000000000000e+00
DSC_8340.JPG_max_x: 856.561
DSC_8340.JPG_min_x: 25.8212
DSC_8340.JPG_max_y: 1715.05
DSC_8340.JPG_min_y: 630.971
DSC_8474.JPG_max_x: 927.193
DSC_8474.JPG_min_x: 636.231
DSC_8474.JPG_max_y: 1691.05
DSC_8474.JPG_min_y: 776.365
