4.367830527227800630e-01 -2.899356517500819019e-01 7.351740590418187367e+02
1.547863480385938684e-01 3.608339113479218097e-01 3.310251378404389584e+02
1.132021065330671763e-04 -1.888992052154547048e-04 1.000000000000000000e+00
DSC_8213.JPG_max_x: 813.036
DSC_8213.JPG_min_x: 58.5776
DSC_8213.JPG_max_y: 1296.34
DSC_8213.JPG_min_y: 639.003
DSC_8427.JPG_max_x: 918.995
DSC_8427.JPG_min_x: 568.073
DSC_8427.JPG_max_y: 1059.75
DSC_8427.JPG_min_y: 673.248
