4.165457850971605147e+00 6.491341769705716302e-01 -4.261493340991551122e+03
4.243255943291134535e+00 1.785908372662713184e+00 7.902554020081294084e+02
3.285101310876935212e-03 -9.021118324677206623e-04 1.000000000000000000e+00
DSC_8381.JPG_max_x: 1325.5
DSC_8381.JPG_min_x: 972.477
DSC_8381.JPG_max_y: 526.33
DSC_8381.JPG_min_y: 218.471
DSC_8394.JPG_max_x: 320.074
DSC_8394.JPG_min_x: 6.0455
DSC_8394.JPG_max_y: 1513.7
DSC_8394.JPG_min_y: 1327.3
