-2.927443656913571335e+00 -2.141964516025319509e-01 1.246202065459143796e+03
-3.466513440834765980e+00 4.265559852735597429e-02 1.225749283049026644e+03
-2.542969498438075494e-03 -1.067308243111107736e-04 1.000000000000000000e+00
DSC_8423.JPG_max_x: 572.262
DSC_8423.JPG_min_x: 19.9377
DSC_8423.JPG_max_y: 1508.16
DSC_8423.JPG_min_y: 14.3361
DSC_8456.JPG_max_x: 1317.9
DSC_8456.JPG_min_x: 1176.6
DSC_8456.JPG_max_y: 1372.13
DSC_8456.JPG_min_y: 761.76
