1.544332152645803813e+00 -4.236951001072196688e-01 1.135709815479890267e+03
2.237768191967297315e-01 1.202792486209278700e+00 -1.966655815800364451e+02
7.358322960718302857e-05 -2.977181737222432266e-04 1.000000000000000000e+00
DSC_8198.JPG_max_x: 205.846
DSC_8198.JPG_min_x: 4.73106
DSC_8198.JPG_max_y: 1168.51
DSC_8198.JPG_min_y: 651.419
DSC_8404.JPG_max_x: 1314.95
DSC_8404.JPG_min_x: 1029.2
DSC_8404.JPG_max_y: 1846.1
DSC_8404.JPG_min_y: 723.822
