4.119628407895694067e-01 -7.818796977628607314e-02 8.480979425109462682e+02
-2.807298654103349347e-02 6.122654274926848661e-01 2.629129329444184009e+02
-3.744551502129165737e-05 -4.009879037079299151e-05 1.000000000000000000e+00
DSC_8314.JPG_max_x: 1039.61
DSC_8314.JPG_min_x: 21.7721
DSC_8314.JPG_max_y: 1799.35
DSC_8314.JPG_min_y: 243.989
DSC_8278.JPG_max_x: 1320.33
DSC_8278.JPG_min_x: 781.976
DSC_8278.JPG_max_y: 1485.97
DSC_8278.JPG_min_y: 401.926
