1.402596492073415968e+00 -5.497492300509603247e-01 4.413366874305012857e+02
-7.798976055859594414e-01 2.007065597548677527e+00 -1.716038388479004198e+02
-7.491828723217928542e-04 5.149600621628003683e-04 9.999999999999998890e-01
DSC_8294.JPG_max_x: 847.712
DSC_8294.JPG_min_x: 10.2972
DSC_8294.JPG_max_y: 1261.89
DSC_8294.JPG_min_y: 739.481
DSC_8412.JPG_max_x: 1161.67
DSC_8412.JPG_min_x: 28.8863
DSC_8412.JPG_max_y: 1560.15
DSC_8412.JPG_min_y: 959.912
