7.585029341124133184e-01 1.372171366273191861e-01 -3.274410007091157127e+02
3.515699477282602792e-01 1.105656156034058535e+00 1.064000724229811112e+03
1.539370406128802600e-04 5.256734033619722614e-05 9.999999999999998890e-01
DSC_8229.JPG_max_x: 802.173
DSC_8229.JPG_min_x: 474.626
DSC_8229.JPG_max_y: 692.949
DSC_8229.JPG_min_y: 222.788
DSC_8326.JPG_max_x: 321.466
DSC_8326.JPG_min_x: 64.2255
DSC_8326.JPG_max_y: 1821.54
DSC_8326.JPG_min_y: 1383.85
