5.626332384406250720e-01 -2.363048038111161542e-01 1.117646309416223858e+03
3.006878908356179492e-02 8.070441502921239518e-01 2.869108058226377267e+01
-2.853744467242420391e-04 1.518893065084125488e-05 1.000000000000000000e+00
DSC_8365.JPG_max_x: 163.514
DSC_8365.JPG_min_x: 20.0422
DSC_8365.JPG_max_y: 1418.63
DSC_8365.JPG_min_y: 867.663
DSC_8377.JPG_max_x: 990.094
DSC_8377.JPG_min_x: 795.6
DSC_8377.JPG_max_y: 1176.72
DSC_8377.JPG_min_y: 740.479
