-1.031783315315826927e-01 -1.516722808023785118e+00 6.706556100121717918e+02
-2.086070758420431659e+00 -6.576074889204075902e+00 2.350028675983702215e+03
-1.570287137199216903e-03 -2.617557335184642151e-03 1.000000000000000000e+00
DSC_8413.JPG_max_x: 1246.47
DSC_8413.JPG_min_x: 385.594
DSC_8413.JPG_max_y: 752.643
DSC_8413.JPG_min_y: 429.161
DSC_8426.JPG_max_x: 288.27
DSC_8426.JPG_min_x: 4.5789
DSC_8426.JPG_max_y: 1872.26
DSC_8426.JPG_min_y: 1500.17
