-2.866524401490153084e-01 -1.004404536822503635e+00 8.240218991998799538e+02
-4.641836420814920428e-01 -1.227783492889516603e+00 1.109548990414878517e+03
-4.146928098059341492e-04 -1.114968101620937395e-03 1.000000000000000000e+00
DSC_8227.JPG_max_x: 1299.55
DSC_8227.JPG_min_x: 112.129
DSC_8227.JPG_max_y: 611.936
DSC_8227.JPG_min_y: 238.963
DSC_8294.JPG_max_x: 1186.29
DSC_8294.JPG_min_x: 320.379
DSC_8294.JPG_max_y: 1333.64
DSC_8294.JPG_min_y: 1053.82
