8.608137561975595098e-01 -7.349428799750545860e-02 1.289903688060041134e+02
2.390858984898223266e-02 9.961511896811890976e-01 -2.902056362323192502e+02
-1.706172673167103218e-04 8.861688672566414777e-05 1.000000000000000000e+00
DSC_8195.JPG_max_x: 1281.56
DSC_8195.JPG_min_x: 113.206
DSC_8195.JPG_max_y: 1248.77
DSC_8195.JPG_min_y: 517.614
DSC_8215.JPG_max_x: 1289.33
DSC_8215.JPG_min_x: 166.757
DSC_8215.JPG_max_y: 1106.15
DSC_8215.JPG_min_y: 270.078
