2.654785887843376657e-01 -4.941927408146128409e-01 8.906082331646022112e+02
-4.337452632205153202e-01 7.855435211044832222e-01 1.043884206513905838e+03
-4.331402416443719825e-04 1.463934432570650646e-04 1.000000000000000000e+00
DSC_8211.JPG_max_x: 779.668
DSC_8211.JPG_min_x: 21.2479
DSC_8211.JPG_max_y: 1139.17
DSC_8211.JPG_min_y: 549.472
DSC_8354.JPG_max_x: 747.424
DSC_8354.JPG_min_x: 343.165
DSC_8354.JPG_max_y: 1884.68
DSC_8354.JPG_min_y: 1381.09
