1.704205563146934166e+00 -1.184213096326469823e-02 -2.303237748444403792e+02
5.569005695500873349e-02 1.591358707266228523e+00 1.271960197605305893e+02
4.024731242646615019e-05 7.450086602032628743e-05 1.000000000000000000e+00
DSC_8379.JPG_max_x: 909.211
DSC_8379.JPG_min_x: 190.678
DSC_8379.JPG_max_y: 774.616
DSC_8379.JPG_min_y: 4.39294
DSC_8433.JPG_max_x: 1219.63
DSC_8433.JPG_min_x: 87.5196
DSC_8433.JPG_max_y: 1283.1
DSC_8433.JPG_min_y: 144.317
