2.675037917194299508e-01 2.302952756983044080e-01 1.115736281869831600e+03
-3.736394685052396025e-01 1.318338861781689797e+00 -1.436896586199638932e+02
-5.022034909494105769e-04 2.696156233780568155e-04 1.000000000000000000e+00
DSC_8260.JPG_max_x: 440.048
DSC_8260.JPG_min_x: 10.9526
DSC_8260.JPG_max_y: 1672.52
DSC_8260.JPG_min_y: 810.249
DSC_8274.JPG_max_x: 1273.21
DSC_8274.JPG_min_x: 1043.54
DSC_8274.JPG_max_y: 1587.93
DSC_8274.JPG_min_y: 770.348
