2.357544495513250703e-03 8.672582716920215762e-03 6.429604126438953244e+02
-4.536779297925401244e-01 8.466836191670316092e-01 1.121890256035065704e+03
-4.032863589510921986e-04 2.677784803451426594e-04 1.000000000000000000e+00
DSC_8307.JPG_max_x: 1252.72
DSC_8307.JPG_min_x: 260.848
DSC_8307.JPG_max_y: 754.977
DSC_8307.JPG_min_y: 170.177
DSC_8366.JPG_max_x: 1067.81
DSC_8366.JPG_min_x: 621.248
DSC_8366.JPG_max_y: 1676.16
DSC_8366.JPG_min_y: 1248.56
