8.184845734118224581e-01 -2.361789387547202079e-01 -1.578171728260516282e+01
-1.088047755558678859e-01 2.790478603797897361e-01 1.074619309399621443e+03
-6.437768993504225411e-05 -3.946369637379459677e-04 1.000000000000000000e+00
DSC_8199.JPG_max_x: 600.051
DSC_8199.JPG_min_x: 149.524
DSC_8199.JPG_max_y: 792.674
DSC_8199.JPG_min_y: 230.352
DSC_8218.JPG_max_x: 443.607
DSC_8218.JPG_min_x: 7.56417
DSC_8218.JPG_max_y: 1903.03
DSC_8218.JPG_min_y: 1249.16
