1.233345239872087884e-01 4.301653240462924646e-03 7.475388145938769640e+02
-2.333319777476139945e-01 5.650240999751718896e-01 3.752558682409505195e+02
-2.490880072004499372e-04 -2.949744993255327020e-05 1.000000000000000000e+00
DSC_8230.JPG_max_x: 1155.65
DSC_8230.JPG_min_x: 637.604
DSC_8230.JPG_max_y: 1437.95
DSC_8230.JPG_min_y: 555.29
DSC_8456.JPG_max_x: 1311.29
DSC_8456.JPG_min_x: 992.11
DSC_8456.JPG_max_y: 1321.58
DSC_8456.JPG_min_y: 650.758
