2.373970867525333206e-01 -2.065125701372014788e+00 1.387068881367589256e+03
1.457499193607501242e+00 -3.230869204784073467e+00 2.143959950046981703e+03
1.474210811028024357e-03 -2.117042720106079769e-03 1.000000000000000000e+00
DSC_8394.JPG_max_x: 733.467
DSC_8394.JPG_min_x: 16.3923
DSC_8394.JPG_max_y: 1527.85
DSC_8394.JPG_min_y: 913.389
DSC_8444.JPG_max_x: 1331.98
DSC_8444.JPG_min_x: 351.861
DSC_8444.JPG_max_y: 1441.12
DSC_8444.JPG_min_y: 841.771
