9.116472180623733657e-01 -1.092973877464963918e-02 2.923255403687796274e+02
8.870218105429971203e-03 9.359674506329819232e-01 -6.973544210668869709e+02
2.682329134352460980e-05 7.971916397613272121e-05 1.000000000000000000e+00
DSC_8238.JPG_max_x: 1251.74
DSC_8238.JPG_min_x: 125.804
DSC_8238.JPG_max_y: 1402.12
DSC_8238.JPG_min_y: 1067.26
DSC_8431.JPG_max_x: 1261.28
DSC_8431.JPG_min_x: 362.577
DSC_8431.JPG_max_y: 548.551
DSC_8431.JPG_min_y: 279.097
