9.454542739986433464e-01 1.676162748797110913e-02 3.451846126777904828e+02
3.227347482470193651e-01 6.116222820923736814e-01 1.204813742690449544e+03
2.086527444423691934e-04 -1.050514731542403102e-04 1.000000000000000000e+00
DSC_8339.JPG_max_x: 1220.66
DSC_8339.JPG_min_x: 208.949
DSC_8339.JPG_max_y: 663.137
DSC_8339.JPG_min_y: 250.514
DSC_8428.JPG_max_x: 1294.65
DSC_8428.JPG_min_x: 432.063
DSC_8428.JPG_max_y: 1722.25
DSC_8428.JPG_min_y: 1418.35
