-2.808589623030691040e+00 -1.766103419386462869e+00 2.000114643849557524e+03
-2.114014968359822610e+00 -2.094391839301649405e+00 2.063446197749365638e+03
-1.652415490931184987e-03 -1.631461205647792480e-03 9.999999999999998890e-01
DSC_8408.JPG_max_x: 1142.39
DSC_8408.JPG_min_x: 153.326
DSC_8408.JPG_max_y: 1534.6
DSC_8408.JPG_min_y: 644.884
DSC_8456.JPG_max_x: 1168.59
DSC_8456.JPG_min_x: 660.126
DSC_8456.JPG_max_y: 1096.84
DSC_8456.JPG_min_y: 698.772
