5.667417444171003460e-01 -2.911774878437672909e-01 1.256595709132364220e+02
-1.116182624186841527e-01 2.621960668308616627e-01 7.369376632425171465e+02
-7.754086587480598443e-05 -2.559340556903705885e-04 1.000000000000000000e+00
DSC_8338.JPG_max_x: 1305.28
DSC_8338.JPG_min_x: 631.888
DSC_8338.JPG_max_y: 1550.16
DSC_8338.JPG_min_y: 846.364
DSC_8382.JPG_max_x: 882.06
DSC_8382.JPG_min_x: 116.02
DSC_8382.JPG_max_y: 1946.78
DSC_8382.JPG_min_y: 1175.24
