-4.225618251771606770e-01 -1.630370018996181170e-01 6.127243932424219111e+02
-2.588202912296783675e-01 -6.015989218213515510e-01 9.399262251211243893e+02
-6.530007060359890479e-04 -4.466706158577337651e-04 1.000000000000000000e+00
DSC_8216.JPG_max_x: 1293.7
DSC_8216.JPG_min_x: 225.713
DSC_8216.JPG_max_y: 1862.07
DSC_8216.JPG_min_y: 1084.84
DSC_8377.JPG_max_x: 1069.95
DSC_8377.JPG_min_x: 49.1397
DSC_8377.JPG_max_y: 1115.82
DSC_8377.JPG_min_y: 53.2832
