1.015183821670024633e+00 -7.136143760538130043e-02 5.511624351519606080e+02
-5.636842244969133935e-03 9.658286039467898210e-01 1.111491551408945355e+02
-1.572011772508559552e-05 -4.517865285770089726e-05 1.000000000000000000e+00
DSC_8314.JPG_max_x: 591.68
DSC_8314.JPG_min_x: 21.7721
DSC_8314.JPG_max_y: 1762.96
DSC_8314.JPG_min_y: 617.296
DSC_8330.JPG_max_x: 1204.33
DSC_8330.JPG_min_x: 527.468
DSC_8330.JPG_max_y: 1971.55
DSC_8330.JPG_min_y: 727.456
