7.739406667332124901e-01 -6.840896154517371597e-02 3.046736689100467288e+02
1.826978510396229383e-02 5.721867466287821058e-01 2.897872274232803989e+02
1.146895610727528055e-04 -1.164842211066112557e-04 1.000000000000000000e+00
DSC_8241.JPG_max_x: 1292.33
DSC_8241.JPG_min_x: 91.62
DSC_8241.JPG_max_y: 846.022
DSC_8241.JPG_min_y: 135.365
DSC_8307.JPG_max_x: 1189.03
DSC_8307.JPG_min_x: 363.869
DSC_8307.JPG_max_y: 764.555
DSC_8307.JPG_min_y: 349.943
