-1.417986114190991520e+00 -7.104913508161559976e-01 1.184890580410927441e+03
-1.521564031119882809e+00 -1.403620611717263156e+00 2.047736344575411749e+03
-1.723475420748169298e-03 -4.984791796674896761e-04 1.000000000000000000e+00
DSC_8200.JPG_max_x: 405.037
DSC_8200.JPG_min_x: 115.974
DSC_8200.JPG_max_y: 1217.87
DSC_8200.JPG_min_y: 1114.15
DSC_8289.JPG_max_x: 1116.74
DSC_8289.JPG_min_x: 464.972
DSC_8289.JPG_max_y: 1439.18
DSC_8289.JPG_min_y: 259.339
