1.069274067571851061e+00 1.066812925245999855e-01 1.807577260496460951e+02
2.378117082256961112e-01 8.231272944946564918e-01 7.966253869534762089e+01
2.138260495906208847e-04 -3.891764402406563776e-05 1.000000000000000000e+00
DSC_8368.JPG_max_x: 872.729
DSC_8368.JPG_min_x: 5.52387
DSC_8368.JPG_max_y: 1778.67
DSC_8368.JPG_min_y: 1031.41
DSC_8428.JPG_max_x: 1172.63
DSC_8428.JPG_min_x: 320.98
DSC_8428.JPG_max_y: 1578.02
DSC_8428.JPG_min_y: 962.847
