-2.021440796422347308e+00 1.526440157061273784e+00 3.661365689778843091e+01
-1.389676262990542632e+01 1.002280662440931991e+01 1.149797037784974464e+03
-1.259923294863705794e-02 9.109243553362294729e-03 1.000000000000000000e+00
DSC_8234.JPG_max_x: 1306.58
DSC_8234.JPG_min_x: 853.519
DSC_8234.JPG_max_y: 1766.21
DSC_8234.JPG_min_y: 1004.37
DSC_8269.JPG_max_x: 397.383
DSC_8269.JPG_min_x: 81.1691
DSC_8269.JPG_max_y: 1204.08
DSC_8269.JPG_min_y: 994.786
