-2.672707587821118835e+00 1.952895699560972087e+00 2.284348951302384023e+01
-2.686282732959603514e+00 2.853409952898659174e+00 -1.145240130194944641e+03
-5.366235726112938455e-03 3.188730639138563552e-03 1.000000000000000000e+00
DSC_8348.JPG_max_x: 1287.42
DSC_8348.JPG_min_x: 78.9665
DSC_8348.JPG_max_y: 1889.07
DSC_8348.JPG_min_y: 883.121
DSC_8363.JPG_max_x: 1047.91
DSC_8363.JPG_min_x: 339.945
DSC_8363.JPG_max_y: 830.607
DSC_8363.JPG_min_y: 124.101
