3.217267115585827342e-01 -1.089408704174272158e+00 8.107874937260341994e+02
5.204790043521332343e-01 -1.783907136781374358e+00 1.333522075618264807e+03
4.268999213671367809e-04 -1.346520211568719930e-03 1.000000000000000000e+00
DSC_8294.JPG_max_x: 1257.87
DSC_8294.JPG_min_x: 97.9743
DSC_8294.JPG_max_y: 1214.94
DSC_8294.JPG_min_y: 663.182
DSC_8380.JPG_max_x: 1051.96
DSC_8380.JPG_min_x: 629.524
DSC_8380.JPG_max_y: 1947.97
DSC_8380.JPG_min_y: 1104.77
