-1.402663021357142936e+00 3.466777907690303528e-02 1.698606688037299818e+03
-1.493773473644779859e+00 4.723763007245868062e-01 1.337318194763488236e+03
-1.053999442998112494e-03 2.832981454830703848e-04 1.000000000000000000e+00
DSC_8347.JPG_max_x: 1288.64
DSC_8347.JPG_min_x: 390.339
DSC_8347.JPG_max_y: 1573.87
DSC_8347.JPG_min_y: 112.141
DSC_8400.JPG_max_x: 1306.71
DSC_8400.JPG_min_x: 43.8289
DSC_8400.JPG_max_y: 1917.76
DSC_8400.JPG_min_y: 1420.84
