1.798950749903242663e+00 3.011230601035294607e-01 -6.504328547687905484e+02
-1.961227963821643092e-02 1.848546013740690164e+00 -1.980408066562390786e+03
4.309520007380485332e-07 4.217698143114158847e-04 1.000000000000000000e+00
DSC_8294.JPG_max_x: 1275.68
DSC_8294.JPG_min_x: 215.737
DSC_8294.JPG_max_y: 1510.88
DSC_8294.JPG_min_y: 1097.81
DSC_8295.JPG_max_x: 1320.36
DSC_8295.JPG_min_x: 95.9341
DSC_8295.JPG_max_y: 516.961
DSC_8295.JPG_min_y: 13.6427
