-3.588879690626757268e-01 -2.372172691906362374e-01 4.244825604663319041e+02
-1.087469203266166196e-01 -6.451813362727812917e-01 8.214712840678030261e+02
-3.224608131020586643e-04 -7.727278397387353243e-04 1.000000000000000000e+00
DSC_8430.JPG_max_x: 1221.79
DSC_8430.JPG_min_x: 26.8859
DSC_8430.JPG_max_y: 1426.48
DSC_8430.JPG_min_y: 992.132
DSC_8453.JPG_max_x: 1273.88
DSC_8453.JPG_min_x: 97.3746
DSC_8453.JPG_max_y: 1041.58
DSC_8453.JPG_min_y: 227.829
