-2.796975447263318482e-01 -8.130609281221379270e-02 4.002722860421395126e+02
-4.675106299826586875e-01 -7.595019316352803473e-01 1.242236647988493132e+03
-4.675861573462351947e-04 -5.146088919911792191e-04 1.000000000000000000e+00
DSC_8362.JPG_max_x: 1330.47
DSC_8362.JPG_min_x: 675.328
DSC_8362.JPG_max_y: 1437.28
DSC_8362.JPG_min_y: 784.018
DSC_8378.JPG_max_x: 874.504
DSC_8378.JPG_min_x: 25.2983
DSC_8378.JPG_max_y: 1487.05
DSC_8378.JPG_min_y: 1050.05
