1.353361731961686631e+00 3.464942900174463047e-01 -9.451348739753632344e+02
-4.554238688405330693e-02 1.584873320981759148e+00 -1.607022778411865147e+03
-1.205322845674801255e-04 8.555129808814155917e-04 1.000000000000000000e+00
DSC_8224.JPG_max_x: 1294.0
DSC_8224.JPG_min_x: 466.645
DSC_8224.JPG_max_y: 1809.29
DSC_8224.JPG_min_y: 1060.3
DSC_8413.JPG_max_x: 623.34
DSC_8413.JPG_min_x: 95.5183
DSC_8413.JPG_max_y: 505.263
DSC_8413.JPG_min_y: 18.8706
