1.974905895762455177e-01 9.145028604860613863e-02 6.873907630804396831e+02
-1.206482689764133698e-01 8.716929587504034238e-01 -1.045321398227539703e+03
-4.339435822453288844e-04 2.043399896548970911e-04 1.000000000000000000e+00
DSC_8420.JPG_max_x: 639.897
DSC_8420.JPG_min_x: 116.504
DSC_8420.JPG_max_y: 1831.02
DSC_8420.JPG_min_y: 1377.54
DSC_8459.JPG_max_x: 919.87
DSC_8459.JPG_min_x: 663.943
DSC_8459.JPG_max_y: 421.167
DSC_8459.JPG_min_y: 106.373
