3.456514542146154612e-01 -4.338952771349710025e-01 7.962107781899413794e+02
-3.302493629620056326e-01 3.712753788392635368e-01 1.012042147810581014e+03
-3.371445343420101967e-04 -1.853352436062635658e-04 1.000000000000000000e+00
DSC_8309.JPG_max_x: 736.829
DSC_8309.JPG_min_x: 41.6593
DSC_8309.JPG_max_y: 881.753
DSC_8309.JPG_min_y: 339.424
DSC_8444.JPG_max_x: 1268.56
DSC_8444.JPG_min_x: 603.907
DSC_8444.JPG_max_y: 1732.36
DSC_8444.JPG_min_y: 1272.48
