-5.994463460788853476e-02 -5.933617380694568288e-02 8.497892980796443680e+02
-5.220575203371350392e-01 2.744374469944557138e-01 1.001029094155573830e+03
-3.555127049878637076e-04 -5.915526900905726347e-05 1.000000000000000000e+00
DSC_8286.JPG_max_x: 1096.45
DSC_8286.JPG_min_x: 650.552
DSC_8286.JPG_max_y: 1934.44
DSC_8286.JPG_min_y: 1184.35
DSC_8470.JPG_max_x: 1320.69
DSC_8470.JPG_min_x: 1039.16
DSC_8470.JPG_max_y: 1922.32
DSC_8470.JPG_min_y: 1404.69
