-2.168686672671630067e+00 1.341956280218017938e-01 1.225615369563607373e+03
-2.800772134816402748e+00 1.032559746240175658e+00 2.210717727536742814e+02
-2.104908009487089452e-03 1.377847119438235367e-04 9.999999999999998890e-01
DSC_8366.JPG_max_x: 719.382
DSC_8366.JPG_min_x: 31.363
DSC_8366.JPG_max_y: 1577.98
DSC_8366.JPG_min_y: 88.8316
DSC_8398.JPG_max_x: 1326.5
DSC_8398.JPG_min_x: 470.082
DSC_8398.JPG_max_y: 1563.6
DSC_8398.JPG_min_y: 185.073
