8.402136962390515107e-01 2.665556607199761306e-03 1.982919951264078406e+02
1.287425448740401879e-01 8.024468925819978615e-01 2.129228410928754727e+02
1.006895128719769003e-04 9.839614880529225731e-06 1.000000000000000000e+00
DSC_8408.JPG_max_x: 1314.84
DSC_8408.JPG_min_x: 311.998
DSC_8408.JPG_max_y: 1943.52
DSC_8408.JPG_min_y: 446.137
DSC_8424.JPG_max_x: 1143.38
DSC_8424.JPG_min_x: 446.26
DSC_8424.JPG_max_y: 1708.97
DSC_8424.JPG_min_y: 655.118
