9.687182593733610625e-02 -2.321278770419375193e-01 5.361615324995444780e+02
-5.907997203947717990e-02 4.469670639078694441e-01 1.996411872337810394e+02
-3.849719539254265084e-04 -1.090205344087344651e-04 1.000000000000000000e+00
DSC_8347.JPG_max_x: 1187.74
DSC_8347.JPG_min_x: 374.25
DSC_8347.JPG_max_y: 1590.07
DSC_8347.JPG_min_y: 185.784
DSC_8439.JPG_max_x: 1143.67
DSC_8439.JPG_min_x: 256.35
DSC_8439.JPG_max_y: 1422.32
DSC_8439.JPG_min_y: 328.658
