1.606372830873048496e-01 -5.454212188752632223e-02 9.870728663505829559e+00
9.096098950705395758e-01 -1.286541310637984603e+00 9.934386566311534352e+02
6.581711809414989098e-04 -1.200012954259294497e-03 1.000000000000000000e+00
DSC_8232.JPG_max_x: 903.43
DSC_8232.JPG_min_x: 334.99
DSC_8232.JPG_max_y: 1106.95
DSC_8232.JPG_min_y: 822.904
DSC_8400.JPG_max_x: 850.943
DSC_8400.JPG_min_x: 44.0014
DSC_8400.JPG_max_y: 1701.14
DSC_8400.JPG_min_y: 1128.82
