-1.459045611684950616e+00 -1.363136495005158877e-01 1.173282034021188338e+03
-2.301247334264563627e+00 5.500621228276174612e-01 4.122344501878538381e+02
-1.521796214394723719e-03 -1.129807072994704905e-04 9.999999999999998890e-01
DSC_8396.JPG_max_x: 925.539
DSC_8396.JPG_min_x: 5.17065
DSC_8396.JPG_max_y: 1593.82
DSC_8396.JPG_min_y: 258.731
DSC_8398.JPG_max_x: 1326.5
DSC_8398.JPG_min_x: 693.532
DSC_8398.JPG_max_y: 1630.37
DSC_8398.JPG_min_y: 151.322
