-3.279630253849415755e+00 -8.788658084709085605e-01 2.932235447473411568e+03
-3.706509501886993796e+00 -2.940134346227404549e+00 1.784281402756624630e+03
-2.754610831921090828e-03 -8.467532211163729351e-04 1.000000000000000000e+00
DSC_8195.JPG_max_x: 1327.37
DSC_8195.JPG_min_x: 859.179
DSC_8195.JPG_max_y: 504.845
DSC_8195.JPG_min_y: 23.6155
DSC_8196.JPG_max_x: 577.622
DSC_8196.JPG_min_x: 19.0357
DSC_8196.JPG_max_y: 1609.59
DSC_8196.JPG_min_y: 1191.37
