1.337676892170613641e-01 -4.573814841229095207e-01 5.445982138473949590e+02
-1.625003878462036033e-01 -8.130564051416772076e-01 1.241231171999442722e+03
-1.289657240545390453e-04 -7.192175101029947516e-04 1.000000000000000000e+00
DSC_8257.JPG_max_x: 1207.59
DSC_8257.JPG_min_x: 27.7745
DSC_8257.JPG_max_y: 969.928
DSC_8257.JPG_min_y: 227.889
DSC_8366.JPG_max_x: 1172.93
DSC_8366.JPG_min_x: 484.263
DSC_8366.JPG_max_y: 1616.01
DSC_8366.JPG_min_y: 1244.44
