-6.075131744345949047e-02 3.589254246994960651e-01 1.148509530025386539e+03
-2.185158503145452624e-01 8.203215118246157678e-01 3.741993824753482158e+02
-5.668088402901622384e-04 5.031523312275911278e-04 1.000000000000000000e+00
DSC_8227.JPG_max_x: 350.291
DSC_8227.JPG_min_x: 37.3052
DSC_8227.JPG_max_y: 1153.01
DSC_8227.JPG_min_y: 300.992
DSC_8445.JPG_max_x: 1223.78
DSC_8445.JPG_min_x: 999.261
DSC_8445.JPG_max_y: 837.29
DSC_8445.JPG_min_y: 551.481
