7.439297937654991699e-01 -6.359630506980228082e-02 1.010542832723664759e+02
-4.686645297218314937e-02 1.018433251500020731e+00 -5.267548828171040753e+01
-1.486863742938223959e-04 -2.176353389454644001e-05 1.000000000000000000e+00
DSC_8459.JPG_max_x: 828.088
DSC_8459.JPG_min_x: 171.217
DSC_8459.JPG_max_y: 1668.3
DSC_8459.JPG_min_y: 157.544
DSC_8479.JPG_max_x: 743.256
DSC_8479.JPG_min_x: 156.765
DSC_8479.JPG_max_y: 1827.31
DSC_8479.JPG_min_y: 65.6593
