5.151934149112268324e-01 -3.055979599729488974e-02 2.496854989195811072e+02
6.603189298723954881e-02 3.843184753137947052e-01 1.410421629465068236e+03
4.759340506190958160e-05 -1.188677108407241622e-05 1.000000000000000000e+00
DSC_8205.JPG_max_x: 1053.19
DSC_8205.JPG_min_x: 107.142
DSC_8205.JPG_max_y: 1025.9
DSC_8205.JPG_min_y: 81.4211
DSC_8394.JPG_max_x: 750.931
DSC_8394.JPG_min_x: 298.709
DSC_8394.JPG_max_y: 1804.33
DSC_8394.JPG_min_y: 1441.88
