-5.928933450799843285e+01 -2.101648425843364620e+01 3.154252226648357100e+04
-1.819744868623077707e+02 -4.372444553284552882e+01 6.998721744151150051e+04
-1.365321141781655201e-01 6.805776175603520800e-03 9.999999999999998890e-01
DSC_8202.JPG_max_x: 1172.26
DSC_8202.JPG_min_x: 84.7381
DSC_8202.JPG_max_y: 1694.33
DSC_8202.JPG_min_y: 659.547
DSC_8428.JPG_max_x: 853.943
DSC_8428.JPG_min_x: 10.9735
DSC_8428.JPG_max_y: 1623.39
DSC_8428.JPG_min_y: 950.708
