-1.825235036451844373e+00 -1.105991480112806569e+00 2.516853324062209595e+03
-4.352354826893357620e-01 -2.039333360284651953e+00 2.432822896220463917e+03
-1.221339477437566583e-03 -8.777604696578104708e-04 1.000000000000000000e+00
DSC_8220.JPG_max_x: 1278.63
DSC_8220.JPG_min_x: 497.867
DSC_8220.JPG_max_y: 1505.39
DSC_8220.JPG_min_y: 1086.31
DSC_8337.JPG_max_x: 761.66
DSC_8337.JPG_min_x: 13.6209
DSC_8337.JPG_max_y: 846.044
DSC_8337.JPG_min_y: 204.968
