9.384285277177309981e-01 -4.536719730476923562e-01 2.159065110066940747e+02
4.005727306713238040e-02 3.456089460916428324e-01 -3.948268098539095377e+02
6.728863214321268273e-04 -7.670489390517451012e-04 1.000000000000000000e+00
DSC_8366.JPG_max_x: 1192.27
DSC_8366.JPG_min_x: 428.989
DSC_8366.JPG_max_y: 1531.85
DSC_8366.JPG_min_y: 1242.76
DSC_8473.JPG_max_x: 1133.14
DSC_8473.JPG_min_x: 99.963
DSC_8473.JPG_max_y: 439.278
DSC_8473.JPG_min_y: 96.7298
