5.497899121864969096e+00 -2.254972879820014153e-01 -4.386761129466694911e+03
2.163262003569338621e+00 4.403886408253772977e+00 -3.477449448473188568e+03
1.910983147338310602e-03 -4.093504927633234678e-06 1.000000000000000000e+00
DSC_8234.JPG_max_x: 1300.81
DSC_8234.JPG_min_x: 832.667
DSC_8234.JPG_max_y: 1331.05
DSC_8234.JPG_min_y: 809.809
DSC_8448.JPG_max_x: 707.935
DSC_8448.JPG_min_x: 8.19525
DSC_8448.JPG_max_y: 1511.94
DSC_8448.JPG_min_y: 742.684
