7.150141426957187241e-01 1.238257731688804097e-01 -4.327267955467924025e+02
8.358331971328247789e-02 2.718874942296455322e-01 3.128277816556714583e+02
4.516966758340207116e-04 -7.061915410094503484e-04 1.000000000000000000e+00
DSC_8429.JPG_max_x: 1311.44
DSC_8429.JPG_min_x: 562.734
DSC_8429.JPG_max_y: 906.762
DSC_8429.JPG_min_y: 371.137
DSC_8475.JPG_max_x: 656.909
DSC_8475.JPG_min_x: 10.4009
DSC_8475.JPG_max_y: 692.322
DSC_8475.JPG_min_y: 403.341
