7.760620161582724164e-01 -1.632043285755645570e-02 3.797529030962738261e+02
4.379959030133988990e-02 4.959278499673864804e-01 3.821440798421369891e+02
7.532078183436118556e-05 -1.681781219948389014e-04 1.000000000000000000e+00
DSC_8243.JPG_max_x: 1246.54
DSC_8243.JPG_min_x: 199.259
DSC_8243.JPG_max_y: 780.174
DSC_8243.JPG_min_y: 23.5914
DSC_8259.JPG_max_x: 1254.59
DSC_8259.JPG_min_x: 598.371
DSC_8259.JPG_max_y: 850.377
DSC_8259.JPG_min_y: 392.947
