6.198508506441305910e-01 -1.933143139874725080e-01 2.185370939754902508e+02
-7.054720282013848820e-02 4.798451035840789469e-01 1.273694103139658182e+03
-6.906488644540822151e-05 -1.014719285515240465e-04 1.000000000000000000e+00
DSC_8293.JPG_max_x: 694.454
DSC_8293.JPG_min_x: 40.2268
DSC_8293.JPG_max_y: 899.482
DSC_8293.JPG_min_y: 100.309
DSC_8472.JPG_max_x: 657.791
DSC_8472.JPG_min_x: 128.375
DSC_8472.JPG_max_y: 1907.66
DSC_8472.JPG_min_y: 1350.33
