1.421618429692687924e+00 4.214171303522040724e-01 2.570318524442827268e+01
-5.804431053186912687e-02 1.727440104028270973e+00 -1.552097053940462729e+03
-8.549189432661383507e-05 5.266281792111933164e-04 9.999999999999998890e-01
DSC_8220.JPG_max_x: 503.706
DSC_8220.JPG_min_x: 5.38297
DSC_8220.JPG_max_y: 1551.51
DSC_8220.JPG_min_y: 926.516
DSC_8365.JPG_max_x: 780.176
DSC_8365.JPG_min_x: 309.842
DSC_8365.JPG_max_y: 610.361
DSC_8365.JPG_min_y: 17.2552
