9.726204171600814519e+00 4.799554935863862504e+00 -9.640477481227111639e+03
-2.261824710537154448e-01 1.424899618930793643e+01 -1.491053338763192005e+04
-3.420796298506117864e-04 5.246421004311388296e-03 1.000000000000000000e+00
DSC_8194.JPG_max_x: 1329.0
DSC_8194.JPG_min_x: 565.084
DSC_8194.JPG_max_y: 1422.68
DSC_8194.JPG_min_y: 1085.03
DSC_8345.JPG_max_x: 1324.51
DSC_8345.JPG_min_x: 327.712
DSC_8345.JPG_max_y: 633.283
DSC_8345.JPG_min_y: 36.2265
