7.407054610958974106e-01 -1.771970473035757235e-02 4.486503194978791385e+02
1.420173870505091474e-01 5.347921182053209099e-01 5.907403852453267064e+02
1.310918790588474245e-04 -5.854317241834275121e-05 1.000000000000000000e+00
DSC_8236.JPG_max_x: 1272.04
DSC_8236.JPG_min_x: 17.6919
DSC_8236.JPG_max_y: 1743.67
DSC_8236.JPG_min_y: 650.253
DSC_8398.JPG_max_x: 1277.66
DSC_8398.JPG_min_x: 473.83
DSC_8398.JPG_max_y: 1646.82
DSC_8398.JPG_min_y: 984.569
