5.027402148512648550e-01 -2.876000703263489888e-01 4.987427543678293205e+02
-3.022967224290987742e-01 5.792274042741989426e-01 1.957155852943762682e+02
-3.574193866186473490e-04 -1.922371556031497459e-04 1.000000000000000000e+00
DSC_8324.JPG_max_x: 890.46
DSC_8324.JPG_min_x: 109.132
DSC_8324.JPG_max_y: 1440.15
DSC_8324.JPG_min_y: 523.119
DSC_8354.JPG_max_x: 1272.05
DSC_8354.JPG_min_x: 245.399
DSC_8354.JPG_max_y: 1545.88
DSC_8354.JPG_min_y: 405.969
