1.231817695795196732e+00 5.493775373021769770e-01 7.442999953147571546e+01
3.100278773576398694e-01 1.577422154252904551e+00 -5.518133828545334296e+01
2.214235176131148564e-04 4.930072041309623010e-04 1.000000000000000000e+00
DSC_8204.JPG_max_x: 1195.91
DSC_8204.JPG_min_x: 133.293
DSC_8204.JPG_max_y: 1902.5
DSC_8204.JPG_min_y: 844.212
DSC_8412.JPG_max_x: 1193.08
DSC_8412.JPG_min_x: 598.165
DSC_8412.JPG_max_y: 1511.91
DSC_8412.JPG_min_y: 962.702
