7.692570487879255570e-01 6.151823891230528973e-02 1.974777172273232395e+02
2.971266983308750928e-02 7.682083142656653818e-01 3.015398879722080778e+02
2.220375694437457534e-05 -4.104496173014953342e-05 1.000000000000000000e+00
DSC_8338.JPG_max_x: 1319.97
DSC_8338.JPG_min_x: 18.8985
DSC_8338.JPG_max_y: 1614.2
DSC_8338.JPG_min_y: 820.294
DSC_8428.JPG_max_x: 1322.62
DSC_8428.JPG_min_x: 206.432
DSC_8428.JPG_max_y: 1638.71
DSC_8428.JPG_min_y: 956.406
