-2.511749563436010621e-02 -1.519175381842459427e-01 7.315091884040223249e+02
-2.753301737252282777e-01 1.557692602772832446e-01 9.291532286461175545e+02
-2.542115234895922331e-04 -7.888088864962231636e-05 1.000000000000000000e+00
DSC_8268.JPG_max_x: 1300.42
DSC_8268.JPG_min_x: 29.5166
DSC_8268.JPG_max_y: 1640.35
DSC_8268.JPG_min_y: 514.364
DSC_8378.JPG_max_x: 961.291
DSC_8378.JPG_min_x: 331.525
DSC_8378.JPG_max_y: 1382.7
DSC_8378.JPG_min_y: 1054.43
