4.879329241751539925e-01 -1.074143412819402767e-02 2.076822633106922567e+01
-2.168163674781601324e-01 5.457785689758221093e-01 5.379751983493465559e+02
-2.257781344388414262e-04 6.093125035513275985e-05 1.000000000000000000e+00
DSC_8242.JPG_max_x: 1281.3
DSC_8242.JPG_min_x: 50.2416
DSC_8242.JPG_max_y: 1877.15
DSC_8242.JPG_min_y: 585.075
DSC_8474.JPG_max_x: 810.152
DSC_8474.JPG_min_x: 22.6798
DSC_8474.JPG_max_y: 1439.26
DSC_8474.JPG_min_y: 773.826
