6.227169893889168417e-01 -1.571718699926943630e-01 1.103603486225475621e+02
5.205372911117120416e-02 4.432897169594961495e-01 2.088413860852989217e+02
-4.797230580398013461e-05 -3.395819276102444084e-04 9.999999999999998890e-01
DSC_8245.JPG_max_x: 752.603
DSC_8245.JPG_min_x: 117.162
DSC_8245.JPG_max_y: 656.086
DSC_8245.JPG_min_y: 32.4363
DSC_8277.JPG_max_x: 605.836
DSC_8277.JPG_min_x: 164.575
DSC_8277.JPG_max_y: 698.11
DSC_8277.JPG_min_y: 243.532
