1.003247144184596262e+00 -1.633706407863324550e-01 3.045385316094106543e+02
1.913950096354503083e-01 3.575631913251439697e-01 1.366063587721008844e+03
1.874257243290759008e-04 -3.221828646515600535e-04 1.000000000000000000e+00
DSC_8271.JPG_max_x: 1130.61
DSC_8271.JPG_min_x: 535.624
DSC_8271.JPG_max_y: 559.62
DSC_8271.JPG_min_y: 38.5152
DSC_8286.JPG_max_x: 1296.73
DSC_8286.JPG_min_x: 829.574
DSC_8286.JPG_max_y: 1822.24
DSC_8286.JPG_min_y: 1345.86
