9.511732605788757455e-01 4.468385073725083395e-02 -3.279188677426872687e+02
2.038330067319329975e-02 1.198992035067964590e+00 -1.481898291303421900e+02
-4.769465105193744999e-06 1.661003761729848571e-05 1.000000000000000000e+00
DSC_8250.JPG_max_x: 1321.22
DSC_8250.JPG_min_x: 1046.54
DSC_8250.JPG_max_y: 1327.62
DSC_8250.JPG_min_y: 687.697
DSC_8266.JPG_max_x: 968.818
DSC_8266.JPG_min_x: 697.649
DSC_8266.JPG_max_y: 1452.41
DSC_8266.JPG_min_y: 696.607
