2.565407163479032526e+00 8.582372905424179299e-01 -2.407965801606088462e+03
-6.011363954541933952e-01 3.602581586211919262e+00 -2.876446966958507801e+03
-1.364856669125276032e-03 1.182906085578359998e-03 9.999999999999998890e-01
DSC_8312.JPG_max_x: 976.958
DSC_8312.JPG_min_x: 703.708
DSC_8312.JPG_max_y: 1953.6
DSC_8312.JPG_min_y: 929.234
DSC_8407.JPG_max_x: 892.688
DSC_8407.JPG_min_x: 227.418
DSC_8407.JPG_max_y: 1807.69
DSC_8407.JPG_min_y: 15.3563
