-2.776032222558862728e+00 -8.849208876967923354e-01 2.350762704789703548e+03
2.566784051620198126e-02 -3.418951380599990042e+00 3.996893262859332935e+03
-1.817116181624158159e-05 -1.233578220171641700e-03 1.000000000000000000e+00
DSC_8398.JPG_max_x: 705.406
DSC_8398.JPG_min_x: 513.685
DSC_8398.JPG_max_y: 1340.98
DSC_8398.JPG_min_y: 1191.78
DSC_8465.JPG_max_x: 1207.87
DSC_8465.JPG_min_x: 312.217
DSC_8465.JPG_max_y: 851.187
DSC_8465.JPG_min_y: 126.835
