5.233290981874805237e-01 -1.293662199699926185e-01 3.150008912577637261e+02
-2.349580195504648653e-02 2.986070672153190442e-01 1.143823625069429909e+03
-2.244397680040127792e-05 -1.804623065973156996e-04 1.000000000000000000e+00
DSC_8425.JPG_max_x: 1086.5
DSC_8425.JPG_min_x: 80.6283
DSC_8425.JPG_max_y: 1133.36
DSC_8425.JPG_min_y: 114.511
DSC_8476.JPG_max_x: 928.681
DSC_8476.JPG_min_x: 321.75
DSC_8476.JPG_max_y: 1884.19
DSC_8476.JPG_min_y: 1219.52
