7.065063799662668620e-02 -1.377075183639220046e-01 6.065751119648537042e+02
-7.105454555652915283e-02 7.319769911359688130e-01 5.965052221687716383e+01
-3.191511674729255498e-04 8.705169123987427653e-05 1.000000000000000000e+00
DSC_8331.JPG_max_x: 1092.67
DSC_8331.JPG_min_x: 190.806
DSC_8331.JPG_max_y: 1880.9
DSC_8331.JPG_min_y: 81.9449
DSC_8459.JPG_max_x: 921.271
DSC_8459.JPG_min_x: 467.201
DSC_8459.JPG_max_y: 1652.21
DSC_8459.JPG_min_y: 99.2238
