1.923518788703737770e-01 3.211711927806542004e-03 -2.069685955880007953e+02
-7.122862971935138843e-01 5.862993939125896725e-01 8.010283793011809621e+02
-4.198416449352154831e-04 3.993246706358160729e-05 1.000000000000000000e+00
DSC_8242.JPG_max_x: 1317.87
DSC_8242.JPG_min_x: 1037.09
DSC_8242.JPG_max_y: 1650.36
DSC_8242.JPG_min_y: 561.606
DSC_8244.JPG_max_x: 139.461
DSC_8244.JPG_min_x: 15.4242
DSC_8244.JPG_max_y: 1605.99
DSC_8244.JPG_min_y: 535.425
