1.157716771423206170e+00 -3.752727502548431487e-02 4.354731483169016997e+02
-8.122318863976403513e-02 1.158480731784887308e+00 -1.129742738793336798e+02
-9.757986159342149515e-05 -1.332597445924175482e-05 1.000000000000000000e+00
DSC_8298.JPG_max_x: 705.486
DSC_8298.JPG_min_x: 30.3021
DSC_8298.JPG_max_y: 1719.89
DSC_8298.JPG_min_y: 471.408
DSC_8312.JPG_max_x: 1312.45
DSC_8312.JPG_min_x: 428.888
DSC_8312.JPG_max_y: 1974.59
DSC_8312.JPG_min_y: 435.805
