-6.798215637353137719e-01 -4.222075922708746765e-01 9.855157026277620389e+02
-1.126174289647497995e+00 -3.190820013730625293e-01 1.274876588497346120e+03
-7.962984522782799029e-04 -3.978006363730731266e-04 1.000000000000000000e+00
DSC_8445.JPG_max_x: 1091.66
DSC_8445.JPG_min_x: 279.328
DSC_8445.JPG_max_y: 789.658
DSC_8445.JPG_min_y: 231.191
DSC_8472.JPG_max_x: 1303.14
DSC_8472.JPG_min_x: 269.532
DSC_8472.JPG_max_y: 1621.31
DSC_8472.JPG_min_y: 1163.54
