1.015849667685578384e+00 -3.705753934644742675e-01 1.244898503790479026e+03
-2.516316442432190437e-01 1.928423799767249536e+00 -7.204292897759488596e+02
-4.066056135453534532e-04 2.795247777346972435e-04 1.000000000000000000e+00
DSC_8324.JPG_max_x: 789.909
DSC_8324.JPG_min_x: 23.0111
DSC_8324.JPG_max_y: 1571.62
DSC_8324.JPG_min_y: 1254.95
DSC_8338.JPG_max_x: 1302.73
DSC_8338.JPG_min_x: 490.046
DSC_8338.JPG_max_y: 1899.03
DSC_8338.JPG_min_y: 1303.59
