1.002547920724503827e+00 -2.994634575229496512e-02 -8.301571330909365543e+02
1.809034789590963643e-01 7.834464634414562978e-01 2.717684226443234934e+02
2.466712576469922932e-04 -4.648395838836793609e-05 1.000000000000000000e+00
DSC_8442.JPG_max_x: 1280.79
DSC_8442.JPG_min_x: 895.059
DSC_8442.JPG_max_y: 1963.22
DSC_8442.JPG_min_y: 1636.96
DSC_8476.JPG_max_x: 328.367
DSC_8476.JPG_min_x: 16.4286
DSC_8476.JPG_max_y: 1716.89
DSC_8476.JPG_min_y: 1442.83
