-1.104571458784251226e+00 -3.813086846749907943e-01 1.468634218253293056e+03
-8.147964780157126441e-01 -2.023903909614195307e+00 2.145409656085716506e+03
-8.954392691718120537e-04 -9.525256100687012504e-04 1.000000000000000000e+00
DSC_8366.JPG_max_x: 1319.5
DSC_8366.JPG_min_x: 893.207
DSC_8366.JPG_max_y: 1384.24
DSC_8366.JPG_min_y: 1012.87
DSC_8454.JPG_max_x: 347.26
DSC_8454.JPG_min_x: 6.12439
DSC_8454.JPG_max_y: 1257.21
DSC_8454.JPG_min_y: 844.943
