-2.545315939677999406e+00 -8.270522664208862507e-01 1.240371981191120994e+03
-2.022592820122490309e+00 -4.755791918007751251e-01 7.943101942801310997e+02
-2.150063771830372419e-03 -6.538859527382718390e-04 1.000000000000000000e+00
DSC_8412.JPG_max_x: 155.354
DSC_8412.JPG_min_x: 3.32491
DSC_8412.JPG_max_y: 1209.79
DSC_8412.JPG_min_y: 859.46
DSC_8452.JPG_max_x: 1313.98
DSC_8452.JPG_min_x: 844.61
DSC_8452.JPG_max_y: 1352.24
DSC_8452.JPG_min_y: 839.811
