6.490090881776715559e-01 -6.113910960883971457e-01 1.122420761487467644e+03
-4.478234862404922162e-02 1.038783757030827815e+00 3.453891089688430043e+02
-5.161116354041083223e-04 -1.546521111327850585e-05 1.000000000000000000e+00
DSC_8199.JPG_max_x: 404.492
DSC_8199.JPG_min_x: 14.8343
DSC_8199.JPG_max_y: 852.28
DSC_8199.JPG_min_y: 230.352
DSC_8331.JPG_max_x: 1214.5
DSC_8331.JPG_min_x: 766.107
DSC_8331.JPG_max_y: 1521.38
DSC_8331.JPG_min_y: 619.738
