1.261507593147674910e+00 -6.788850082310142475e-02 4.127373189358770560e+02
5.072053206778113221e-01 7.655320494771004070e-01 -1.398876812987225549e+02
5.673318350425468485e-04 -1.864227222112922874e-04 1.000000000000000000e+00
DSC_8230.JPG_max_x: 1238.76
DSC_8230.JPG_min_x: 343.676
DSC_8230.JPG_max_y: 1362.83
DSC_8230.JPG_min_y: 555.29
DSC_8296.JPG_max_x: 1280.78
DSC_8296.JPG_min_x: 762.378
DSC_8296.JPG_max_y: 1092.06
DSC_8296.JPG_min_y: 482.321
