7.979665538509540523e-01 -1.955877074095024870e-01 -3.589248193576253243e+01
-1.463862869171350146e-03 6.915349746652694751e-01 1.996947627465972346e+02
-1.208027294359962647e-05 6.137747061523422028e-05 1.000000000000000000e+00
DSC_8211.JPG_max_x: 1287.64
DSC_8211.JPG_min_x: 212.752
DSC_8211.JPG_max_y: 1127.56
DSC_8211.JPG_min_y: 400.502
DSC_8341.JPG_max_x: 854.265
DSC_8341.JPG_min_x: 9.03654
DSC_8341.JPG_max_y: 912.917
DSC_8341.JPG_min_y: 459.339
