8.579160067267731504e-01 -3.625930507162073574e-02 -9.571437165899391175e+01
9.896844290117463860e-02 7.922260205155334800e-01 4.296862243723476240e+02
6.069792340589004660e-05 -1.781765092151084033e-05 1.000000000000000000e+00
DSC_8324.JPG_max_x: 1323.16
DSC_8324.JPG_min_x: 181.804
DSC_8324.JPG_max_y: 1756.47
DSC_8324.JPG_min_y: 464.597
DSC_8442.JPG_max_x: 923.472
DSC_8442.JPG_min_x: 12.7953
DSC_8442.JPG_max_y: 1895.95
DSC_8442.JPG_min_y: 860.926
