-1.678976458632315705e+00 -6.347645810507860364e-01 1.801417889800924286e+03
-1.860131610972186045e-01 -1.127346876194568637e+00 1.408088631686575127e+03
-1.091697338576084683e-03 -6.441443455643321723e-04 1.000000000000000000e+00
DSC_8380.JPG_max_x: 1096.53
DSC_8380.JPG_min_x: 667.258
DSC_8380.JPG_max_y: 1665.76
DSC_8380.JPG_min_y: 1099.93
DSC_8445.JPG_max_x: 838.928
DSC_8445.JPG_min_x: 279.328
DSC_8445.JPG_max_y: 670.162
DSC_8445.JPG_min_y: 20.5391
