8.240658402536321647e-01 -2.827802224168939754e-02 1.701686612838745702e+02
1.295244336081982639e-01 6.541671904293352435e-01 2.716931582480798397e+02
1.369385818018432433e-04 -5.731913822301648587e-05 1.000000000000000000e+00
DSC_8314.JPG_max_x: 1220.47
DSC_8314.JPG_min_x: 15.5443
DSC_8314.JPG_max_y: 1824.78
DSC_8314.JPG_min_y: 239.567
DSC_8248.JPG_max_x: 1017.29
DSC_8248.JPG_min_x: 186.864
DSC_8248.JPG_max_y: 1589.58
DSC_8248.JPG_min_y: 501.975
