6.264428411117123119e+00 1.909752849607605274e+00 -1.582309327450181172e+03
-2.988118978230820399e-01 7.814473809704928442e+00 -8.185205188941032247e+03
1.606074997667286883e-05 2.522681714091254152e-03 1.000000000000000000e+00
DSC_8232.JPG_max_x: 806.96
DSC_8232.JPG_min_x: 134.805
DSC_8232.JPG_max_y: 1855.13
DSC_8232.JPG_min_y: 1083.87
DSC_8347.JPG_max_x: 1310.97
DSC_8347.JPG_min_x: 403.062
DSC_8347.JPG_max_y: 1071.68
DSC_8347.JPG_min_y: 42.4921
