-4.414180601081860861e-02 -6.297579030257450805e-01 7.152712603169617296e+02
-6.263940797468008359e-01 -7.700111948554368979e-01 1.440747516815872359e+03
-3.980925400112181518e-04 -6.798431163045539488e-04 1.000000000000000000e+00
DSC_8349.JPG_max_x: 951.767
DSC_8349.JPG_min_x: 21.1936
DSC_8349.JPG_max_y: 1387.65
DSC_8349.JPG_min_y: 300.626
DSC_8376.JPG_max_x: 1160.13
DSC_8376.JPG_min_x: 514.86
DSC_8376.JPG_max_y: 1863.71
DSC_8376.JPG_min_y: 112.374
