1.390912677470433678e+00 -4.799623358709867449e-02 -1.613129211919651311e+02
6.564497378332649624e-02 1.367103999854529794e+00 -4.051887557216834352e+02
1.831338049485249593e-05 -1.050849985701204234e-05 1.000000000000000000e+00
DSC_8432.JPG_max_x: 1105.76
DSC_8432.JPG_min_x: 157.56
DSC_8432.JPG_max_y: 1701.19
DSC_8432.JPG_min_y: 769.617
DSC_8448.JPG_max_x: 1316.86
DSC_8448.JPG_min_x: 8.19525
DSC_8448.JPG_max_y: 1989.33
DSC_8448.JPG_min_y: 661.641
