8.517945816499706835e-01 1.677644536163608868e-01 -8.395191413261993318e+01
8.593272742042679145e-04 9.199196682832473382e-01 -1.233636775943699178e+02
-3.705957385672350513e-05 1.387354000195972455e-04 1.000000000000000000e+00
DSC_8259.JPG_max_x: 1297.81
DSC_8259.JPG_min_x: 117.842
DSC_8259.JPG_max_y: 1024.95
DSC_8259.JPG_min_y: 254.833
DSC_8275.JPG_max_x: 1076.02
DSC_8275.JPG_min_x: 112.086
DSC_8275.JPG_max_y: 715.146
DSC_8275.JPG_min_y: 100.341
