3.021777742986076820e+00 -2.161708506384774631e-01 -4.111509301135050691e+02
7.863721281626593340e-01 2.179004329955793740e+00 -1.853033681803037780e+03
1.152179766808057509e-03 -7.923546242674700708e-04 1.000000000000000000e+00
DSC_8200.JPG_max_x: 559.791
DSC_8200.JPG_min_x: 210.854
DSC_8200.JPG_max_y: 1143.17
DSC_8200.JPG_min_y: 896.655
DSC_8304.JPG_max_x: 1106.53
DSC_8304.JPG_min_x: 27.7159
DSC_8304.JPG_max_y: 1784.88
DSC_8304.JPG_min_y: 487.392
