2.968882371661387687e+00 -1.679108595117011216e-01 -6.660622924793150332e+02
8.057958551918003032e-01 2.879079014780086432e+00 -1.290968002705771823e+03
7.102888801379036391e-04 8.444359711274742144e-05 1.000000000000000000e+00
DSC_8218.JPG_max_x: 1081.94
DSC_8218.JPG_min_x: 325.347
DSC_8218.JPG_max_y: 1204.34
DSC_8218.JPG_min_y: 572.932
DSC_8434.JPG_max_x: 1320.34
DSC_8434.JPG_min_x: 128.251
DSC_8434.JPG_max_y: 1658.08
DSC_8434.JPG_min_y: 490.61
