-1.724667100832333544e+00 -1.330435706735816626e-01 1.866136153892460015e+03
-3.070897314805894229e+00 1.103781788243780815e+00 2.215033758622741061e+03
-1.556882221841123046e-03 1.163554600455124878e-03 9.999999999999998890e-01
DSC_8195.JPG_max_x: 1322.62
DSC_8195.JPG_min_x: 137.206
DSC_8195.JPG_max_y: 1215.06
DSC_8195.JPG_min_y: 20.5026
DSC_8360.JPG_max_x: 1036.44
DSC_8360.JPG_min_x: 136.276
DSC_8360.JPG_max_y: 1955.61
DSC_8360.JPG_min_y: 913.544
