2.928761263286123295e+00 -4.078094505649977108e+00 9.929163483673816017e+02
4.165471049690691707e+00 -6.227437143281272292e+00 1.717965817977082452e+03
2.835226879445991444e-03 -4.004599924022225234e-03 1.000000000000000000e+00
DSC_8282.JPG_max_x: 758.502
DSC_8282.JPG_min_x: 617.276
DSC_8282.JPG_max_y: 1163.99
DSC_8282.JPG_min_y: 713.243
DSC_8468.JPG_max_x: 1106.17
DSC_8468.JPG_min_x: 811.308
DSC_8468.JPG_max_y: 1890.05
DSC_8468.JPG_min_y: 1253.69
