1.076462709572855836e+00 -7.055399595832777260e-02 -1.696040968917751854e+02
-5.495094639360354610e-02 1.104997848131851867e+00 1.782575085825043288e+02
-7.772093498650248147e-05 -4.611873622511545299e-05 1.000000000000000000e+00
DSC_8277.JPG_max_x: 1250.05
DSC_8277.JPG_min_x: 233.196
DSC_8277.JPG_max_y: 653.589
DSC_8277.JPG_min_y: 54.5118
DSC_8311.JPG_max_x: 1293.49
DSC_8311.JPG_min_x: 81.7186
DSC_8311.JPG_max_y: 914.54
DSC_8311.JPG_min_y: 193.122
