2.744023963995743109e+00 9.951243117020801554e-01 -4.085626469868478125e+03
1.266927955743828216e+00 3.533420299042056456e+00 -1.784112990295722057e+03
1.202952237403165023e-03 5.119869596250854228e-04 1.000000000000000000e+00
DSC_8412.JPG_max_x: 1226.2
DSC_8412.JPG_min_x: 957.12
DSC_8412.JPG_max_y: 1776.98
DSC_8412.JPG_min_y: 1367.16
DSC_8426.JPG_max_x: 288.27
DSC_8426.JPG_min_x: 4.5789
DSC_8426.JPG_max_y: 1821.11
DSC_8426.JPG_min_y: 1451.68
