1.858776836894254103e+00 5.885446705292394359e-02 -1.165800670369122145e+03
4.482154933790667428e-01 1.673257450932885471e+00 -2.163567884954048566e+02
7.136459892181439783e-04 -1.007928026148677085e-04 9.999999999999998890e-01
DSC_8309.JPG_max_x: 1287.23
DSC_8309.JPG_min_x: 730.034
DSC_8309.JPG_max_y: 926.394
DSC_8309.JPG_min_y: 57.1269
DSC_8427.JPG_max_x: 686.462
DSC_8427.JPG_min_x: 159.342
DSC_8427.JPG_max_y: 1067.56
DSC_8427.JPG_min_y: 195.127
