2.316143860312417146e+01 3.431920768244639319e+00 -5.545224840004640100e+03
3.012656561280357082e+00 1.977251562301310273e+01 -2.418682451141489219e+04
-7.168718583699757070e-03 7.680967985404887378e-03 1.000000000000000000e+00
DSC_8362.JPG_max_x: 539.823
DSC_8362.JPG_min_x: 185.094
DSC_8362.JPG_max_y: 1794.24
DSC_8362.JPG_min_y: 1246.29
DSC_8421.JPG_max_x: 1150.77
DSC_8421.JPG_min_x: 325.698
DSC_8421.JPG_max_y: 1202.0
DSC_8421.JPG_min_y: 66.2559
