-1.011297022678019797e+00 -4.665184458965561665e-01 1.597339420962383656e+03
-3.411524832762732329e-01 8.446223709929708834e-01 -4.257674225644573340e+01
-7.718463940882625343e-04 1.442690173179555825e-05 9.999999999999998890e-01
DSC_8268.JPG_max_x: 1315.38
DSC_8268.JPG_min_x: 16.8477
DSC_8268.JPG_max_y: 1640.35
DSC_8268.JPG_min_y: 575.503
DSC_8318.JPG_max_x: 1298.8
DSC_8318.JPG_min_x: 198.696
DSC_8318.JPG_max_y: 1342.46
DSC_8318.JPG_min_y: 552.653
