-8.945675622614163158e-01 -6.124797621625418520e-01 1.338478754221796635e+03
-1.484756611698384798e+00 -5.743971835271521886e-02 1.189165721357501070e+03
-9.916726482407816658e-04 -2.401922374712252403e-04 1.000000000000000000e+00
DSC_8232.JPG_max_x: 837.093
DSC_8232.JPG_min_x: 311.535
DSC_8232.JPG_max_y: 1445.05
DSC_8232.JPG_min_y: 726.575
DSC_8402.JPG_max_x: 1206.96
DSC_8402.JPG_min_x: 182.116
DSC_8402.JPG_max_y: 1821.5
DSC_8402.JPG_min_y: 1141.3
