3.841399314339961624e+00 1.258981402081507994e+00 -2.262426694746870908e+03
-2.881517394524356623e-01 4.266830294378052280e+00 -5.112472978164269080e+03
-2.157532540760232745e-04 1.763411935377579313e-03 1.000000000000000000e+00
DSC_8202.JPG_max_x: 1319.68
DSC_8202.JPG_min_x: 219.201
DSC_8202.JPG_max_y: 1979.35
DSC_8202.JPG_min_y: 1266.13
DSC_8203.JPG_max_x: 1287.17
DSC_8203.JPG_min_x: 88.8985
DSC_8203.JPG_max_y: 715.595
DSC_8203.JPG_min_y: 20.4665
