1.254351032354565909e+00 6.405151972369388380e-01 -1.305346505597141459e+03
1.083686610755114854e+00 1.344690304491191313e+00 1.478798621869711496e+03
9.032679720284601333e-04 3.383633228311488028e-04 1.000000000000000000e+00
DSC_8223.JPG_max_x: 1312.81
DSC_8223.JPG_min_x: 854.174
DSC_8223.JPG_max_y: 1061.74
DSC_8223.JPG_min_y: 156.061
DSC_8412.JPG_max_x: 376.99
DSC_8412.JPG_min_x: 40.7439
DSC_8412.JPG_max_y: 1783.33
DSC_8412.JPG_min_y: 1409.11
