8.207067780235396404e-01 1.505884344875156322e-01 3.153163436069904151e+02
-6.664909051372518156e-02 1.481872103574530364e+00 -3.602726891712619590e+02
-5.584976469641168172e-05 2.038893976394562325e-04 1.000000000000000000e+00
DSC_8196.JPG_max_x: 772.076
DSC_8196.JPG_min_x: 216.632
DSC_8196.JPG_max_y: 1346.28
DSC_8196.JPG_min_y: 620.895
DSC_8328.JPG_max_x: 971.245
DSC_8328.JPG_min_x: 515.792
DSC_8328.JPG_max_y: 1300.89
DSC_8328.JPG_min_y: 440.888
