1.158797123566324361e+00 -1.716011052551507376e-01 1.681137371358321161e+03
6.962669997043335890e-02 1.750294360914894876e+00 -1.942040670695768313e+03
-6.219437721408055224e-04 7.343004663944419606e-04 1.000000000000000000e+00
DSC_8340.JPG_max_x: 653.672
DSC_8340.JPG_min_x: 11.8831
DSC_8340.JPG_max_y: 1882.7
DSC_8340.JPG_min_y: 1524.79
DSC_8395.JPG_max_x: 1267.27
DSC_8395.JPG_min_x: 626.225
DSC_8395.JPG_max_y: 646.979
DSC_8395.JPG_min_y: 410.442
