1.382579401225612958e+00 5.466893003623072428e-02 -7.681613992430247890e+02
2.699730452453705798e-01 1.615145547325613329e+00 -5.874508115483373558e+02
2.310537671770599149e-04 2.808333658416695394e-04 1.000000000000000000e+00
DSC_8466.JPG_max_x: 1304.3
DSC_8466.JPG_min_x: 571.659
DSC_8466.JPG_max_y: 1982.27
DSC_8466.JPG_min_y: 1433.18
DSC_8472.JPG_max_x: 635.167
DSC_8472.JPG_min_x: 70.1452
DSC_8472.JPG_max_y: 1627.68
DSC_8472.JPG_min_y: 1222.81
