1.240546866013869209e+00 -1.229644611026580597e-02 -3.191226678146614404e+02
2.245314998642961857e-01 1.069886408233153396e+00 -6.884336530843424384e+01
2.097416505400175220e-04 -3.722342437670743978e-05 1.000000000000000000e+00
DSC_8334.JPG_max_x: 1327.31
DSC_8334.JPG_min_x: 381.377
DSC_8334.JPG_max_y: 1881.07
DSC_8334.JPG_min_y: 743.379
DSC_8432.JPG_max_x: 1083.76
DSC_8432.JPG_min_x: 138.286
DSC_8432.JPG_max_y: 1907.7
DSC_8432.JPG_min_y: 787.136
