-2.721255123780236929e+00 9.727671968620920095e-01 1.204441597545908962e+03
-3.549947190648246487e+00 1.880202951273737266e+00 1.022707592197326449e+03
-2.723540299876450917e-03 9.684826479651398789e-04 1.000000000000000000e+00
DSC_8275.JPG_max_x: 666.627
DSC_8275.JPG_min_x: 53.0661
DSC_8275.JPG_max_y: 640.818
DSC_8275.JPG_min_y: 205.784
DSC_8292.JPG_max_x: 1319.58
DSC_8292.JPG_min_x: 286.079
DSC_8292.JPG_max_y: 1475.08
DSC_8292.JPG_min_y: 1124.09
