9.261277093065498622e-01 -6.320766547383180334e-02 2.044653561089718607e+02
2.577420384159394978e-02 7.068121045908570821e-01 2.920864871465575447e+02
9.984199408177418106e-05 -2.627250526007563814e-04 1.000000000000000000e+00
DSC_8199.JPG_max_x: 728.68
DSC_8199.JPG_min_x: 9.89965
DSC_8199.JPG_max_y: 1019.44
DSC_8199.JPG_min_y: 230.352
DSC_8363.JPG_max_x: 960.084
DSC_8363.JPG_min_x: 205.507
DSC_8363.JPG_max_y: 1291.55
DSC_8363.JPG_min_y: 457.989
