-2.500017141994345105e-01 -5.409276323161404942e-01 9.474670111208607750e+02
-8.281587333725292099e-01 -1.463555636392013248e-01 1.363434913083841820e+03
-5.644360672035775295e-04 -2.988350998968059501e-04 1.000000000000000000e+00
DSC_8323.JPG_max_x: 833.447
DSC_8323.JPG_min_x: 410.999
DSC_8323.JPG_max_y: 874.408
DSC_8323.JPG_min_y: 130.541
DSC_8366.JPG_max_x: 1315.13
DSC_8366.JPG_min_x: 825.477
DSC_8366.JPG_max_y: 1860.81
DSC_8366.JPG_min_y: 1318.69
