8.068360207047157173e-01 -1.275803998225376601e+00 1.082096488609810876e+03
6.635910558455804242e-01 -9.264011279090978990e-01 1.405622232939529340e+03
2.909461880650465434e-04 -8.915422624183338583e-04 1.000000000000000000e+00
DSC_8405.JPG_max_x: 637.318
DSC_8405.JPG_min_x: 42.0483
DSC_8405.JPG_max_y: 513.789
DSC_8405.JPG_min_y: 266.245
DSC_8422.JPG_max_x: 1329.11
DSC_8422.JPG_min_x: 863.832
DSC_8422.JPG_max_y: 1856.54
DSC_8422.JPG_min_y: 1655.78
