7.214757318272966291e-01 -4.327406372942291420e-03 2.536816660678366020e+02
-1.810253164925424915e-02 7.643519093021708954e-01 8.002896316733618676e+01
-5.642180993937538858e-05 -6.507685485189348433e-06 1.000000000000000000e+00
DSC_8443.JPG_max_x: 1149.84
DSC_8443.JPG_min_x: 17.723
DSC_8443.JPG_max_y: 1431.69
DSC_8443.JPG_min_y: 9.17892
DSC_8475.JPG_max_x: 1161.6
DSC_8475.JPG_min_x: 257.374
DSC_8475.JPG_max_y: 1236.39
DSC_8475.JPG_min_y: 79.8588
