1.772496151184567381e+01 7.969765655828302542e+00 -2.744648178987477877e+04
-7.479491063274469609e-02 2.580409219441438040e+01 -2.925644361953010593e+04
-1.727433068734302978e-03 9.955908848911855166e-03 1.000000000000000000e+00
DSC_8346.JPG_max_x: 1279.77
DSC_8346.JPG_min_x: 901.426
DSC_8346.JPG_max_y: 1896.97
DSC_8346.JPG_min_y: 1179.85
DSC_8421.JPG_max_x: 579.43
DSC_8421.JPG_min_x: 15.7412
DSC_8421.JPG_max_y: 1101.16
DSC_8421.JPG_min_y: 120.289
