-1.306171211505534124e+01 -9.887062409976190125e+00 1.008955480313571388e+04
-8.382229727863744984e+00 -1.922410723797829490e+01 1.241506810081211006e+04
-7.537809963837962916e-03 -9.444730927890759159e-03 1.000000000000000000e+00
DSC_8368.JPG_max_x: 1214.23
DSC_8368.JPG_min_x: 5.52387
DSC_8368.JPG_max_y: 1651.57
DSC_8368.JPG_min_y: 693.61
DSC_8454.JPG_max_x: 1136.02
DSC_8454.JPG_min_x: 129.538
DSC_8454.JPG_max_y: 1290.07
DSC_8454.JPG_min_y: 746.355
