3.541731924683930277e+00 1.064231171192561831e+00 -1.548895800772374514e+03
2.433114661482760691e-02 4.236040559689143059e+00 -4.571715832515302282e+03
-7.913585357780511108e-05 1.667874476991023248e-03 1.000000000000000000e+00
DSC_8428.JPG_max_x: 1294.54
DSC_8428.JPG_min_x: 65.2221
DSC_8428.JPG_max_y: 1879.16
DSC_8428.JPG_min_y: 1121.86
DSC_8429.JPG_max_x: 1330.29
DSC_8429.JPG_min_x: 17.1922
DSC_8429.JPG_max_y: 826.822
DSC_8429.JPG_min_y: 67.8055
