-3.963342533441232551e-01 -2.044533614192909632e-01 6.081441385490245466e+02
-6.234175485197345212e-01 -8.000279925384363722e-01 1.304414521894002974e+03
-5.659010499858140465e-04 -5.292514952614647654e-04 1.000000000000000000e+00
DSC_8348.JPG_max_x: 1324.63
DSC_8348.JPG_min_x: 204.678
DSC_8348.JPG_max_y: 1321.6
DSC_8348.JPG_min_y: 789.907
DSC_8398.JPG_max_x: 853.527
DSC_8398.JPG_min_x: 105.888
DSC_8398.JPG_max_y: 1437.54
DSC_8398.JPG_min_y: 973.741
