-6.582441688327331786e-01 -1.562375773727688912e-02 8.309215155273329856e+02
-1.509045040677015503e+00 -7.615629292486119084e-01 2.120660451287842534e+03
-1.187987711266797353e-03 -1.375608242215065611e-04 1.000000000000000000e+00
DSC_8366.JPG_max_x: 1330.53
DSC_8366.JPG_min_x: 293.136
DSC_8366.JPG_max_y: 1791.79
DSC_8366.JPG_min_y: 1026.5
DSC_8394.JPG_max_x: 1320.71
DSC_8394.JPG_min_x: 3.03376
DSC_8394.JPG_max_y: 1524.69
DSC_8394.JPG_min_y: 913.389
