9.196354685427767794e-01 -1.091733598707872177e-01 2.999716627523825423e+02
7.733959416835447555e-03 7.396841808672067753e-01 2.707555712664104135e+02
1.203101324085744494e-05 -1.177161013703850636e-04 1.000000000000000000e+00
DSC_8201.JPG_max_x: 850.249
DSC_8201.JPG_min_x: 107.898
DSC_8201.JPG_max_y: 604.643
DSC_8201.JPG_min_y: 96.3623
DSC_8379.JPG_max_x: 1054.45
DSC_8379.JPG_min_x: 336.154
DSC_8379.JPG_max_y: 772.618
DSC_8379.JPG_min_y: 349.473
