3.000619559570462044e-02 -5.910626367412773891e-02 1.308009936269181480e+03
-4.845377016689331739e-01 8.220556221712426170e-01 9.285322496325874226e+02
-5.469116383364224258e-04 1.953630822913351159e-04 1.000000000000000000e+00
DSC_8227.JPG_max_x: 306.36
DSC_8227.JPG_min_x: 19.0108
DSC_8227.JPG_max_y: 1572.89
DSC_8227.JPG_min_y: 288.241
DSC_8322.JPG_max_x: 1327.26
DSC_8322.JPG_min_x: 940.497
DSC_8322.JPG_max_y: 1725.62
DSC_8322.JPG_min_y: 1123.34
