5.274199422368991641e+00 -7.552167142875960970e-02 -5.172728131671617120e+03
2.091376669245001985e+00 4.397135073319733856e+00 -3.119928163695008607e+03
1.966372667603718486e-03 -6.020674653878398992e-05 1.000000000000000000e+00
DSC_8218.JPG_max_x: 1327.04
DSC_8218.JPG_min_x: 1077.03
DSC_8218.JPG_max_y: 1183.87
DSC_8218.JPG_min_y: 749.321
DSC_8432.JPG_max_x: 495.011
DSC_8432.JPG_min_x: 143.093
DSC_8432.JPG_max_y: 1375.83
DSC_8432.JPG_min_y: 796.387
