4.048101405928545837e-01 -1.760763652680190083e-01 1.789868930706897174e+02
-1.105879637929959164e-01 1.491373187152243984e-01 3.352012681836770298e+02
-1.371366598596239690e-04 -3.417726751626256839e-04 1.000000000000000000e+00
DSC_8223.JPG_max_x: 1087.65
DSC_8223.JPG_min_x: 346.499
DSC_8223.JPG_max_y: 1362.75
DSC_8223.JPG_min_y: 68.3961
DSC_8381.JPG_max_x: 733.685
DSC_8381.JPG_min_x: 309.144
DSC_8381.JPG_max_y: 1061.45
DSC_8381.JPG_min_y: 256.142
