-8.548543136183419655e-01 -6.918189508588915015e-02 1.053675375424079675e+03
-2.077725738740022088e+00 -8.353253984947158761e-01 2.531805648198890140e+03
-1.478092140657355415e-03 -1.548940030535668984e-05 1.000000000000000000e+00
DSC_8218.JPG_max_x: 1327.99
DSC_8218.JPG_min_x: 22.1676
DSC_8218.JPG_max_y: 1713.88
DSC_8218.JPG_min_y: 763.338
DSC_8220.JPG_max_x: 969.875
DSC_8220.JPG_min_x: 5.38297
DSC_8220.JPG_max_y: 1727.69
DSC_8220.JPG_min_y: 799.431
