1.112917683802485902e+00 -1.024623734638955841e-01 -2.137810142274854570e+02
1.664992377928680659e-03 1.141789703213331730e+00 -1.086407180309777800e+02
-2.538907189345033030e-07 -5.792066036453743383e-05 1.000000000000000000e+00
DSC_8199.JPG_max_x: 1331.37
DSC_8199.JPG_min_x: 286.01
DSC_8199.JPG_max_y: 1409.02
DSC_8199.JPG_min_y: 157.015
DSC_8219.JPG_max_x: 1254.51
DSC_8219.JPG_min_x: 11.9602
DSC_8219.JPG_max_y: 1648.93
DSC_8219.JPG_min_y: 65.7892
