6.213931079188105278e-01 -1.537892206557954777e-01 3.511886044697353100e+02
2.288755589634723295e-02 3.450080688507691229e-01 3.683843442798284400e+02
9.356653480107554068e-05 -2.012461021084069118e-04 1.000000000000000000e+00
DSC_8239.JPG_max_x: 1316.66
DSC_8239.JPG_min_x: 284.017
DSC_8239.JPG_max_y: 1243.99
DSC_8239.JPG_min_y: 51.1441
DSC_8353.JPG_max_x: 1067.81
DSC_8353.JPG_min_x: 433.857
DSC_8353.JPG_max_y: 1036.19
DSC_8353.JPG_min_y: 378.517
