-5.628897540583549519e-01 -3.320981424502602031e-01 8.092970417830078986e+02
-7.465317411959339067e-01 -6.578013263333685190e-01 9.430444330421786390e+02
-1.007198618550348259e-03 -3.180202000749886618e-04 1.000000000000000000e+00
DSC_8197.JPG_max_x: 1329.26
DSC_8197.JPG_min_x: 960.43
DSC_8197.JPG_max_y: 1030.49
DSC_8197.JPG_min_y: 350.512
DSC_8377.JPG_max_x: 321.566
DSC_8377.JPG_min_x: 21.1371
DSC_8377.JPG_max_y: 1503.83
DSC_8377.JPG_min_y: 617.53
