1.399934479839930024e+00 3.866124027836550514e-01 -7.390139716490307364e+02
1.412354800390299911e-02 1.652161764210606787e+00 -2.337699253535476487e+02
1.217400973767626286e-04 2.481391143258015151e-04 1.000000000000000000e+00
DSC_8430.JPG_max_x: 1322.95
DSC_8430.JPG_min_x: 174.404
DSC_8430.JPG_max_y: 1664.94
DSC_8430.JPG_min_y: 932.408
DSC_8472.JPG_max_x: 1108.46
DSC_8472.JPG_min_x: 102.867
DSC_8472.JPG_max_y: 1864.01
DSC_8472.JPG_min_y: 981.179
