-6.430854097504937750e-01 3.655474591439472620e-01 1.098023214326919515e+03
-2.545698541743296239e+00 1.589468771456376217e+00 -7.241741922842931167e+00
-1.613624459218207649e-03 4.241638439362604724e-04 9.999999999999998890e-01
DSC_8246.JPG_max_x: 214.177
DSC_8246.JPG_min_x: 70.9146
DSC_8246.JPG_max_y: 1721.05
DSC_8246.JPG_min_y: 777.565
DSC_8260.JPG_max_x: 1238.37
DSC_8260.JPG_min_x: 1025.54
DSC_8260.JPG_max_y: 1591.7
DSC_8260.JPG_min_y: 600.199
