5.889210208983722827e-01 -2.514074223214142756e-01 1.089624916139707125e+02
-2.621979342395048818e-01 3.664494684611634412e-01 1.137818840554604094e+03
-2.292598854323336488e-04 -1.425544102901979253e-04 1.000000000000000000e+00
DSC_8275.JPG_max_x: 906.84
DSC_8275.JPG_min_x: 132.817
DSC_8275.JPG_max_y: 535.576
DSC_8275.JPG_min_y: 100.341
DSC_8454.JPG_max_x: 844.043
DSC_8454.JPG_min_x: 99.6004
DSC_8454.JPG_max_y: 1499.3
DSC_8454.JPG_min_y: 1211.98
