5.109242249393282087e-01 -1.267125598537945964e-02 6.653851463921445202e+02
-1.879451851544211571e-01 7.834450861340107597e-01 3.477595290820645459e+02
-2.919136468867751391e-04 1.482501701493598508e-04 9.999999999999998890e-01
DSC_8242.JPG_max_x: 1017.89
DSC_8242.JPG_min_x: 50.5218
DSC_8242.JPG_max_y: 1891.29
DSC_8242.JPG_min_y: 873.49
DSC_8444.JPG_max_x: 1266.65
DSC_8444.JPG_min_x: 607.676
DSC_8444.JPG_max_y: 1508.67
DSC_8444.JPG_min_y: 925.241
