2.763704989474002005e+01 -5.872582112023981837e-01 -2.411853210677687821e+04
6.562182367318634135e+01 2.376981055384790054e+01 -7.503762437816099555e+04
3.255990445775822778e-02 -1.451977405871753869e-02 1.000000000000000000e+00
DSC_8326.JPG_max_x: 1317.4
DSC_8326.JPG_min_x: 258.444
DSC_8326.JPG_max_y: 1649.51
DSC_8326.JPG_min_y: 374.96
DSC_8344.JPG_max_x: 1295.59
DSC_8344.JPG_min_x: 24.0772
DSC_8344.JPG_max_y: 1346.12
DSC_8344.JPG_min_y: 284.459
