4.512610674507936892e+02 3.041794541701470962e+02 -6.522151214536284097e+05
-8.572049478784411747e+01 4.792519708465239887e+02 -4.131792001350132050e+05
1.178309170971680864e-01 2.550462490550159944e-01 1.000000000000000000e+00
DSC_8222.JPG_max_x: 1098.72
DSC_8222.JPG_min_x: 725.125
DSC_8222.JPG_max_y: 1857.14
DSC_8222.JPG_min_y: 1179.92
DSC_8323.JPG_max_x: 610.57
DSC_8323.JPG_min_x: 160.5
DSC_8323.JPG_max_y: 724.098
DSC_8323.JPG_min_y: 198.004
