5.737415300557194620e+00 6.203909971140214585e-01 -8.006474905669453619e+03
1.415084843426948957e+00 5.093644207745031238e+00 -1.808868307077078953e+03
3.143888022935775305e-03 3.456029429186885659e-05 1.000000000000000000e+00
DSC_8246.JPG_max_x: 1327.95
DSC_8246.JPG_min_x: 1249.53
DSC_8246.JPG_max_y: 1708.84
DSC_8246.JPG_min_y: 864.315
DSC_8248.JPG_max_x: 104.721
DSC_8248.JPG_min_x: 8.36109
DSC_8248.JPG_max_y: 1699.52
DSC_8248.JPG_min_y: 860.406
