8.356610113573580412e-01 3.591766418050134496e-02 -1.803383995879630106e+02
2.257971653206661961e-02 7.487658672809688332e-01 1.547274558750977178e+02
4.889482635770351385e-05 -2.826101607120906688e-05 1.000000000000000000e+00
DSC_8337.JPG_max_x: 1209.42
DSC_8337.JPG_min_x: 214.737
DSC_8337.JPG_max_y: 1426.94
DSC_8337.JPG_min_y: 152.298
DSC_8415.JPG_max_x: 808.966
DSC_8415.JPG_min_x: 17.078
DSC_8415.JPG_max_y: 1248.49
DSC_8415.JPG_min_y: 275.33
