9.421222687774848392e-01 1.207520593917490170e-01 4.459684610071747670e+02
-1.542688287675226533e-01 1.663306808478262733e+00 -1.185894308455357304e+03
-3.492596920530945570e-04 3.736850003762937338e-04 1.000000000000000000e+00
DSC_8312.JPG_max_x: 882.112
DSC_8312.JPG_min_x: 343.633
DSC_8312.JPG_max_y: 1774.23
DSC_8312.JPG_min_y: 870.494
DSC_8441.JPG_max_x: 1297.04
DSC_8441.JPG_min_x: 638.393
DSC_8441.JPG_max_y: 1135.09
DSC_8441.JPG_min_y: 129.91
