6.991770763298412739e-01 1.069369676020368205e-02 8.170233446782492592e+02
1.993873446911158254e-01 4.394223092830095156e-01 6.494633097616109580e+02
1.688906819856019338e-04 -4.254611258070487907e-05 1.000000000000000000e+00
DSC_8224.JPG_max_x: 870.54
DSC_8224.JPG_min_x: 15.25
DSC_8224.JPG_max_y: 1780.08
DSC_8224.JPG_min_y: 731.456
DSC_8472.JPG_max_x: 1303.14
DSC_8472.JPG_min_x: 878.847
DSC_8472.JPG_max_y: 1502.16
DSC_8472.JPG_min_y: 1003.91
