5.161149751789817941e+00 7.548304589071447523e+00 -2.793920862322655694e+02
1.517216688188045115e+00 1.828924233568753976e+01 4.502779546853067814e+02
4.831447429634953806e-04 8.657951324954412872e-03 1.000000000000000000e+00
DSC_8221.JPG_max_x: 574.241
DSC_8221.JPG_min_x: 248.829
DSC_8221.JPG_max_y: 344.756
DSC_8221.JPG_min_y: 212.815
DSC_8334.JPG_max_x: 1327.49
DSC_8334.JPG_min_x: 886.891
DSC_8334.JPG_max_y: 1755.68
DSC_8334.JPG_min_y: 1608.05
