-3.614903942244372725e+00 1.520894252022688131e-01 7.976971745003002070e+02
-2.219979618278870248e+00 3.623682277003295038e-01 6.286112159338701986e+02
-3.720898581331272877e-03 -3.331194418412099071e-05 1.000000000000000000e+00
DSC_8379.JPG_max_x: 597.665
DSC_8379.JPG_min_x: 35.2963
DSC_8379.JPG_max_y: 1187.75
DSC_8379.JPG_min_y: 123.493
DSC_8401.JPG_max_x: 1047.05
DSC_8401.JPG_min_x: 414.066
DSC_8401.JPG_max_y: 1355.93
DSC_8401.JPG_min_y: 448.865
