6.033654894692130899e-01 -1.643106352813989146e-01 -3.754681314170771316e+02
4.498185065671680940e-06 1.040826786641305401e-01 1.097361509566581390e+03
-2.696244563241637505e-05 -3.498687578810486952e-04 1.000000000000000000e+00
DSC_8307.JPG_max_x: 1297.85
DSC_8307.JPG_min_x: 698.443
DSC_8307.JPG_max_y: 741.85
DSC_8307.JPG_min_y: 169.322
DSC_8428.JPG_max_x: 438.114
DSC_8428.JPG_min_x: 10.9735
DSC_8428.JPG_max_y: 1644.53
DSC_8428.JPG_min_y: 1209.93
