1.488422381901732905e+01 -2.408030449703434162e+00 -7.339981463581405023e+02
1.055293758855460240e+01 1.193672474069431644e+01 -7.516558907565621666e+03
7.855302757787835724e-03 3.039080510173303119e-04 1.000000000000000000e+00
DSC_8278.JPG_max_x: 767.639
DSC_8278.JPG_min_x: 228.702
DSC_8278.JPG_max_y: 967.283
DSC_8278.JPG_min_y: 602.766
DSC_8360.JPG_max_x: 1313.87
DSC_8360.JPG_min_x: 181.552
DSC_8360.JPG_max_y: 1705.08
DSC_8360.JPG_min_y: 1058.13
