1.830607025223470741e+00 -5.832956186769326923e-01 -7.508162133972676884e+02
3.094917905644368084e+00 -6.715581438924997038e+00 1.657790274348407365e+03
2.190052092996246612e-03 -4.478244535948300645e-03 1.000000000000000000e+00
DSC_8381.JPG_max_x: 1140.88
DSC_8381.JPG_min_x: 583.889
DSC_8381.JPG_max_y: 522.123
DSC_8381.JPG_min_y: 280.935
DSC_8428.JPG_max_x: 1309.13
DSC_8428.JPG_min_x: 193.055
DSC_8428.JPG_max_y: 1710.56
DSC_8428.JPG_min_y: 1452.83
