1.698242540852362925e+00 4.084866510834874176e-01 -7.896105319467227446e+02
9.442669565769504225e-02 2.046153650955888192e+00 -8.214338645667698984e+02
2.222814046981221091e-04 3.337120364923722268e-04 1.000000000000000000e+00
DSC_8446.JPG_max_x: 1323.23
DSC_8446.JPG_min_x: 197.458
DSC_8446.JPG_max_y: 1897.31
DSC_8446.JPG_min_y: 965.613
DSC_8452.JPG_max_x: 1159.58
DSC_8452.JPG_min_x: 113.54
DSC_8452.JPG_max_y: 1931.84
DSC_8452.JPG_min_y: 827.082
