-1.141191174356661758e-01 -1.649784968951817365e-01 7.695428182871709168e+02
-4.409471238502724044e-01 6.150709665862909015e-01 4.452597175645934158e+02
-4.015054140680819855e-04 -1.075315079918087990e-04 1.000000000000000000e+00
DSC_8232.JPG_max_x: 1322.11
DSC_8232.JPG_min_x: 546.03
DSC_8232.JPG_max_y: 1322.39
DSC_8232.JPG_min_y: 598.238
DSC_8458.JPG_max_x: 1304.45
DSC_8458.JPG_min_x: 750.54
DSC_8458.JPG_max_y: 1615.71
DSC_8458.JPG_min_y: 568.36
