-2.029944780936159543e-01 -3.251015695364936620e-02 6.700357975186083195e+02
-6.133914376761631093e-01 1.494577701968279326e-01 1.171931897309105807e+03
-4.934162492966032111e-04 -3.115227968816465293e-05 1.000000000000000000e+00
DSC_8305.JPG_max_x: 1059.89
DSC_8305.JPG_min_x: 377.495
DSC_8305.JPG_max_y: 1804.08
DSC_8305.JPG_min_y: 131.007
DSC_8334.JPG_max_x: 943.472
DSC_8334.JPG_min_x: 711.47
DSC_8334.JPG_max_y: 1870.96
DSC_8334.JPG_min_y: 1185.32
