1.559358391640649488e+00 4.396903041346608698e-01 -6.155630782524513052e+02
-1.586379698647677750e-01 8.847165056234816971e-01 8.131540249924734098e+01
1.416730453112178959e-04 -2.979972388859908903e-04 9.999999999999998890e-01
DSC_8367.JPG_max_x: 1087.52
DSC_8367.JPG_min_x: 410.575
DSC_8367.JPG_max_y: 559.823
DSC_8367.JPG_min_y: 163.743
DSC_8473.JPG_max_x: 1134.9
DSC_8473.JPG_min_x: 189.001
DSC_8473.JPG_max_y: 446.721
DSC_8473.JPG_min_y: 70.925
