8.349309654701925210e-01 1.947888828577099274e-01 1.869709605256245197e+02
-1.594216500250056623e-01 1.105780074327228135e+00 -3.306854352869333269e+01
-1.242121142742154524e-04 1.816307992124467185e-04 1.000000000000000000e+00
DSC_8442.JPG_max_x: 1160.68
DSC_8442.JPG_min_x: 12.7953
DSC_8442.JPG_max_y: 1924.85
DSC_8442.JPG_min_y: 854.133
DSC_8474.JPG_max_x: 1274.0
DSC_8474.JPG_min_x: 380.336
DSC_8474.JPG_max_y: 1592.96
DSC_8474.JPG_min_y: 756.174
