2.069543782583702640e+00 3.879100181704115413e-01 -8.066689714747077460e+02
4.114316218759125898e-01 2.298087229643518192e+00 -2.533953784100526718e+03
2.860868955824250721e-04 4.365244327805245625e-04 1.000000000000000000e+00
DSC_8434.JPG_max_x: 911.468
DSC_8434.JPG_min_x: 153.648
DSC_8434.JPG_max_y: 1671.89
DSC_8434.JPG_min_y: 1297.26
DSC_8435.JPG_max_x: 868.538
DSC_8435.JPG_min_x: 35.0943
DSC_8435.JPG_max_y: 839.092
DSC_8435.JPG_min_y: 355.965
