-9.150085780904223753e+00 -5.173155755843104942e+00 -2.511652026096263398e+03
-1.980186346010222254e+00 -4.103360051955023380e+01 4.626486187689687358e+04
1.562724037724230047e-02 -1.388135419411926259e-02 1.000000000000000000e+00
DSC_8200.JPG_max_x: 443.731
DSC_8200.JPG_min_x: 139.212
DSC_8200.JPG_max_y: 1458.3
DSC_8200.JPG_min_y: 1126.63
DSC_8267.JPG_max_x: 1260.71
DSC_8267.JPG_min_x: 740.957
DSC_8267.JPG_max_y: 1153.71
DSC_8267.JPG_min_y: 38.9604
