1.605367364938302899e+00 6.468582474075141864e-01 -8.883136428266173823e+01
-7.437426861308538140e-02 2.064530674501270369e+00 -1.827632578752316931e+03
-1.638152993604994321e-04 8.136242119186992651e-04 1.000000000000000000e+00
DSC_8238.JPG_max_x: 1072.93
DSC_8238.JPG_min_x: 185.805
DSC_8238.JPG_max_y: 1424.44
DSC_8238.JPG_min_y: 1113.68
DSC_8447.JPG_max_x: 1322.41
DSC_8447.JPG_min_x: 479.304
DSC_8447.JPG_max_y: 525.268
DSC_8447.JPG_min_y: 239.575
