9.059828950683210813e-01 -1.053942157463547247e+00 1.247503395939983193e+03
-5.475285620955044896e-01 -6.865438779584039919e-01 1.015123888630560032e+03
4.614157142077358800e-04 -8.247369281810368715e-04 9.999999999999998890e-01
DSC_8248.JPG_max_x: 234.253
DSC_8248.JPG_min_x: 8.36109
DSC_8248.JPG_max_y: 1413.58
DSC_8248.JPG_min_y: 611.598
DSC_8360.JPG_max_x: 1313.87
DSC_8360.JPG_min_x: 525.852
DSC_8360.JPG_max_y: 1710.75
DSC_8360.JPG_min_y: 1031.03
