-4.921430101801356760e-01 -9.643828368751858338e-02 5.982249119663212014e+02
-2.747096513807148477e-01 -2.601357348991654994e-02 3.123854937410372941e+02
-8.161708697663152450e-04 -1.704876313603036198e-04 1.000000000000000000e+00
DSC_8289.JPG_max_x: 1194.91
DSC_8289.JPG_min_x: 448.055
DSC_8289.JPG_max_y: 1405.56
DSC_8289.JPG_min_y: 257.401
DSC_8449.JPG_max_x: 779.938
DSC_8449.JPG_min_x: 506.533
DSC_8449.JPG_max_y: 1158.9
DSC_8449.JPG_min_y: 217.829
