2.190801381612411003e+00 6.908956697379775580e-01 -1.713569851943646825e+02
-3.670147365093803238e-01 2.863745273597580354e+00 -2.507781785724206657e+03
-5.841728714895730963e-04 7.823527130841049409e-04 1.000000000000000000e+00
DSC_8298.JPG_max_x: 475.939
DSC_8298.JPG_min_x: 68.8078
DSC_8298.JPG_max_y: 1844.83
DSC_8298.JPG_min_y: 910.747
DSC_8313.JPG_max_x: 992.993
DSC_8313.JPG_min_x: 474.362
DSC_8313.JPG_max_y: 1199.26
DSC_8313.JPG_min_y: 15.7931
