5.344544168831636410e-01 2.612443701387990105e-02 3.351952791883001055e+02
-1.828863598881710906e-02 4.976476829685295145e-01 1.003915159388333450e+03
-4.576629887103793255e-05 -1.900200808455203893e-05 1.000000000000000000e+00
DSC_8325.JPG_max_x: 1264.6
DSC_8325.JPG_min_x: 28.5244
DSC_8325.JPG_max_y: 867.84
DSC_8325.JPG_min_y: 368.297
DSC_8474.JPG_max_x: 1115.54
DSC_8474.JPG_min_x: 365.84
DSC_8474.JPG_max_y: 1525.63
DSC_8474.JPG_min_y: 1222.91
