6.740714343645284323e-01 -5.465455139120322520e-02 -2.544502270564722934e+01
-2.542458964061878324e-01 6.783678971731698093e-01 5.494743132566272834e+02
-1.647862209009072303e-04 2.356272117931917346e-05 1.000000000000000000e+00
DSC_8210.JPG_max_x: 1000.59
DSC_8210.JPG_min_x: 196.605
DSC_8210.JPG_max_y: 1976.88
DSC_8210.JPG_min_y: 336.074
DSC_8340.JPG_max_x: 677.065
DSC_8340.JPG_min_x: 11.7752
DSC_8340.JPG_max_y: 1824.16
DSC_8340.JPG_min_y: 630.971
