-8.135044086696642252e-01 -4.241020289262459331e-01 1.156780899593105914e+03
-1.025955768560421477e+00 -1.009562227523260747e-01 1.282763837283790281e+03
-7.314010621047096258e-04 -3.934502933933473729e-04 1.000000000000000000e+00
DSC_8447.JPG_max_x: 1321.08
DSC_8447.JPG_min_x: 287.492
DSC_8447.JPG_max_y: 724.243
DSC_8447.JPG_min_y: 269.413
DSC_8470.JPG_max_x: 1326.77
DSC_8470.JPG_min_x: 650.281
DSC_8470.JPG_max_y: 1912.68
DSC_8470.JPG_min_y: 1033.96
