1.104323427602336427e-01 -3.952235661752883100e-01 1.093682967328436888e+02
7.130106696572274139e+00 -9.847977914581155900e+00 1.173954603929792938e+03
3.643912772557942117e-03 -6.212498961868169640e-03 1.000000000000000000e+00
DSC_8405.JPG_max_x: 1292.14
DSC_8405.JPG_min_x: 302.428
DSC_8405.JPG_max_y: 1577.08
DSC_8405.JPG_min_y: 336.937
DSC_8419.JPG_max_x: 1091.53
DSC_8419.JPG_min_x: 3.98625
DSC_8419.JPG_max_y: 1477.98
DSC_8419.JPG_min_y: 387.943
