1.745410223963673735e+00 1.113691513119575482e+00 -1.557765174220024619e+03
-8.528609149544526258e-02 1.413516610740724877e+00 5.644489504828060262e+02
7.625134230734963029e-04 -1.034131138100475618e-04 1.000000000000000000e+00
DSC_8203.JPG_max_x: 1304.54
DSC_8203.JPG_min_x: 594.603
DSC_8203.JPG_max_y: 817.066
DSC_8203.JPG_min_y: 74.9327
DSC_8209.JPG_max_x: 798.729
DSC_8209.JPG_min_x: 25.8321
DSC_8209.JPG_max_y: 1038.05
DSC_8209.JPG_min_y: 352.399
