-3.512276220279090810e-01 -3.755027472024451973e-01 6.341742884009294130e+02
1.540827367286371763e-01 -1.375112701638026236e+00 8.109146370465191467e+02
-1.293765776398293906e-04 -1.293011838600216555e-03 1.000000000000000000e+00
DSC_8279.JPG_max_x: 1214.05
DSC_8279.JPG_min_x: 708.037
DSC_8279.JPG_max_y: 1007.06
DSC_8279.JPG_min_y: 555.249
DSC_8281.JPG_max_x: 925.2
DSC_8281.JPG_min_x: 11.3451
DSC_8281.JPG_max_y: 1097.99
DSC_8281.JPG_min_y: 795.024
