9.420348558726487909e-02 -1.055000940437600176e+00 8.747366274774188923e+02
2.128727966311659836e-01 -8.906377694929368261e-01 7.870872669468517415e+02
5.969084081322304294e-04 -1.356393518011559654e-03 1.000000000000000000e+00
DSC_8244.JPG_max_x: 776.023
DSC_8244.JPG_min_x: 23.0961
DSC_8244.JPG_max_y: 1688.53
DSC_8244.JPG_min_y: 580.305
DSC_8475.JPG_max_x: 1087.32
DSC_8475.JPG_min_x: 534.787
DSC_8475.JPG_max_y: 856.753
DSC_8475.JPG_min_y: 193.8
