3.767273834010385625e-01 -7.539872856381808763e-02 4.754310496366388747e+02
-4.205703870560310864e-02 3.646005357693956617e-01 -3.637404094778604531e+02
-6.246104439252837381e-05 -2.676143902073537906e-04 1.000000000000000000e+00
DSC_8204.JPG_max_x: 631.761
DSC_8204.JPG_min_x: 133.293
DSC_8204.JPG_max_y: 1974.97
DSC_8204.JPG_min_y: 1444.38
DSC_8209.JPG_max_x: 1271.1
DSC_8209.JPG_min_x: 612.523
DSC_8209.JPG_max_y: 794.018
DSC_8209.JPG_min_y: 221.728
