-1.124161519763185879e+02 -1.062582281977996423e+01 7.560691228264210804e+04
-7.354067805440732286e+01 -1.170363615300905167e+02 1.334164628279625904e+05
-4.704341612068712458e-02 -1.750412828075779276e-02 1.000000000000000000e+00
DSC_8244.JPG_max_x: 1262.58
DSC_8244.JPG_min_x: 540.683
DSC_8244.JPG_max_y: 1814.14
DSC_8244.JPG_min_y: 583.481
DSC_8326.JPG_max_x: 1028.71
DSC_8326.JPG_min_x: 64.2255
DSC_8326.JPG_max_y: 1984.54
DSC_8326.JPG_min_y: 419.921
