2.022530510481604704e+00 2.244022895514453941e-01 -1.792512526696679515e+03
7.247210728541378932e-01 1.929333797878226564e+00 -8.178220427925748481e+02
1.034655087373474768e-03 2.535770114413091647e-04 1.000000000000000000e+00
DSC_8238.JPG_max_x: 1317.65
DSC_8238.JPG_min_x: 792.764
DSC_8238.JPG_max_y: 1634.21
DSC_8238.JPG_min_y: 728.463
DSC_8322.JPG_max_x: 416.054
DSC_8322.JPG_min_x: 15.9226
DSC_8322.JPG_max_y: 1289.7
DSC_8322.JPG_min_y: 600.921
