1.908490545704509544e-01 -1.704922030547753931e+00 6.467112013553465886e+02
-4.373815582097225763e-01 -3.460312112410757202e+00 1.691575651714217429e+03
-2.463762251944686234e-04 -2.098174425609522411e-03 1.000000000000000000e+00
DSC_8203.JPG_max_x: 672.124
DSC_8203.JPG_min_x: 310.541
DSC_8203.JPG_max_y: 546.404
DSC_8203.JPG_min_y: 17.1082
DSC_8222.JPG_max_x: 1073.37
DSC_8222.JPG_min_x: 372.808
DSC_8222.JPG_max_y: 1881.52
DSC_8222.JPG_min_y: 1483.92
