3.105447523937124865e-01 -1.586118519912309566e-01 4.317389054021264201e+02
-4.859677667243238880e-02 1.844729349000420460e-01 6.588416481874845658e+02
-1.039451978302532726e-04 -1.744599137532833427e-04 1.000000000000000000e+00
DSC_8272.JPG_max_x: 1302.21
DSC_8272.JPG_min_x: 290.27
DSC_8272.JPG_max_y: 1563.19
DSC_8272.JPG_min_y: 670.025
DSC_8430.JPG_max_x: 967.495
DSC_8430.JPG_min_x: 419.78
DSC_8430.JPG_max_y: 1382.57
DSC_8430.JPG_min_y: 932.408
