5.270985405128130186e-01 -1.868655595477859421e-01 4.820860364770259139e+02
-6.453008037968060995e-01 1.123082889018712116e+00 4.661783533352792119e+01
-5.605550738929155653e-04 -1.723683897509242975e-04 9.999999999999998890e-01
DSC_8216.JPG_max_x: 257.828
DSC_8216.JPG_min_x: 11.0798
DSC_8216.JPG_max_y: 1163.32
DSC_8216.JPG_min_y: 682.896
DSC_8406.JPG_max_x: 658.728
DSC_8406.JPG_min_x: 364.283
DSC_8406.JPG_max_y: 1757.68
DSC_8406.JPG_min_y: 881.044
