-3.233370302702279764e-01 4.169435319658116867e-01 -2.505288466506214604e+02
-1.320994150295159208e+00 1.513016676216416778e+00 -5.518014192228891943e+02
-2.093688070324686845e-03 1.129919142798223395e-03 1.000000000000000000e+00
DSC_8232.JPG_max_x: 1265.43
DSC_8232.JPG_min_x: 887.972
DSC_8232.JPG_max_y: 1787.97
DSC_8232.JPG_min_y: 1124.59
DSC_8349.JPG_max_x: 579.95
DSC_8349.JPG_min_x: 16.7805
DSC_8349.JPG_max_y: 1324.92
DSC_8349.JPG_min_y: 433.029
