8.732527125088616060e-01 5.774737109746579111e-02 5.197341043061974233e+02
-3.451606421095874122e-01 1.339805441760158811e+00 -3.158290438600184302e+02
-3.142498326792685873e-04 1.084189835615972572e-05 1.000000000000000000e+00
DSC_8196.JPG_max_x: 598.946
DSC_8196.JPG_min_x: 202.813
DSC_8196.JPG_max_y: 1345.85
DSC_8196.JPG_min_y: 691.265
DSC_8344.JPG_max_x: 1327.35
DSC_8344.JPG_min_x: 783.385
DSC_8344.JPG_max_y: 1561.51
DSC_8344.JPG_min_y: 516.238
