7.574520140614573460e-01 -3.462737994528930496e-01 4.263356927815004838e+01
3.227564943902209993e-02 1.397910527034641470e-01 1.089644801792309408e+03
-2.931452902804566199e-05 -3.989540084845368873e-04 1.000000000000000000e+00
DSC_8277.JPG_max_x: 1178.14
DSC_8277.JPG_min_x: 233.196
DSC_8277.JPG_max_y: 654.087
DSC_8277.JPG_min_y: 67.3268
DSC_8456.JPG_max_x: 996.187
DSC_8456.JPG_min_x: 162.079
DSC_8456.JPG_max_y: 1661.8
DSC_8456.JPG_min_y: 1240.16
