9.870257534314742509e-01 -4.069846508764441394e-03 2.370775638753969616e+01
2.499066269841337951e-02 9.390183289809795886e-01 -1.595158493970572238e+02
1.065499795996901556e-04 -2.167666516703997898e-05 1.000000000000000000e+00
DSC_8335.JPG_max_x: 1290.82
DSC_8335.JPG_min_x: 283.305
DSC_8335.JPG_max_y: 968.234
DSC_8335.JPG_min_y: 145.392
DSC_8417.JPG_max_x: 1159.49
DSC_8417.JPG_min_x: 297.781
DSC_8417.JPG_max_y: 694.216
DSC_8417.JPG_min_y: 4.45014
