-7.744529168054283819e-01 -1.832637799079196161e-01 9.455072194542326542e+02
-7.414799700724475917e-01 6.641701043001844162e-01 3.388316425076272935e+02
-1.183201180018320390e-03 1.533257854494495128e-05 1.000000000000000000e+00
DSC_8263.JPG_max_x: 1321.79
DSC_8263.JPG_min_x: 67.9779
DSC_8263.JPG_max_y: 695.747
DSC_8263.JPG_min_y: 110.822
DSC_8311.JPG_max_x: 1320.64
DSC_8311.JPG_min_x: 242.953
DSC_8311.JPG_max_y: 917.598
DSC_8311.JPG_min_y: 290.232
