1.790071079911257079e-01 -8.271598521056436892e-01 1.020838002668687977e+03
7.595790067860878902e-02 -3.794508183943862689e-01 5.145851631191261504e+02
4.306364230680467700e-04 -8.390478912063568592e-04 1.000000000000000000e+00
DSC_8314.JPG_max_x: 601.026
DSC_8314.JPG_min_x: 138.262
DSC_8314.JPG_max_y: 1805.34
DSC_8314.JPG_min_y: 908.55
DSC_8217.JPG_max_x: 1324.97
DSC_8217.JPG_min_x: 729.489
DSC_8217.JPG_max_y: 438.676
DSC_8217.JPG_min_y: 224.344
