-1.652239394269151518e+01 -3.811805339717891261e+00 1.407874866134311560e+04
-4.189296359530434444e+00 -1.216134714886555912e+01 7.613667303541377805e+03
-5.442190508271241463e-03 -3.178162011049655115e-03 1.000000000000000000e+00
DSC_8294.JPG_max_x: 1211.31
DSC_8294.JPG_min_x: 690.214
DSC_8294.JPG_max_y: 1140.01
DSC_8294.JPG_min_y: 499.746
DSC_8324.JPG_max_x: 1084.99
DSC_8324.JPG_min_x: 262.892
DSC_8324.JPG_max_y: 1406.5
DSC_8324.JPG_min_y: 464.597
