7.161194209747925310e-01 -4.277839332665227950e-02 1.512873034920522457e+02
3.932187388692557489e-02 6.489532786209769588e-01 -1.812414992197098229e+01
9.784070059110123064e-05 -8.067266876620813178e-05 1.000000000000000000e+00
DSC_8335.JPG_max_x: 1325.07
DSC_8335.JPG_min_x: 290.183
DSC_8335.JPG_max_y: 1273.55
DSC_8335.JPG_min_y: 18.7436
DSC_8399.JPG_max_x: 1009.78
DSC_8399.JPG_min_x: 349.573
DSC_8399.JPG_max_y: 852.553
DSC_8399.JPG_min_y: 19.5551
