1.788839711789024456e+00 5.683195271839933810e-02 -5.631006813244504201e+02
8.580102683497817240e-02 1.701120376862681471e+00 -3.923126359706049726e+01
8.794203086149182138e-05 9.436347049647891253e-05 1.000000000000000000e+00
DSC_8399.JPG_max_x: 1081.92
DSC_8399.JPG_min_x: 337.299
DSC_8399.JPG_max_y: 616.585
DSC_8399.JPG_min_y: 3.40299
DSC_8433.JPG_max_x: 1227.24
DSC_8433.JPG_min_x: 35.3606
DSC_8433.JPG_max_y: 962.712
DSC_8433.JPG_min_y: 25.1964
