-6.487198966452982773e-01 -3.555975988517139363e-01 6.434751924345507632e+02
-8.108236056290700766e-01 -1.530085180156657287e-01 3.836432241505283400e+02
-8.927582433082333763e-04 -5.650167852168175645e-04 9.999999999999998890e-01
DSC_8242.JPG_max_x: 1190.68
DSC_8242.JPG_min_x: 135.725
DSC_8242.JPG_max_y: 1885.9
DSC_8242.JPG_min_y: 1049.67
DSC_8429.JPG_max_x: 971.453
DSC_8429.JPG_min_x: 516.64
DSC_8429.JPG_max_y: 707.209
DSC_8429.JPG_min_y: 81.3892
