-1.437926225726136487e+00 1.249208126110194772e-01 1.143900853948077611e+03
-7.637382304032643843e-01 7.541837577159281603e-01 -6.797880922105358650e+02
-1.767355543279783107e-03 1.478720861184537952e-04 1.000000000000000000e+00
DSC_8422.JPG_max_x: 901.302
DSC_8422.JPG_min_x: 79.4993
DSC_8422.JPG_max_y: 1765.27
DSC_8422.JPG_min_y: 1175.78
DSC_8441.JPG_max_x: 1299.65
DSC_8441.JPG_min_x: 5.07207
DSC_8441.JPG_max_y: 1108.55
DSC_8441.JPG_min_y: 15.264
