1.049225000416660558e+00 7.670982015219521407e-04 1.065380496763822293e+03
1.248509561703532071e-04 1.843425340198120432e+00 -1.571282147313043879e+03
-4.690834520034711319e-04 3.354033730537286559e-04 1.000000000000000000e+00
DSC_8310.JPG_max_x: 559.902
DSC_8310.JPG_min_x: 13.6297
DSC_8310.JPG_max_y: 1670.23
DSC_8310.JPG_min_y: 1165.47
DSC_8325.JPG_max_x: 1326.52
DSC_8325.JPG_min_x: 659.758
DSC_8325.JPG_max_y: 1043.56
DSC_8325.JPG_min_y: 422.966
