3.621244117282302333e-01 2.957137002230944903e-02 1.019143265813453695e+03
-2.299508178590141949e-01 8.130233062618157369e-01 9.048688452561168560e+01
-2.951145784174256308e-04 8.176046793675621391e-05 1.000000000000000000e+00
DSC_8244.JPG_max_x: 570.509
DSC_8244.JPG_min_x: 23.194
DSC_8244.JPG_max_y: 1741.53
DSC_8244.JPG_min_y: 523.562
DSC_8294.JPG_max_x: 1317.12
DSC_8294.JPG_min_x: 968.891
DSC_8294.JPG_max_y: 1405.41
DSC_8294.JPG_min_y: 499.746
