1.436859855481491088e+00 1.556868179285061660e-01 -5.321376564205645536e+02
-7.756061820244862515e-02 1.255934429611053282e+00 8.913802896761944794e+02
-5.467602167193535393e-05 1.435870617604012968e-04 9.999999999999998890e-01
DSC_8217.JPG_max_x: 1208.8
DSC_8217.JPG_min_x: 591.215
DSC_8217.JPG_max_y: 601.541
DSC_8217.JPG_min_y: 4.64855
DSC_8405.JPG_max_x: 1269.04
DSC_8405.JPG_min_x: 342.65
DSC_8405.JPG_max_y: 1510.52
DSC_8405.JPG_min_y: 868.117
