-3.732380313960280471e+00 -3.845501646279209096e-01 9.034824210695212514e+02
-5.544643429166444371e+00 -2.530788579599598243e-01 1.041644381794163110e+03
-4.011709321191552109e-03 -4.406987060849615508e-04 1.000000000000000000e+00
DSC_8200.JPG_max_x: 1224.26
DSC_8200.JPG_min_x: 85.7765
DSC_8200.JPG_max_y: 1193.9
DSC_8200.JPG_min_y: 862.856
DSC_8462.JPG_max_x: 1288.59
DSC_8462.JPG_min_x: 761.511
DSC_8462.JPG_max_y: 1960.09
DSC_8462.JPG_min_y: 1051.99
