-2.580899806237479943e+00 -2.504671078334876011e+00 3.469087051883040658e+03
-1.901653484822972917e+00 -1.437484988491967597e+00 2.076012085220576864e+03
-2.023841571979943625e-03 -5.019379284086956678e-04 1.000000000000000000e+00
DSC_8257.JPG_max_x: 1258.48
DSC_8257.JPG_min_x: 202.398
DSC_8257.JPG_max_y: 1176.56
DSC_8257.JPG_min_y: 241.544
DSC_8445.JPG_max_x: 1163.68
DSC_8445.JPG_min_x: 85.8664
DSC_8445.JPG_max_y: 914.697
DSC_8445.JPG_min_y: 350.171
