8.784318614849636608e-01 -1.269730540424160448e-01 -2.775841572332438432e+02
9.342954363998710876e-02 6.251089792266047995e-01 2.750925657180975037e+01
1.710707322269698399e-04 -1.925734982873065723e-04 1.000000000000000000e+00
DSC_8337.JPG_max_x: 1278.51
DSC_8337.JPG_min_x: 433.27
DSC_8337.JPG_max_y: 756.204
DSC_8337.JPG_min_y: 175.845
DSC_8367.JPG_max_x: 684.826
DSC_8367.JPG_min_x: 16.6057
DSC_8367.JPG_max_y: 572.483
DSC_8367.JPG_min_y: 181.62
