1.047703168534800167e+00 5.724945232693173791e-02 -7.594915111629740068e+02
-6.692617217797378060e-02 1.136836426655310373e+00 -1.667979662793360944e+02
-7.401524639908894628e-05 3.735140170150532681e-05 1.000000000000000000e+00
DSC_8248.JPG_max_x: 1017.29
DSC_8248.JPG_min_x: 732.99
DSC_8248.JPG_max_y: 1038.35
DSC_8248.JPG_min_y: 501.975
DSC_8280.JPG_max_x: 363.235
DSC_8280.JPG_min_x: 56.4718
DSC_8280.JPG_max_y: 980.815
DSC_8280.JPG_min_y: 364.734
