2.645735000516324043e+00 1.602006482426360234e+00 -4.751857360774868539e+03
-3.048934245833478385e-01 2.290438232596283985e+00 -2.456506161123700167e+03
1.260017222550042408e-03 5.269747488000445798e-04 1.000000000000000000e+00
DSC_8208.JPG_max_x: 1303.85
DSC_8208.JPG_min_x: 734.615
DSC_8208.JPG_max_y: 1959.7
DSC_8208.JPG_min_y: 1631.87
DSC_8227.JPG_max_x: 437.912
DSC_8227.JPG_min_x: 42.2549
DSC_8227.JPG_max_y: 605.831
DSC_8227.JPG_min_y: 337.37
