1.277688336099256361e+00 3.516741403806736190e-03 -5.836730657063119310e+01
1.755254477301777458e-02 1.165834537341325028e+00 -3.299467097326533462e+02
2.880171244165603508e-05 -6.468471334123977561e-05 1.000000000000000000e+00
DSC_8378.JPG_max_x: 1013.0
DSC_8378.JPG_min_x: 299.125
DSC_8378.JPG_max_y: 1711.05
DSC_8378.JPG_min_y: 1045.61
DSC_8416.JPG_max_x: 1288.84
DSC_8416.JPG_min_x: 351.162
DSC_8416.JPG_max_y: 1852.88
DSC_8416.JPG_min_y: 944.188
