-8.704514347253693440e-01 -3.990001468563404985e-01 1.127686615314128403e+03
-1.437495394553704786e+00 2.018426561025660482e-01 1.268732805129017606e+03
-1.078759947699477369e-03 -1.251032441633714040e-04 1.000000000000000000e+00
DSC_8207.JPG_max_x: 1257.79
DSC_8207.JPG_min_x: 6.57502
DSC_8207.JPG_max_y: 1392.54
DSC_8207.JPG_min_y: 165.381
DSC_8354.JPG_max_x: 1272.05
DSC_8354.JPG_min_x: 93.4354
DSC_8354.JPG_max_y: 1881.19
DSC_8354.JPG_min_y: 1323.71
