3.966275476881086504e-01 -2.370762508132649021e-02 -8.067320969627925109e+00
-1.139638478629335094e-01 3.386241143736004600e-01 -1.067895407447839489e+02
-2.484003173622499985e-04 -1.307486952112985523e-04 1.000000000000000000e+00
DSC_8226.JPG_max_x: 1023.81
DSC_8226.JPG_min_x: 179.661
DSC_8226.JPG_max_y: 1673.5
DSC_8226.JPG_min_y: 550.315
DSC_8443.JPG_max_x: 601.152
DSC_8443.JPG_min_x: 18.0315
DSC_8443.JPG_max_y: 600.599
DSC_8443.JPG_min_y: 19.2662
