-3.752277248310831226e+01 -1.234695383630094767e+01 5.451310137967272021e+04
4.867228761811312587e+00 -4.459173475625248528e+01 4.070062603043216950e+04
-6.144778281122026745e-03 -1.361519559217850076e-02 1.000000000000000000e+00
DSC_8232.JPG_max_x: 1319.37
DSC_8232.JPG_min_x: 861.201
DSC_8232.JPG_max_y: 1935.49
DSC_8232.JPG_min_y: 1105.79
DSC_8333.JPG_max_x: 387.268
DSC_8333.JPG_min_x: 10.8943
DSC_8333.JPG_max_y: 1278.93
DSC_8333.JPG_min_y: 110.055
