1.635787351293414815e+01 -2.977641338863268317e-01 -1.165011186430113048e+04
5.824321328583714319e+00 6.614357268356942932e+00 -5.929600346993021958e+03
3.992361555585403031e-03 -9.526980397525036757e-04 1.000000000000000000e+00
DSC_8312.JPG_max_x: 881.279
DSC_8312.JPG_min_x: 763.764
DSC_8312.JPG_max_y: 1054.79
DSC_8312.JPG_min_y: 714.253
DSC_8360.JPG_max_x: 667.847
DSC_8360.JPG_min_x: 181.552
DSC_8360.JPG_max_y: 1797.52
DSC_8360.JPG_min_y: 993.413
