-6.103599697550000647e-01 1.590000618852627917e-02 6.956306791194217567e+02
-2.239031063738059046e+00 -5.834917550706628653e-01 2.850080856505181146e+03
-1.339499090823788232e-03 4.873208551617462693e-05 1.000000000000000000e+00
DSC_8472.JPG_max_x: 1318.82
DSC_8472.JPG_min_x: 455.657
DSC_8472.JPG_max_y: 1777.74
DSC_8472.JPG_min_y: 1027.24
DSC_8474.JPG_max_x: 914.404
DSC_8474.JPG_min_x: 21.9297
DSC_8474.JPG_max_y: 1707.73
DSC_8474.JPG_min_y: 911.54
