1.743198747200543630e-01 -7.245875196002921070e-02 2.394576195822284035e+02
-1.551792221600662436e-01 6.250961113311427342e-01 -3.367776526682259828e+02
-3.770780830756495874e-04 -4.678388165253503534e-06 1.000000000000000000e+00
DSC_8214.JPG_max_x: 1327.11
DSC_8214.JPG_min_x: 874.459
DSC_8214.JPG_max_y: 1906.1
DSC_8214.JPG_min_y: 983.619
DSC_8329.JPG_max_x: 789.057
DSC_8329.JPG_min_x: 377.08
DSC_8329.JPG_max_y: 1091.67
DSC_8329.JPG_min_y: 148.412
