-2.089851682939061650e+00 -5.299464824033241150e+00 1.784188812884224490e+03
-1.542676719236905081e+00 -5.996405232477367342e+00 1.469222951747214893e+03
-1.187702967325713352e-03 -4.128153001693135073e-03 1.000000000000000000e+00
DSC_8227.JPG_max_x: 902.113
DSC_8227.JPG_min_x: 115.516
DSC_8227.JPG_max_y: 540.292
DSC_8227.JPG_min_y: 185.669
DSC_8258.JPG_max_x: 1291.83
DSC_8258.JPG_min_x: 457.926
DSC_8258.JPG_max_y: 1428.56
DSC_8258.JPG_min_y: 1240.1
