1.013347091307392311e+00 1.599810060380578991e-01 -5.592742668896102032e+02
-1.904715036511862025e-01 1.087575025928329664e+00 -1.054111241162020860e+03
-1.972126808143120935e-05 -5.090148044643027922e-05 1.000000000000000000e+00
DSC_8430.JPG_max_x: 1314.05
DSC_8430.JPG_min_x: 444.764
DSC_8430.JPG_max_y: 1367.75
DSC_8430.JPG_min_y: 1204.07
DSC_8473.JPG_max_x: 1075.11
DSC_8473.JPG_min_x: 83.6019
DSC_8473.JPG_max_y: 305.745
DSC_8473.JPG_min_y: 70.925
