2.733471888879154932e+00 6.701833083200302577e-01 -7.003577867437177247e+02
-3.641608315659845829e-02 2.925434768362236149e+00 -1.152052644224397227e+03
2.844975215677288225e-04 5.926650508182420077e-04 1.000000000000000000e+00
DSC_8238.JPG_max_x: 900.201
DSC_8238.JPG_min_x: 134.552
DSC_8238.JPG_max_y: 1517.72
DSC_8238.JPG_min_y: 776.748
DSC_8272.JPG_max_x: 1326.72
DSC_8272.JPG_min_x: 308.521
DSC_8272.JPG_max_y: 1734.19
DSC_8272.JPG_min_y: 667.744
