2.365601598971792008e+00 1.271420915581021882e+00 -1.359613340105336476e+02
-2.626458945696158800e-02 2.632897895820376366e+00 -2.764106958198108714e+03
2.520745277893004089e-04 9.908825336875802439e-04 1.000000000000000000e+00
DSC_8444.JPG_max_x: 694.662
DSC_8444.JPG_min_x: 166.49
DSC_8444.JPG_max_y: 1455.84
DSC_8444.JPG_min_y: 1101.93
DSC_8473.JPG_max_x: 1299.14
DSC_8473.JPG_min_x: 777.321
DSC_8473.JPG_max_y: 411.938
DSC_8473.JPG_min_y: 70.925
