9.770677632623159248e-01 -1.076936566667830303e-01 -2.159380519628761874e+02
-2.110787251220034091e-02 9.857786384319712214e-01 -1.088028844654824638e+02
-1.955948356267189615e-05 -1.197802537910826675e-04 1.000000000000000000e+00
DSC_8277.JPG_max_x: 1229.56
DSC_8277.JPG_min_x: 233.394
DSC_8277.JPG_max_y: 624.45
DSC_8277.JPG_min_y: 209.499
DSC_8297.JPG_max_x: 1014.1
DSC_8297.JPG_min_x: 44.2973
DSC_8297.JPG_max_y: 528.225
DSC_8297.JPG_min_y: 80.1752
