1.335690804884393401e+00 5.029020073807644042e-01 -2.038766774365612946e+02
-1.046278849807707328e-01 1.661535738637653692e+00 -1.370607672775475976e+03
-1.220612720974981067e-04 6.921813545482196055e-04 9.999999999999998890e-01
DSC_8306.JPG_max_x: 1186.49
DSC_8306.JPG_min_x: 31.0451
DSC_8306.JPG_max_y: 1301.05
DSC_8306.JPG_min_y: 934.141
DSC_8473.JPG_max_x: 1160.17
DSC_8473.JPG_min_x: 230.444
DSC_8473.JPG_max_y: 378.283
DSC_8473.JPG_min_y: 70.925
