1.185720547495872967e+00 -7.401665492936834734e-02 -3.683888887279573510e+02
4.333794832208068826e-01 1.234273192317454138e+00 -2.328528326466164629e+02
3.940155804403382644e-04 -1.212614132725523051e-04 1.000000000000000000e+00
DSC_8214.JPG_max_x: 1327.11
DSC_8214.JPG_min_x: 640.391
DSC_8214.JPG_max_y: 1173.45
DSC_8214.JPG_min_y: 238.058
DSC_8328.JPG_max_x: 809.477
DSC_8328.JPG_min_x: 277.176
DSC_8328.JPG_max_y: 1334.22
DSC_8328.JPG_min_y: 406.528
