6.229593464109345113e+00 1.103366749440234162e+00 -8.429554352701536573e+02
4.566577661267082200e-02 7.304811595161874394e+00 -7.021528447172921005e+03
3.012132889245287153e-04 2.152490257757023150e-03 1.000000000000000000e+00
DSC_8314.JPG_max_x: 585.231
DSC_8314.JPG_min_x: 21.7721
DSC_8314.JPG_max_y: 1799.35
DSC_8314.JPG_min_y: 992.64
DSC_8421.JPG_max_x: 1031.24
DSC_8421.JPG_min_x: 157.175
DSC_8421.JPG_max_y: 1229.02
DSC_8421.JPG_min_y: 63.4367
