2.465160421739654717e-01 -2.388244992607564954e-01 1.025267339667123224e+03
-2.770597296920199737e-01 3.867667549577645247e-01 1.123566105252926718e+03
-2.634557713272662224e-04 -7.142241196842712668e-05 9.999999999999998890e-01
DSC_8337.JPG_max_x: 578.716
DSC_8337.JPG_min_x: 31.8306
DSC_8337.JPG_max_y: 955.139
DSC_8337.JPG_min_y: 510.166
DSC_8398.JPG_max_x: 1296.51
DSC_8398.JPG_min_x: 921.82
DSC_8398.JPG_max_y: 1647.43
DSC_8398.JPG_min_y: 1437.03
