-6.577234456393726170e+00 -2.939421146092084491e+00 8.211866233279666631e+03
9.831178265981369568e-01 -8.246511765851542108e+00 8.977423592981736874e+03
-1.970473088302449483e-03 -3.151213019144181830e-03 1.000000000000000000e+00
DSC_8270.JPG_max_x: 1289.64
DSC_8270.JPG_min_x: 785.125
DSC_8270.JPG_max_y: 1700.13
DSC_8270.JPG_min_y: 1260.2
DSC_8273.JPG_max_x: 760.594
DSC_8273.JPG_min_x: 198.385
DSC_8273.JPG_max_y: 614.193
DSC_8273.JPG_min_y: 107.163
