3.452143282628556409e-01 -3.587502817233558794e-01 7.861261771751480865e+02
-3.211871935349977503e-01 2.178987049229278994e-01 1.228360001614077646e+03
-2.754998999994192959e-04 -2.442727794248735146e-04 1.000000000000000000e+00
DSC_8273.JPG_max_x: 760.782
DSC_8273.JPG_min_x: 124.656
DSC_8273.JPG_max_y: 990.476
DSC_8273.JPG_min_y: 52.7314
DSC_8286.JPG_max_x: 1296.73
DSC_8286.JPG_min_x: 663.081
DSC_8286.JPG_max_y: 1963.35
DSC_8286.JPG_min_y: 1261.26
