9.779118362048556667e-01 -3.269138374497497224e-01 2.117104103101011106e+02
-1.143453246573678528e-01 3.870120008046925575e-01 1.199986606584805713e+03
-1.007972892045292388e-04 -3.827205421610521316e-04 1.000000000000000000e+00
DSC_8379.JPG_max_x: 791.944
DSC_8379.JPG_min_x: 196.32
DSC_8379.JPG_max_y: 538.885
DSC_8379.JPG_min_y: 4.39294
DSC_8416.JPG_max_x: 1122.28
DSC_8416.JPG_min_x: 385.929
DSC_8416.JPG_max_y: 1836.61
DSC_8416.JPG_min_y: 1202.76
