-1.501849090208264847e-01 -3.311981757836055529e-01 6.761915782441709553e+02
-1.411003401465527052e-01 -1.157857298363311749e-01 3.046905781479386519e+02
-3.344897312306576646e-04 -4.498881609863860731e-04 9.999999999999998890e-01
DSC_8256.JPG_max_x: 661.321
DSC_8256.JPG_min_x: 43.0051
DSC_8256.JPG_max_y: 1768.13
DSC_8256.JPG_min_y: 1184.21
DSC_8453.JPG_max_x: 768.192
DSC_8453.JPG_min_x: 245.955
DSC_8453.JPG_max_y: 1031.41
DSC_8453.JPG_min_y: 218.396
