1.016519872056990570e+00 3.693375873445298163e-02 -3.752836427692884058e+02
9.034217577418315881e-02 1.050309401026740419e+00 -1.374950215083907210e+02
9.165668340499549479e-05 2.038576937952958417e-05 1.000000000000000000e+00
DSC_8232.JPG_max_x: 1318.43
DSC_8232.JPG_min_x: 334.418
DSC_8232.JPG_max_y: 1875.28
DSC_8232.JPG_min_y: 688.318
DSC_8248.JPG_max_x: 823.624
DSC_8248.JPG_min_x: 17.4126
DSC_8248.JPG_max_y: 1714.65
DSC_8248.JPG_min_y: 597.558
