2.425949524441972649e+00 5.598957119465451937e-01 1.371051568932345504e+02
2.535964924852420199e-01 2.985136215234033052e+00 -3.600712086859028659e+03
-4.310853085569330933e-04 1.079893541525105095e-03 9.999999999999998890e-01
DSC_8452.JPG_max_x: 663.642
DSC_8452.JPG_min_x: 168.189
DSC_8452.JPG_max_y: 1985.02
DSC_8452.JPG_min_y: 1202.03
DSC_8467.JPG_max_x: 1091.62
DSC_8467.JPG_min_x: 551.386
DSC_8467.JPG_max_y: 847.894
DSC_8467.JPG_min_y: 6.04862
