5.891335255986950292e-01 1.995922394153638313e-01 3.798164969925676360e+02
-3.509576475073267893e-02 6.056458718351265258e-01 8.259633107681887054e+01
-1.084705809082371728e-04 -8.858687299275868482e-05 9.999999999999998890e-01
DSC_8355.JPG_max_x: 989.638
DSC_8355.JPG_min_x: 8.57664
DSC_8355.JPG_max_y: 1087.38
DSC_8355.JPG_min_y: 388.663
DSC_8413.JPG_max_x: 1258.44
DSC_8413.JPG_min_x: 524.079
DSC_8413.JPG_max_y: 856.009
DSC_8413.JPG_min_y: 319.955
