6.126504644288922607e-01 1.560939733590043822e-02 4.817638778880161965e+01
1.257022292890724591e-01 5.696863215454136542e-01 6.773503812913194224e+02
1.100570157784004979e-04 1.083317925081463542e-05 1.000000000000000000e+00
DSC_8254.JPG_max_x: 1307.71
DSC_8254.JPG_min_x: 334.402
DSC_8254.JPG_max_y: 1541.16
DSC_8254.JPG_min_y: 572.395
DSC_8414.JPG_max_x: 749.304
DSC_8414.JPG_min_x: 269.477
DSC_8414.JPG_max_y: 1487.53
DSC_8414.JPG_min_y: 1017.14
