7.934242346124847911e-01 -3.124561296620231507e-02 -3.143857119562038633e+02
4.259537347254097744e-02 6.456826190745456051e-01 9.659628766255512744e+01
1.178805611152560417e-04 -5.753045402891091671e-05 1.000000000000000000e+00
DSC_8337.JPG_max_x: 1288.66
DSC_8337.JPG_min_x: 450.744
DSC_8337.JPG_max_y: 747.883
DSC_8337.JPG_min_y: 175.845
DSC_8397.JPG_max_x: 608.83
DSC_8397.JPG_min_x: 10.4393
DSC_8397.JPG_max_y: 577.277
DSC_8397.JPG_min_y: 216.796
