1.718117624826302592e+00 1.197097019399422091e-01 -4.356370236323643041e+01
3.312792768482309969e-01 1.184390546740012429e+00 -5.695940526033026430e+01
3.930498643381387380e-04 6.798724225550359227e-05 1.000000000000000000e+00
DSC_8222.JPG_max_x: 1123.96
DSC_8222.JPG_min_x: 173.595
DSC_8222.JPG_max_y: 1441.91
DSC_8222.JPG_min_y: 788.728
DSC_8452.JPG_max_x: 1317.22
DSC_8452.JPG_min_x: 375.0
DSC_8452.JPG_max_y: 1456.35
DSC_8452.JPG_min_y: 843.977
