-5.595469623987888719e-01 -2.065841928487942639e-02 7.622711190024333519e+02
-9.989655889659160293e-01 -2.418186541549701557e-02 1.343775120412338538e+03
-7.204340101676015096e-04 -4.165082948047638703e-05 1.000000000000000000e+00
DSC_8400.JPG_max_x: 1322.88
DSC_8400.JPG_min_x: 825.378
DSC_8400.JPG_max_y: 1437.98
DSC_8400.JPG_min_y: 1103.3
DSC_8462.JPG_max_x: 1004.15
DSC_8462.JPG_min_x: 761.511
DSC_8462.JPG_max_y: 1970.09
DSC_8462.JPG_min_y: 1258.23
