1.331844944234476247e-01 -2.825920475886876670e-01 8.442479670795738684e+02
-4.002954741295252084e-01 7.586265983094316878e-01 3.331294602562535943e+02
-4.440755095151121146e-04 -1.887414697699495581e-04 9.999999999999998890e-01
DSC_8264.JPG_max_x: 686.306
DSC_8264.JPG_min_x: 59.7447
DSC_8264.JPG_max_y: 1236.92
DSC_8264.JPG_min_y: 679.461
DSC_8458.JPG_max_x: 1319.61
DSC_8458.JPG_min_x: 663.309
DSC_8458.JPG_max_y: 1675.91
DSC_8458.JPG_min_y: 977.048
