1.788283261587393591e+00 2.039383777341512438e-01 1.317756827794271203e+03
8.472145085690035993e-01 2.561659732974525205e+00 -3.166084089718742689e+03
3.099204213077428303e-05 6.339980165223718872e-04 1.000000000000000000e+00
DSC_8218.JPG_max_x: 593.439
DSC_8218.JPG_min_x: 7.56417
DSC_8218.JPG_max_y: 1963.31
DSC_8218.JPG_min_y: 1249.16
DSC_8233.JPG_max_x: 1218.51
DSC_8233.JPG_min_x: 828.541
DSC_8233.JPG_max_y: 1050.41
DSC_8233.JPG_min_y: 40.8216
