6.578505815931783296e-01 1.304662880841951922e-01 9.134110476877009432e+02
7.155093522246376569e-02 2.332606699122663052e+00 -1.890686119372176790e+03
-7.590290391877698231e-04 5.969361653665673957e-04 1.000000000000000000e+00
DSC_8278.JPG_max_x: 836.532
DSC_8278.JPG_min_x: 30.7985
DSC_8278.JPG_max_y: 1654.97
DSC_8278.JPG_min_y: 810.159
DSC_8477.JPG_max_x: 1200.41
DSC_8477.JPG_min_x: 594.149
DSC_8477.JPG_max_y: 1528.38
DSC_8477.JPG_min_y: 8.02349
