8.087029461396472163e-01 -5.020040867577572202e-03 -2.873452057732969820e+02
2.116802735829247939e-01 8.587465696268540283e-01 8.437896961823646791e+01
1.765563157201706509e-04 1.280985415209459155e-04 1.000000000000000000e+00
DSC_8240.JPG_max_x: 1317.52
DSC_8240.JPG_min_x: 369.27
DSC_8240.JPG_max_y: 1740.02
DSC_8240.JPG_min_y: 903.792
DSC_8444.JPG_max_x: 560.949
DSC_8444.JPG_min_x: 11.9686
DSC_8444.JPG_max_y: 1267.69
DSC_8444.JPG_min_y: 819.852
