-6.138075450603418526e-01 -2.354284328144452820e-01 7.398370677974908176e+02
-1.648489196631867104e+00 -4.507159624110755880e-01 1.725515002415292201e+03
-1.054025988139707746e-03 -1.937412530560057974e-04 1.000000000000000000e+00
DSC_8207.JPG_max_x: 1288.93
DSC_8207.JPG_min_x: 662.717
DSC_8207.JPG_max_y: 1474.97
DSC_8207.JPG_min_y: 953.512
DSC_8228.JPG_max_x: 610.24
DSC_8228.JPG_min_x: 256.385
DSC_8228.JPG_max_y: 1670.42
DSC_8228.JPG_min_y: 359.713
