4.150335573802565459e-01 -1.344857944181310216e-01 -1.556190890612168118e+02
-2.610217904008179657e-01 7.104323890248518403e-01 4.905202478937641786e+02
-2.483162584087906751e-04 -1.647574849551886045e-04 1.000000000000000000e+00
DSC_8214.JPG_max_x: 1330.37
DSC_8214.JPG_min_x: 1135.69
DSC_8214.JPG_max_y: 1142.99
DSC_8214.JPG_min_y: 461.115
DSC_8406.JPG_max_x: 541.078
DSC_8406.JPG_min_x: 345.084
DSC_8406.JPG_max_y: 1965.11
DSC_8406.JPG_min_y: 794.981
