3.149116451718759091e+00 1.018404118281962090e+00 -1.828916572684386210e+03
-2.496687668819099759e-01 3.619405795518665148e+00 -4.713684365173686274e+03
-1.547804027153426327e-04 1.295943772374866460e-03 1.000000000000000000e+00
DSC_8244.JPG_max_x: 1059.42
DSC_8244.JPG_min_x: 255.78
DSC_8244.JPG_max_y: 1814.14
DSC_8244.JPG_min_y: 1331.14
DSC_8245.JPG_max_x: 1035.25
DSC_8245.JPG_min_x: 121.229
DSC_8245.JPG_max_y: 520.138
DSC_8245.JPG_min_y: 15.762
