2.678616575975325542e+00 1.426511362441148512e-01 -2.826298425546838644e+03
2.400156271478648684e-01 2.727717614746337560e+00 -1.603029158079741819e+03
2.536776671957020651e-04 5.901523391653599923e-05 1.000000000000000000e+00
DSC_8218.JPG_max_x: 1327.04
DSC_8218.JPG_min_x: 1077.03
DSC_8218.JPG_max_y: 1457.99
DSC_8218.JPG_min_y: 749.321
DSC_8318.JPG_max_x: 635.321
DSC_8318.JPG_min_x: 134.388
DSC_8318.JPG_max_y: 1950.11
DSC_8318.JPG_min_y: 529.475
