4.526331781240993113e-01 -6.112927159518647541e-02 -3.226491794102123722e-01
9.874617952906285592e-03 7.598504203321760908e-01 2.162218937763176143e+02
-9.447639590886879382e-05 -1.173659495148429236e-05 1.000000000000000000e+00
DSC_8258.JPG_max_x: 1100.11
DSC_8258.JPG_min_x: 217.978
DSC_8258.JPG_max_y: 1696.54
DSC_8258.JPG_min_y: 753.281
DSC_8338.JPG_max_x: 370.253
DSC_8338.JPG_min_x: 18.8985
DSC_8338.JPG_max_y: 1762.27
DSC_8338.JPG_min_y: 828.581
