1.309878556122767435e-01 -2.282266277320220971e-01 3.738072553461321377e+02
-5.354945655042809421e-02 -4.681092877773191524e-02 2.206305196964090101e+02
-1.855171199182586517e-04 -6.340297509815026079e-04 1.000000000000000000e+00
DSC_8257.JPG_max_x: 1250.71
DSC_8257.JPG_min_x: 27.7745
DSC_8257.JPG_max_y: 1124.24
DSC_8257.JPG_min_y: 269.325
DSC_8397.JPG_max_x: 896.123
DSC_8397.JPG_min_x: 382.293
DSC_8397.JPG_max_y: 642.83
DSC_8397.JPG_min_y: 199.709
