1.660752461289382920e+00 6.270894977232474021e-01 1.710772377366831279e+03
8.529642372815522677e-02 4.352866750586759537e+00 -4.700035605463518550e+03
-1.392611498023253042e-03 1.353628328064323053e-03 1.000000000000000000e+00
DSC_8330.JPG_max_x: 466.534
DSC_8330.JPG_min_x: 50.0028
DSC_8330.JPG_max_y: 1884.18
DSC_8330.JPG_min_y: 1456.98
DSC_8423.JPG_max_x: 1322.16
DSC_8423.JPG_min_x: 886.318
DSC_8423.JPG_max_y: 1208.34
DSC_8423.JPG_min_y: 659.753
