3.582194509954952366e+01 -1.570430791969042872e+01 -3.361386907785233689e+03
9.338894957592195567e+01 -1.056450695215135660e+01 -1.540595723298135272e+04
6.296004834610345602e-02 -2.612453545304011665e-02 1.000000000000000000e+00
DSC_8337.JPG_max_x: 1288.66
DSC_8337.JPG_min_x: 143.143
DSC_8337.JPG_max_y: 712.427
DSC_8337.JPG_min_y: 175.845
DSC_8430.JPG_max_x: 950.056
DSC_8430.JPG_min_x: 78.6577
DSC_8430.JPG_max_y: 1670.28
DSC_8430.JPG_min_y: 1191.18
