8.591920172968338099e-01 1.183418563691025598e-02 9.053241047824154464e+01
1.586154219881502347e-01 9.409033411891623011e-01 1.183282274272622203e+02
1.442668796145650143e-04 4.443962673366038416e-05 1.000000000000000000e+00
DSC_8438.JPG_max_x: 1315.06
DSC_8438.JPG_min_x: 9.68969
DSC_8438.JPG_max_y: 1961.53
DSC_8438.JPG_min_y: 721.484
DSC_8458.JPG_max_x: 1004.35
DSC_8458.JPG_min_x: 114.381
DSC_8458.JPG_max_y: 1761.46
DSC_8458.JPG_min_y: 809.762
