1.591021395155217122e-01 -3.091591831130620638e-01 5.820084763010354436e+02
1.087450725277999131e-01 1.229405535361286494e+00 -1.330924828426231556e+02
-6.206979817115152722e-04 3.604302011644449277e-04 1.000000000000000000e+00
DSC_8199.JPG_max_x: 659.749
DSC_8199.JPG_min_x: 14.8343
DSC_8199.JPG_max_y: 945.609
DSC_8199.JPG_min_y: 363.77
DSC_8265.JPG_max_x: 464.518
DSC_8265.JPG_min_x: 172.44
DSC_8265.JPG_max_y: 1171.4
DSC_8265.JPG_min_y: 308.405
