7.569129415684716644e-01 -2.472673570132830068e-01 5.457209784642498107e+02
-4.229909983214139579e-01 9.666144413066085628e-01 2.433505639028502117e+02
-4.451031259562561373e-04 7.447762568064078710e-05 1.000000000000000000e+00
DSC_8308.JPG_max_x: 779.36
DSC_8308.JPG_min_x: 26.457
DSC_8308.JPG_max_y: 1468.68
DSC_8308.JPG_min_y: 721.999
DSC_8412.JPG_max_x: 1161.67
DSC_8412.JPG_min_x: 321.191
DSC_8412.JPG_max_y: 1562.63
DSC_8412.JPG_min_y: 897.782
