-3.242198094003838627e-01 -7.240641789663045946e-01 1.036597181523094605e+03
-6.922132900322104376e-01 -6.375698833190297510e-01 1.213515333937487867e+03
-5.006274886285126680e-04 -6.211310538977850250e-04 1.000000000000000000e+00
DSC_8225.JPG_max_x: 1115.03
DSC_8225.JPG_min_x: 185.087
DSC_8225.JPG_max_y: 1068.81
DSC_8225.JPG_min_y: 315.476
DSC_8306.JPG_max_x: 1312.08
DSC_8306.JPG_min_x: 436.472
DSC_8306.JPG_max_y: 1351.59
DSC_8306.JPG_min_y: 1132.39
