4.392256369757651768e+00 7.639627344397234010e-01 -3.180388754906868144e+03
2.705645566156602122e+00 2.488885103280071398e+00 -2.794883408112358666e+03
2.388873215855812950e-03 -9.469857283653068843e-04 1.000000000000000000e+00
DSC_8364.JPG_max_x: 1039.02
DSC_8364.JPG_min_x: 554.732
DSC_8364.JPG_max_y: 1548.19
DSC_8364.JPG_min_y: 1032.33
DSC_8470.JPG_max_x: 1326.77
DSC_8470.JPG_min_x: 79.913
DSC_8470.JPG_max_y: 1862.79
DSC_8470.JPG_min_y: 883.551
