4.042595197787822725e-01 2.925044779771305836e-01 -3.710894212163017869e+02
-4.181864639219264324e-01 5.728448575130417053e-01 1.244271866024868814e+03
-2.310218384365353515e-04 1.533874991513346862e-04 1.000000000000000000e+00
DSC_8225.JPG_max_x: 1274.23
DSC_8225.JPG_min_x: 714.007
DSC_8225.JPG_max_y: 1432.45
DSC_8225.JPG_min_y: 403.856
DSC_8308.JPG_max_x: 466.043
DSC_8308.JPG_min_x: 68.3088
DSC_8308.JPG_max_y: 1661.8
DSC_8308.JPG_min_y: 1252.67
