1.006406597401956704e+00 -2.434039384402801043e-01 3.772317239607737633e+02
9.008527320783979442e-02 1.089220599681887114e+00 -3.109245210306034224e+01
2.841907439726494653e-05 -1.767576685196445784e-04 1.000000000000000000e+00
DSC_8262.JPG_max_x: 872.672
DSC_8262.JPG_min_x: 304.871
DSC_8262.JPG_max_y: 1059.66
DSC_8262.JPG_min_y: 675.614
DSC_8440.JPG_max_x: 1196.69
DSC_8440.JPG_min_x: 551.922
DSC_8440.JPG_max_y: 1436.41
DSC_8440.JPG_min_y: 862.921
