1.285214340247110121e+00 5.990867523352840784e-01 1.166720442219374263e+03
8.238076002498234685e-02 2.236695273499703873e+00 -1.608367002721557583e+03
-2.943419322125629951e-04 9.922028298895615561e-04 1.000000000000000000e+00
DSC_8322.JPG_max_x: 760.453
DSC_8322.JPG_min_x: 13.4997
DSC_8322.JPG_max_y: 1604.38
DSC_8322.JPG_min_y: 906.603
DSC_8415.JPG_max_x: 1305.62
DSC_8415.JPG_min_x: 889.817
DSC_8415.JPG_max_y: 861.657
DSC_8415.JPG_min_y: 240.216
