6.279732413697731275e+00 2.343230559551056746e+00 -7.505287891088341894e+03
-2.509383391603038138e+00 1.227633142986197257e+01 -5.462665449900070598e+03
-1.593830643730238025e-03 3.125514182622486821e-03 1.000000000000000000e+00
DSC_8234.JPG_max_x: 1282.01
DSC_8234.JPG_min_x: 857.546
DSC_8234.JPG_max_y: 1083.75
DSC_8234.JPG_min_y: 838.21
DSC_8464.JPG_max_x: 1285.9
DSC_8464.JPG_min_x: 80.2615
DSC_8464.JPG_max_y: 1932.76
DSC_8464.JPG_min_y: 1184.4
