1.135508612220866187e+00 7.999306383627276251e-02 -5.454183764945141775e+02
1.382469852286766498e-01 1.135173692502793319e+00 1.339957305061031434e+02
1.654796822805077317e-04 -5.790397389275215982e-05 1.000000000000000000e+00
DSC_8336.JPG_max_x: 1330.28
DSC_8336.JPG_min_x: 404.741
DSC_8336.JPG_max_y: 1340.12
DSC_8336.JPG_min_y: 773.204
DSC_8446.JPG_max_x: 917.445
DSC_8446.JPG_min_x: 12.3481
DSC_8446.JPG_max_y: 1712.58
DSC_8446.JPG_min_y: 1025.39
