8.980969870069596128e-01 3.359409825942656913e-01 -3.262259665761851579e+02
3.819782057286554844e-01 8.625993052669040928e-01 8.832623194876248363e+01
3.955332917854190644e-04 -4.229176878240970661e-05 1.000000000000000000e+00
DSC_8412.JPG_max_x: 1163.78
DSC_8412.JPG_min_x: 18.3669
DSC_8412.JPG_max_y: 1560.15
DSC_8412.JPG_min_y: 859.46
DSC_8454.JPG_max_x: 845.236
DSC_8454.JPG_min_x: 6.12439
DSC_8454.JPG_max_y: 1457.02
DSC_8454.JPG_min_y: 844.943
