1.127440512454416899e+00 -8.444593736775170278e-02 1.481817303263171937e+02
1.301776029550295736e-03 1.012301140722582149e+00 -1.620680004395379456e+03
1.852033633821441606e-05 -1.268270170245086437e-06 1.000000000000000000e+00
DSC_8204.JPG_max_x: 1155.16
DSC_8204.JPG_min_x: 87.9921
DSC_8204.JPG_max_y: 1978.69
DSC_8204.JPG_min_y: 1692.38
DSC_8205.JPG_max_x: 1238.66
DSC_8205.JPG_min_x: 102.284
DSC_8205.JPG_max_y: 390.196
DSC_8205.JPG_min_y: 98.2972
