1.062779546488316740e+00 1.868965553757570008e-01 5.758704456984629871e+01
-5.830505109020264060e-02 1.113235974431090236e+00 -8.986386614717347356e+02
1.180597521816240499e-04 2.076175815075215799e-04 9.999999999999998890e-01
DSC_8254.JPG_max_x: 1215.12
DSC_8254.JPG_min_x: 426.228
DSC_8254.JPG_max_y: 1493.28
DSC_8254.JPG_min_y: 1074.68
DSC_8337.JPG_max_x: 1120.7
DSC_8337.JPG_min_x: 566.144
DSC_8337.JPG_max_y: 483.901
DSC_8337.JPG_min_y: 186.9
