1.097597504445078975e+00 1.703270099521478342e-01 6.363499023794959157e+02
-7.589334670243701175e-02 1.540143240838224514e+00 -3.658512732806685221e+02
-2.561183492926224982e-04 1.929134582280298623e-04 1.000000000000000000e+00
DSC_8262.JPG_max_x: 512.391
DSC_8262.JPG_min_x: 23.8533
DSC_8262.JPG_max_y: 1187.92
DSC_8262.JPG_min_y: 530.409
DSC_8310.JPG_max_x: 1314.01
DSC_8310.JPG_min_x: 696.209
DSC_8310.JPG_max_y: 1246.89
DSC_8310.JPG_min_y: 436.593
