6.880509583910490168e-01 -8.591286148337716477e-02 -1.035019812309215013e+02
1.412537049393726707e-01 3.135477876451844836e-01 2.209041705899770704e+02
3.812626467683428175e-04 -7.621280948710303484e-04 1.000000000000000000e+00
DSC_8287.JPG_max_x: 1261.61
DSC_8287.JPG_min_x: 188.702
DSC_8287.JPG_max_y: 862.508
DSC_8287.JPG_min_y: 36.8518
DSC_8453.JPG_max_x: 711.159
DSC_8453.JPG_min_x: 17.8738
DSC_8453.JPG_max_y: 1365.25
DSC_8453.JPG_min_y: 250.521
