4.716348078071441741e-02 -4.957910297693560175e-02 4.223971194796272499e+01
-2.710911354698779530e-01 6.282961518061846995e-02 3.126357773271858491e+02
-4.099770211193422861e-04 -2.113905888480948443e-04 1.000000000000000000e+00
DSC_8378.JPG_max_x: 1286.04
DSC_8378.JPG_min_x: 560.689
DSC_8378.JPG_max_y: 1629.72
DSC_8378.JPG_min_y: 1079.85
DSC_8397.JPG_max_x: 200.465
DSC_8397.JPG_min_x: 10.4393
DSC_8397.JPG_max_y: 584.154
DSC_8397.JPG_min_y: 239.468
