3.771084537505695611e+00 -2.742637625587940775e+00 1.683050626201286377e+03
2.114736191730513859e+00 -1.870635752502708415e+00 1.786553140881257832e+03
4.057165201193022042e-03 -2.303577844993684193e-03 1.000000000000000000e+00
DSC_8420.JPG_max_x: 897.173
DSC_8420.JPG_min_x: 13.9832
DSC_8420.JPG_max_y: 1882.39
DSC_8420.JPG_min_y: 1550.93
DSC_8439.JPG_max_x: 1289.41
DSC_8439.JPG_min_x: 899.157
DSC_8439.JPG_max_y: 985.496
DSC_8439.JPG_min_y: 252.819
