8.759229540304461770e-01 -1.706114404926704908e-01 9.269944234451268983e+01
1.603944988850873263e-02 7.081470907698507178e-01 4.747728876596070222e+02
-3.842026205603346543e-06 -1.752584502955817141e-04 1.000000000000000000e+00
DSC_8297.JPG_max_x: 1312.5
DSC_8297.JPG_min_x: 42.1107
DSC_8297.JPG_max_y: 884.947
DSC_8297.JPG_min_y: 54.9892
DSC_8457.JPG_max_x: 1293.82
DSC_8457.JPG_min_x: 91.7038
DSC_8457.JPG_max_y: 1332.29
DSC_8457.JPG_min_y: 531.408
