8.168649387687273444e-01 2.041441776518101714e-01 8.471441568359973644e+02
-8.925918721279506307e-02 9.852346122242131576e-01 1.149300572586858493e+01
-3.329698848372715714e-05 1.203461608474589985e-04 1.000000000000000000e+00
DSC_8422.JPG_max_x: 453.868
DSC_8422.JPG_min_x: 5.10535
DSC_8422.JPG_max_y: 1765.27
DSC_8422.JPG_min_y: 720.815
DSC_8440.JPG_max_x: 1275.54
DSC_8440.JPG_min_x: 965.248
DSC_8440.JPG_max_y: 1436.41
DSC_8440.JPG_min_y: 663.898
