2.248753835764253084e-01 5.369296266310120275e-02 2.205872201081822368e+02
-5.310956039767845693e-01 1.293024487265634903e+00 -8.173640959508521746e+02
-3.282624895879256567e-04 4.077859099134303823e-04 1.000000000000000000e+00
DSC_8366.JPG_max_x: 1326.23
DSC_8366.JPG_min_x: 476.609
DSC_8366.JPG_max_y: 1803.62
DSC_8366.JPG_min_y: 1231.61
DSC_8429.JPG_max_x: 784.753
DSC_8429.JPG_min_x: 228.816
DSC_8429.JPG_max_y: 658.221
DSC_8429.JPG_min_y: 98.6666
