3.302884058767245445e+00 9.502263535851438458e-01 -1.423679989739631992e+03
-1.854659286534540152e-01 4.197609861656792951e+00 -3.863478646925878365e+03
3.299338454632948334e-04 1.839972822203326521e-03 1.000000000000000000e+00
DSC_8352.JPG_max_x: 1316.68
DSC_8352.JPG_min_x: 291.693
DSC_8352.JPG_max_y: 1544.49
DSC_8352.JPG_min_y: 1075.03
DSC_8367.JPG_max_x: 1087.52
DSC_8367.JPG_min_x: 187.267
DSC_8367.JPG_max_y: 578.22
DSC_8367.JPG_min_y: 181.881
