5.447457815299138195e-01 4.972791309387718413e-03 1.019314032335059437e+03
-4.508088001330036176e-01 1.173192305133335278e+00 -2.289538588130925234e+02
-5.014965778811820724e-04 3.868877990806622867e-05 1.000000000000000000e+00
DSC_8200.JPG_max_x: 300.348
DSC_8200.JPG_min_x: 85.7765
DSC_8200.JPG_max_y: 1485.89
DSC_8200.JPG_min_y: 850.196
DSC_8218.JPG_max_x: 1327.04
DSC_8218.JPG_min_x: 1077.03
DSC_8218.JPG_max_y: 1485.04
DSC_8218.JPG_min_y: 724.248
