1.155244815190335922e-01 -9.439702982001142717e-02 2.110988675095550491e+02
-2.836397515638058864e-01 1.743519249087510659e-01 1.140020133248553691e+02
-3.887816595234664285e-04 -2.307410307630966247e-04 1.000000000000000000e+00
DSC_8228.JPG_max_x: 992.021
DSC_8228.JPG_min_x: 338.126
DSC_8228.JPG_max_y: 1765.66
DSC_8228.JPG_min_y: 714.62
DSC_8311.JPG_max_x: 601.895
DSC_8311.JPG_min_x: 137.72
DSC_8311.JPG_max_y: 684.834
DSC_8311.JPG_min_y: 136.604
