-3.853845915077739326e-01 -3.662546972796255906e-02 3.366769131099634365e+02
-9.017376184356828972e-01 -6.096270950443167802e-01 1.287786297870424733e+03
-8.903124517063313930e-04 -3.461744266282352177e-04 1.000000000000000000e+00
DSC_8313.JPG_max_x: 1261.22
DSC_8313.JPG_min_x: 546.068
DSC_8313.JPG_max_y: 1198.0
DSC_8313.JPG_min_y: 588.168
DSC_8459.JPG_max_x: 493.143
DSC_8459.JPG_min_x: 168.308
DSC_8459.JPG_max_y: 1187.54
DSC_8459.JPG_min_y: 605.316
