3.388638686081656193e+00 -2.489246392060194268e-01 -5.439090508493626430e+02
3.866470354452882785e-01 2.800866322656813789e+00 -2.153454216495527362e+03
3.057622990168415108e-04 -3.384528950753654336e-04 9.999999999999998890e-01
DSC_8398.JPG_max_x: 523.479
DSC_8398.JPG_min_x: 383.631
DSC_8398.JPG_max_y: 1217.61
DSC_8398.JPG_min_y: 974.083
DSC_8468.JPG_max_x: 1217.44
DSC_8468.JPG_min_x: 645.992
DSC_8468.JPG_max_y: 1968.75
DSC_8468.JPG_min_y: 927.702
