8.234538375868851734e-01 1.242620224034225902e-02 -4.867760011019890953e+02
-3.501303891895499176e-01 1.090929725040678200e+00 -4.500024968167747943e+02
-2.894304148549130349e-04 1.017778166225674310e-04 1.000000000000000000e+00
DSC_8246.JPG_max_x: 1298.48
DSC_8246.JPG_min_x: 842.814
DSC_8246.JPG_max_y: 1886.82
DSC_8246.JPG_min_y: 1053.01
DSC_8439.JPG_max_x: 789.989
DSC_8439.JPG_min_x: 247.84
DSC_8439.JPG_max_y: 1390.44
DSC_8439.JPG_min_y: 331.738
