-1.272067769163118145e+00 -6.072730369684574414e-02 7.341638727129167137e+02
-2.195472376049619978e+00 -2.335341045626300460e-01 1.353273803140457630e+03
-1.705211774935025100e-03 -1.044008739430476670e-04 1.000000000000000000e+00
DSC_8289.JPG_max_x: 1116.74
DSC_8289.JPG_min_x: 448.055
DSC_8289.JPG_max_y: 1405.56
DSC_8289.JPG_min_y: 259.339
DSC_8318.JPG_max_x: 898.271
DSC_8318.JPG_min_x: 257.445
DSC_8318.JPG_max_y: 1780.06
DSC_8318.JPG_min_y: 685.763
