2.609074430619282570e+00 2.993008040348657528e-01 -8.994992583437546045e+02
-3.258750420946868176e-02 2.318266676477665822e+00 -3.464501387783706150e+02
3.975497590215716940e-04 3.808968684606629015e-04 1.000000000000000000e+00
DSC_8363.JPG_max_x: 1047.91
DSC_8363.JPG_min_x: 240.556
DSC_8363.JPG_max_y: 1060.74
DSC_8363.JPG_min_y: 308.946
DSC_8419.JPG_max_x: 1253.41
DSC_8419.JPG_min_x: 3.98625
DSC_8419.JPG_max_y: 1384.66
DSC_8419.JPG_min_y: 285.393
