1.058839731702521103e+00 -6.697460289120803489e-01 1.268110717913806411e+03
1.301144833975368953e-01 1.366364651855467294e+00 -9.591457832241079586e+02
-1.933729470434816453e-04 1.049285185146644652e-05 1.000000000000000000e+00
DSC_8296.JPG_max_x: 474.978
DSC_8296.JPG_min_x: 37.7013
DSC_8296.JPG_max_y: 1326.15
DSC_8296.JPG_min_y: 836.22
DSC_8427.JPG_max_x: 1049.56
DSC_8427.JPG_min_x: 570.739
DSC_8427.JPG_max_y: 958.173
DSC_8427.JPG_min_y: 212.785
