7.162981280464567613e-01 -6.816829051687447669e-03 1.015582711982931301e+03
4.102747435602598775e-02 6.776187520242740181e-01 2.202577845191457300e+02
5.547257733174386075e-05 1.572267628830072020e-05 1.000000000000000000e+00
DSC_8224.JPG_max_x: 533.717
DSC_8224.JPG_min_x: 7.4341
DSC_8224.JPG_max_y: 1260.07
DSC_8224.JPG_min_y: 724.034
DSC_8292.JPG_max_x: 1324.68
DSC_8292.JPG_min_x: 994.538
DSC_8292.JPG_max_y: 1052.44
DSC_8292.JPG_min_y: 702.906
