-9.468181626617351299e-01 -3.871984815185550155e-01 1.037044656496050038e+03
-1.032210224309836999e+00 -1.261466848561121346e+00 1.911264697044337936e+03
-1.895746718595857751e-03 -5.788190783708161867e-04 1.000000000000000000e+00
DSC_8314.JPG_max_x: 589.489
DSC_8314.JPG_min_x: 402.314
DSC_8314.JPG_max_y: 1805.34
DSC_8314.JPG_min_y: 1343.92
DSC_8349.JPG_max_x: 160.717
DSC_8349.JPG_min_x: 16.7805
DSC_8349.JPG_max_y: 943.892
DSC_8349.JPG_min_y: 433.029
