5.052267063007229275e+00 1.441658659993585889e+00 -2.778075046920394016e+03
-1.642695472812666091e-01 6.036238022654356605e+00 -7.030786481163436292e+03
-6.207076348536297815e-05 1.842250782629983310e-03 9.999999999999998890e-01
DSC_8398.JPG_max_x: 1083.58
DSC_8398.JPG_min_x: 396.103
DSC_8398.JPG_max_y: 1772.71
DSC_8398.JPG_min_y: 1213.73
DSC_8417.JPG_max_x: 1293.55
DSC_8417.JPG_min_x: 298.347
DSC_8417.JPG_max_y: 845.595
DSC_8417.JPG_min_y: 70.203
