2.281727600683674861e+00 2.679166707590899688e-03 -1.680193492729788431e+03
8.569251444145795649e-01 1.476145841471819598e+00 -3.749595505436938652e+02
9.106521788110983825e-04 -1.097940001496784326e-04 1.000000000000000000e+00
DSC_8250.JPG_max_x: 1321.22
DSC_8250.JPG_min_x: 1055.14
DSC_8250.JPG_max_y: 1295.74
DSC_8250.JPG_min_y: 628.49
DSC_8334.JPG_max_x: 643.638
DSC_8334.JPG_min_x: 384.282
DSC_8334.JPG_max_y: 1312.15
DSC_8334.JPG_min_y: 770.989
