7.644906684121843821e-01 -1.413239225534373977e-01 -9.108678440305492074e+01
1.365853816092902351e-01 3.980122813998605569e-01 1.111759512674943380e+03
8.678595739283000263e-05 -2.141448548033682677e-04 1.000000000000000000e+00
DSC_8337.JPG_max_x: 1288.66
DSC_8337.JPG_min_x: 267.456
DSC_8337.JPG_max_y: 765.737
DSC_8337.JPG_min_y: 181.965
DSC_8414.JPG_max_x: 810.809
DSC_8414.JPG_min_x: 30.6589
DSC_8414.JPG_max_y: 1690.08
DSC_8414.JPG_min_y: 1253.05
