1.104937931926817640e+01 -6.895742654118638404e-01 -3.810216452871715774e+03
4.153912115005917727e+00 6.841790880803412023e+00 -5.084908854366181004e+03
4.147803463231124720e-03 -4.636743629804944769e-04 1.000000000000000000e+00
DSC_8262.JPG_max_x: 1220.84
DSC_8262.JPG_min_x: 471.386
DSC_8262.JPG_max_y: 1247.69
DSC_8262.JPG_min_y: 526.107
DSC_8344.JPG_max_x: 1310.79
DSC_8344.JPG_min_x: 309.693
DSC_8344.JPG_max_y: 1513.78
DSC_8344.JPG_min_y: 300.316
