-1.770180648309169769e-01 -6.204541392793713750e-02 2.705102773118694586e+02
-2.117323224950685145e-01 -3.251074037226859836e-01 6.075687268268633261e+02
-6.971291944520228425e-04 -2.712665655186352717e-04 1.000000000000000000e+00
DSC_8294.JPG_max_x: 1318.95
DSC_8294.JPG_min_x: 782.698
DSC_8294.JPG_max_y: 1496.28
DSC_8294.JPG_min_y: 1099.94
DSC_8297.JPG_max_x: 390.675
DSC_8297.JPG_min_x: 44.2973
DSC_8297.JPG_max_y: 604.355
DSC_8297.JPG_min_y: 134.833
