6.207216052413864205e-01 -9.057149195809189868e-01 1.414744984231776471e+03
-4.797524219656649352e-02 5.990320262967222531e-01 -3.200782573860973343e+02
-2.799276070072863050e-04 -1.211391065610361114e-04 1.000000000000000000e+00
DSC_8324.JPG_max_x: 1182.15
DSC_8324.JPG_min_x: 191.37
DSC_8324.JPG_max_y: 1755.27
DSC_8324.JPG_min_y: 1219.91
DSC_8369.JPG_max_x: 1273.28
DSC_8369.JPG_min_x: 420.75
DSC_8369.JPG_max_y: 1459.13
DSC_8369.JPG_min_y: 524.252
