-1.144783038195979818e+00 -7.297285456670231651e-01 1.372552300416069784e+03
-1.201177854707475290e-01 -1.152587373826895023e+00 1.117921043012526980e+03
-8.582294573479173081e-04 -1.085948869798865736e-03 1.000000000000000000e+00
DSC_8202.JPG_max_x: 1157.33
DSC_8202.JPG_min_x: 433.417
DSC_8202.JPG_max_y: 1513.81
DSC_8202.JPG_min_y: 834.743
DSC_8429.JPG_max_x: 639.553
DSC_8429.JPG_min_x: 224.856
DSC_8429.JPG_max_y: 658.221
DSC_8429.JPG_min_y: 7.01687
