2.585266628836668246e-01 -5.613120621338316824e-02 6.125395777864086995e+02
-1.580299218468661504e-01 3.831543486231253626e-01 6.513259956645930515e+02
-1.670263507658546721e-04 -4.702358720295238671e-05 9.999999999999998890e-01
DSC_8256.JPG_max_x: 1303.95
DSC_8256.JPG_min_x: 294.02
DSC_8256.JPG_max_y: 1493.01
DSC_8256.JPG_min_y: 663.465
DSC_8430.JPG_max_x: 1216.27
DSC_8430.JPG_min_x: 708.277
DSC_8430.JPG_max_y: 1365.39
DSC_8430.JPG_min_y: 932.408
