-9.206777967098202231e-02 -3.132527310777805662e-01 9.052416697490293700e+02
-5.590819028869598029e-01 8.819972797719219382e-02 9.614703381194535723e+02
-3.823993053295018170e-04 -2.577095851425368093e-04 1.000000000000000000e+00
DSC_8346.JPG_max_x: 927.411
DSC_8346.JPG_min_x: 483.963
DSC_8346.JPG_max_y: 1284.32
DSC_8346.JPG_min_y: 578.205
DSC_8360.JPG_max_x: 1313.87
DSC_8360.JPG_min_x: 570.37
DSC_8360.JPG_max_y: 1695.85
DSC_8360.JPG_min_y: 980.353
