-1.166021386312139185e+01 9.218798213655218232e-01 7.943481780076349423e+02
-2.244204828525253248e+01 -3.500407460245189117e+00 6.128842129209217092e+03
-1.608614885270783293e-02 1.600701226052202511e-03 1.000000000000000000e+00
DSC_8278.JPG_max_x: 1185.71
DSC_8278.JPG_min_x: 121.927
DSC_8278.JPG_max_y: 974.278
DSC_8278.JPG_min_y: 643.892
DSC_8374.JPG_max_x: 1038.18
DSC_8374.JPG_min_x: 263.153
DSC_8374.JPG_max_y: 1828.1
DSC_8374.JPG_min_y: 940.936
