4.892401729926070253e-01 -4.134038048375373448e-02 8.529956765073936822e+02
-4.060544880266630519e-01 8.840397698959121531e-01 1.637046387823132250e+02
-3.665486597789240552e-04 -1.990927527613602820e-05 1.000000000000000000e+00
DSC_8368.JPG_max_x: 503.733
DSC_8368.JPG_min_x: 8.09622
DSC_8368.JPG_max_y: 1840.75
DSC_8368.JPG_min_y: 1031.41
DSC_8380.JPG_max_x: 1328.22
DSC_8380.JPG_min_x: 828.14
DSC_8380.JPG_max_y: 1964.26
DSC_8380.JPG_min_y: 1097.65
