-3.178539179451850827e-01 1.045573437140218775e+00 4.019823499774561810e+02
-6.152151370773391026e-01 2.457560735511378880e+00 -2.381760205260360408e+02
-1.991888737857246908e-03 2.296686482612720227e-03 1.000000000000000000e+00
DSC_8325.JPG_max_x: 1189.6
DSC_8325.JPG_min_x: 47.1746
DSC_8325.JPG_max_y: 884.72
DSC_8325.JPG_min_y: 47.2284
DSC_8355.JPG_max_x: 1204.91
DSC_8355.JPG_min_x: 35.6198
DSC_8355.JPG_max_y: 1413.96
DSC_8355.JPG_min_y: 455.406
