1.476294230461104758e-02 -2.725259036474728808e-02 1.180314117050385903e+03
-5.186271717025240369e-01 5.819070096265447356e-01 5.595492825935532437e+02
-4.761305390712261445e-04 -1.759086052008693770e-06 1.000000000000000000e+00
DSC_8208.JPG_max_x: 275.43
DSC_8208.JPG_min_x: 5.49178
DSC_8208.JPG_max_y: 1832.63
DSC_8208.JPG_min_y: 883.275
DSC_8366.JPG_max_x: 1330.53
DSC_8366.JPG_min_x: 1155.68
DSC_8366.JPG_max_y: 1647.23
DSC_8366.JPG_min_y: 1070.89
