1.829282504132836440e+00 8.240727570712920169e-01 -2.161453019022890658e+03
3.073921068289291875e-02 1.669591868133829982e+00 4.524241535366410289e+02
6.589663161843370464e-04 1.329426540271620878e-04 1.000000000000000000e+00
DSC_8351.JPG_max_x: 1266.39
DSC_8351.JPG_min_x: 971.039
DSC_8351.JPG_max_y: 1142.3
DSC_8351.JPG_min_y: 349.993
DSC_8415.JPG_max_x: 468.096
DSC_8415.JPG_min_x: 17.078
DSC_8415.JPG_max_y: 1256.94
DSC_8415.JPG_min_y: 600.98
