5.609182372185799181e-01 8.672035289428087212e-02 5.261525342179503468e+02
-1.556333353197346669e-01 6.706315517581052932e-01 8.908962948123186152e+02
-1.419746052518191018e-04 -5.462152974877089603e-05 1.000000000000000000e+00
DSC_8443.JPG_max_x: 917.211
DSC_8443.JPG_min_x: 43.0294
DSC_8443.JPG_max_y: 819.032
DSC_8443.JPG_min_y: 465.44
DSC_8454.JPG_max_x: 1315.97
DSC_8454.JPG_min_x: 615.457
DSC_8454.JPG_max_y: 1568.89
DSC_8454.JPG_min_y: 1238.55
