1.122750763334187551e+00 4.351604561697263590e-02 6.448731844842397720e+01
1.995526722694694610e-01 8.856621828973701982e-01 1.633315302309361243e+02
2.198664395457416672e-04 1.988583195599341911e-05 1.000000000000000000e+00
DSC_8238.JPG_max_x: 1313.2
DSC_8238.JPG_min_x: 215.916
DSC_8238.JPG_max_y: 1547.24
DSC_8238.JPG_min_y: 730.364
DSC_8452.JPG_max_x: 1241.79
DSC_8452.JPG_min_x: 375.0
DSC_8452.JPG_max_y: 1422.59
DSC_8452.JPG_min_y: 826.146
