5.839432568487551434e-01 -1.002016102926422819e-01 -1.476122057005190698e+02
5.039921612185882527e-01 5.745252001561177435e-01 3.485155251396079734e+02
4.174455700442618604e-04 -1.852144536193680940e-04 1.000000000000000000e+00
DSC_8328.JPG_max_x: 971.245
DSC_8328.JPG_min_x: 510.345
DSC_8328.JPG_max_y: 1184.79
DSC_8328.JPG_min_y: 406.528
DSC_8458.JPG_max_x: 280.296
DSC_8458.JPG_min_x: 43.1352
DSC_8458.JPG_max_y: 1279.13
DSC_8458.JPG_min_y: 754.195
