1.754841132206099275e+01 3.269360726081017798e+00 -1.327682941584715445e+04
-1.636484072444467364e+00 1.221146121060836442e+01 -9.525732223701490511e+03
8.496853966241330394e-03 3.650687415907365955e-03 1.000000000000000000e+00
DSC_8266.JPG_max_x: 1305.41
DSC_8266.JPG_min_x: 740.797
DSC_8266.JPG_max_y: 1392.38
DSC_8266.JPG_min_y: 890.562
DSC_8335.JPG_max_x: 817.461
DSC_8335.JPG_min_x: 294.6
DSC_8335.JPG_max_y: 471.699
DSC_8335.JPG_min_y: 6.48226
