2.475464604400758398e-02 -9.308702880795677315e-02 5.709911677872044038e+02
-2.996560938828490284e-01 -7.248693867101097150e-03 1.277045292416397615e+03
-2.277897659324955933e-04 -1.386219616771755417e-04 1.000000000000000000e+00
DSC_8305.JPG_max_x: 1198.67
DSC_8305.JPG_min_x: 377.495
DSC_8305.JPG_max_y: 1782.29
DSC_8305.JPG_min_y: 131.007
DSC_8416.JPG_max_x: 873.665
DSC_8416.JPG_min_x: 627.843
DSC_8416.JPG_max_y: 1848.34
DSC_8416.JPG_min_y: 1302.27
