-5.997963979129299350e-01 1.805407104697848153e-02 6.826070344660703313e+02
-1.436289255968094425e+00 -3.347119241333521567e-01 1.610680576139493724e+03
-1.326238533512715759e-03 1.413545205131949126e-04 1.000000000000000000e+00
DSC_8452.JPG_max_x: 1325.02
DSC_8452.JPG_min_x: 708.289
DSC_8452.JPG_max_y: 1563.88
DSC_8452.JPG_min_y: 890.818
DSC_8454.JPG_max_x: 1263.84
DSC_8454.JPG_min_x: 22.3987
DSC_8454.JPG_max_y: 1556.15
DSC_8454.JPG_min_y: 903.387
