4.386388915116474219e-01 -1.962190907180549546e-02 -1.869946772227229204e+01
-4.052225103135317572e-03 3.853689995685635750e-01 1.338331526931103497e+02
-1.244150521574493738e-04 -1.861876482282990935e-04 1.000000000000000000e+00
DSC_8273.JPG_max_x: 1105.76
DSC_8273.JPG_min_x: 133.146
DSC_8273.JPG_max_y: 569.439
DSC_8273.JPG_min_y: 36.4225
DSC_8473.JPG_max_x: 559.007
DSC_8473.JPG_min_x: 40.0085
DSC_8473.JPG_max_y: 437.638
DSC_8473.JPG_min_y: 153.351
