1.224578141483512006e+01 7.089763165964211300e-01 -8.351340610885952628e+03
7.299073615010916782e+00 6.920958575023822945e+00 -4.493381110307463132e+03
4.843410883688493290e-03 -1.685477883862939764e-04 1.000000000000000000e+00
DSC_8282.JPG_max_x: 1315.95
DSC_8282.JPG_min_x: 729.983
DSC_8282.JPG_max_y: 1165.99
DSC_8282.JPG_min_y: 620.19
DSC_8464.JPG_max_x: 1196.23
DSC_8464.JPG_min_x: 253.944
DSC_8464.JPG_max_y: 1900.49
DSC_8464.JPG_min_y: 1271.43
