1.473662432878866291e+01 5.628831829123182473e+00 -1.191919863529138638e+04
-4.200109112062663796e-01 1.109388212252449257e+01 -9.667915784116121358e+02
6.266526487957659215e-03 2.809175425737189986e-03 1.000000000000000000e+00
DSC_8345.JPG_max_x: 1327.24
DSC_8345.JPG_min_x: 593.953
DSC_8345.JPG_max_y: 1317.35
DSC_8345.JPG_min_y: 133.504
DSC_8375.JPG_max_x: 949.3
DSC_8375.JPG_min_x: 242.492
DSC_8375.JPG_max_y: 1596.03
DSC_8375.JPG_min_y: 14.1666
