5.237510892109510374e-01 -2.473129133863686824e-01 3.222395191322161168e+02
4.279574405526948011e-01 -1.940168451693151108e-01 1.152172222673604438e+03
2.848720713303001524e-04 -4.057589893358295552e-04 1.000000000000000000e+00
DSC_8289.JPG_max_x: 1116.74
DSC_8289.JPG_min_x: 448.055
DSC_8289.JPG_max_y: 1611.95
DSC_8289.JPG_min_y: 259.339
DSC_8448.JPG_max_x: 744.615
DSC_8448.JPG_min_x: 464.328
DSC_8448.JPG_max_y: 1977.2
DSC_8448.JPG_min_y: 1293.88
