3.429721537746549309e+00 4.892149675619005267e-01 -1.395313495547306957e+03
3.537972036642829388e-02 3.474224884738603247e+00 5.622586730987183756e+01
-2.837515382692552392e-05 8.753439068993129147e-04 1.000000000000000000e+00
DSC_8417.JPG_max_x: 815.1
DSC_8417.JPG_min_x: 445.76
DSC_8417.JPG_max_y: 552.099
DSC_8417.JPG_min_y: 28.447
DSC_8465.JPG_max_x: 1263.55
DSC_8465.JPG_min_x: 147.592
DSC_8465.JPG_max_y: 1375.86
DSC_8465.JPG_min_y: 179.435
