1.206903150369916800e+00 1.816870725054637870e-01 -4.265042528772103765e+02
4.350716267189205788e-02 1.140048369620388247e+00 -8.182882711156016740e+02
1.363531419566106650e-04 2.152207240695045928e-04 1.000000000000000000e+00
DSC_8324.JPG_max_x: 1323.16
DSC_8324.JPG_min_x: 156.389
DSC_8324.JPG_max_y: 1718.83
DSC_8324.JPG_min_y: 685.323
DSC_8443.JPG_max_x: 951.609
DSC_8443.JPG_min_x: 17.723
DSC_8443.JPG_max_y: 789.165
DSC_8443.JPG_min_y: 89.9984
