6.190556734582356668e+00 2.017076988732959819e+00 -4.692615732901214869e+03
6.068165292494643870e-01 3.829703693903260486e+00 2.878365601428465084e+02
3.431386134240129240e-03 5.204277481856787319e-04 9.999999999999998890e-01
DSC_8267.JPG_max_x: 1318.24
DSC_8267.JPG_min_x: 630.379
DSC_8267.JPG_max_y: 1259.61
DSC_8267.JPG_min_y: 103.057
DSC_8449.JPG_max_x: 901.689
DSC_8449.JPG_min_x: 78.5351
DSC_8449.JPG_max_y: 1152.33
DSC_8449.JPG_min_y: 288.93
