8.943225746927558895e-01 -1.010801278335809350e+00 3.928959245718195916e+02
1.485898840554055411e+00 -2.329371329664738699e+00 1.363107637569394910e+03
8.578617240768389787e-04 -1.658253738778026759e-03 1.000000000000000000e+00
DSC_8215.JPG_max_x: 1013.8
DSC_8215.JPG_min_x: 173.119
DSC_8215.JPG_max_y: 1081.15
DSC_8215.JPG_min_y: 271.33
DSC_8230.JPG_max_x: 953.916
DSC_8230.JPG_min_x: 334.166
DSC_8230.JPG_max_y: 1945.44
DSC_8230.JPG_min_y: 1403.64
