1.242869955379378721e+00 2.329492251805664327e-01 -7.549513293986910867e+02
-2.318474921402654265e-01 2.050518915400028064e+00 -1.861672504686032198e+03
-2.738991413343284920e-04 4.822454944453366315e-04 1.000000000000000000e+00
DSC_8230.JPG_max_x: 1241.14
DSC_8230.JPG_min_x: 786.401
DSC_8230.JPG_max_y: 1934.94
DSC_8230.JPG_min_y: 1047.24
DSC_8329.JPG_max_x: 851.246
DSC_8329.JPG_min_x: 376.74
DSC_8329.JPG_max_y: 1117.73
DSC_8329.JPG_min_y: 13.7676
