2.375782145587736949e+01 6.850553109943831487e+00 -6.483022652114411358e+03
1.535451222495657753e+01 4.341204386163118301e+01 -1.981587372364474277e+03
1.211402645796327837e-02 2.246443090143982954e-02 1.000000000000000000e+00
DSC_8397.JPG_max_x: 1303.61
DSC_8397.JPG_min_x: 305.513
DSC_8397.JPG_max_y: 528.318
DSC_8397.JPG_min_y: 78.83
DSC_8472.JPG_max_x: 1303.14
DSC_8472.JPG_min_x: 196.377
DSC_8472.JPG_max_y: 1732.86
DSC_8472.JPG_min_y: 1070.14
