-5.678554930385023347e+00 -1.912264405483494079e+00 5.348498345053303638e+03
-2.975437236313276390e+00 -5.572790354400359192e+00 5.748397804906691817e+03
-3.066830784994574975e-03 -1.672263780558121398e-03 1.000000000000000000e+00
DSC_8380.JPG_max_x: 1101.29
DSC_8380.JPG_min_x: 575.121
DSC_8380.JPG_max_y: 1733.13
DSC_8380.JPG_min_y: 1091.75
DSC_8444.JPG_max_x: 747.002
DSC_8444.JPG_min_x: 88.2445
DSC_8444.JPG_max_y: 1539.66
DSC_8444.JPG_min_y: 831.846
