2.305276358355736743e+00 -1.471331609962033826e-01 -7.908980274012772043e+02
-8.051956753857834881e-02 1.972747639672769226e+00 -1.184647799163765512e+03
-4.079699896272315045e-05 -3.073681145955999656e-04 9.999999999999998890e-01
DSC_8416.JPG_max_x: 788.221
DSC_8416.JPG_min_x: 420.35
DSC_8416.JPG_max_y: 1202.76
DSC_8416.JPG_min_y: 948.088
DSC_8464.JPG_max_x: 1305.76
DSC_8464.JPG_min_x: 24.1371
DSC_8464.JPG_max_y: 1880.57
DSC_8464.JPG_min_y: 929.68
