7.534746534394323181e-01 -2.008365066811348965e-02 2.077316037819433916e+02
-7.396008925298973302e-02 8.364930734574586024e-01 1.399301607610193798e+02
-9.139036562955704418e-05 2.580452656253206419e-06 1.000000000000000000e+00
DSC_8246.JPG_max_x: 1314.98
DSC_8246.JPG_min_x: 143.305
DSC_8246.JPG_max_y: 1866.3
DSC_8246.JPG_min_y: 333.59
DSC_8262.JPG_max_x: 1325.53
DSC_8262.JPG_min_x: 298.146
DSC_8262.JPG_max_y: 1762.44
DSC_8262.JPG_min_y: 394.144
