2.559665370160229547e-01 -3.704010668351385704e-01 9.155091112190457352e+02
2.410566400410913551e-02 6.832626579375269404e-01 4.537795290974894868e+01
-4.257737081611642619e-04 -2.764082778734716558e-05 1.000000000000000000e+00
DSC_8339.JPG_max_x: 657.54
DSC_8339.JPG_min_x: 78.4995
DSC_8339.JPG_max_y: 1269.09
DSC_8339.JPG_min_y: 203.435
DSC_8381.JPG_max_x: 1310.68
DSC_8381.JPG_min_x: 582.405
DSC_8381.JPG_max_y: 1061.45
DSC_8381.JPG_min_y: 218.471
