1.196503926320447109e+00 4.787272394138961107e-01 1.427999967001969935e+03
-2.349335772903060338e-01 3.287036453537827807e+00 -2.872913400525904763e+03
-1.165638977537492666e-03 9.560948737428787191e-04 9.999999999999998890e-01
DSC_8314.JPG_max_x: 420.311
DSC_8314.JPG_min_x: 17.942
DSC_8314.JPG_max_y: 1909.31
DSC_8314.JPG_min_y: 924.778
DSC_8439.JPG_max_x: 1305.36
DSC_8439.JPG_min_x: 845.581
DSC_8439.JPG_max_y: 1410.49
DSC_8439.JPG_min_y: 91.2186
