9.986867878835241630e-01 -2.839261813355182795e-01 4.440288750848272059e+01
-3.156325006964196683e-02 4.112809249542219159e-01 1.119695012985873518e+03
-3.476812030160223355e-05 -3.830900453787190589e-04 1.000000000000000000e+00
DSC_8399.JPG_max_x: 1081.92
DSC_8399.JPG_min_x: 337.299
DSC_8399.JPG_max_y: 623.228
DSC_8399.JPG_min_y: 10.147
DSC_8416.JPG_max_x: 1276.28
DSC_8416.JPG_min_x: 367.118
DSC_8416.JPG_max_y: 1853.62
DSC_8416.JPG_min_y: 1129.02
