-9.619883539299293185e-01 -2.842307540545712108e-01 8.986806384588902574e+02
-1.550478694190720041e-01 -1.257920996663082658e+00 1.228895608557774949e+03
-8.405621126377237941e-04 -6.523631457132266290e-04 1.000000000000000000e+00
DSC_8262.JPG_max_x: 1287.61
DSC_8262.JPG_min_x: 565.448
DSC_8262.JPG_max_y: 1450.1
DSC_8262.JPG_min_y: 895.001
DSC_8407.JPG_max_x: 678.587
DSC_8407.JPG_min_x: 21.399
DSC_8407.JPG_max_y: 1585.52
DSC_8407.JPG_min_y: 46.4541
