-1.517047293302476729e-01 -6.168463771323114131e-02 2.415920829532867629e+02
-1.069464070680231360e-01 -8.107309960351076761e-01 1.138771550289538709e+03
-3.641737738535012151e-04 -5.914460134401883359e-04 1.000000000000000000e+00
DSC_8196.JPG_max_x: 1314.1
DSC_8196.JPG_min_x: 523.302
DSC_8196.JPG_max_y: 1914.74
DSC_8196.JPG_min_y: 856.859
DSC_8377.JPG_max_x: 800.125
DSC_8377.JPG_min_x: 42.8343
DSC_8377.JPG_max_y: 1361.04
DSC_8377.JPG_min_y: 303.904
