7.488917332190150322e-01 2.900437343512817789e-01 3.264822523241865042e+02
-2.396109718069409644e-01 1.092413996216744732e+00 6.686820141841131715e+01
-1.803671182198203970e-04 2.426182941162696152e-04 1.000000000000000000e+00
DSC_8426.JPG_max_x: 962.268
DSC_8426.JPG_min_x: 51.6253
DSC_8426.JPG_max_y: 1979.58
DSC_8426.JPG_min_y: 689.777
DSC_8474.JPG_max_x: 1229.71
DSC_8474.JPG_min_x: 627.787
DSC_8474.JPG_max_y: 1525.63
DSC_8474.JPG_min_y: 661.267
