4.224758973547811380e-01 2.098210550499686189e-01 -1.116948725045350699e+02
-2.423190685752282525e-01 8.194869669444794225e-01 9.674062909325114390e+01
-2.957980969414134497e-04 1.621247226885566572e-04 1.000000000000000000e+00
DSC_8196.JPG_max_x: 1318.32
DSC_8196.JPG_min_x: 216.632
DSC_8196.JPG_max_y: 1575.4
DSC_8196.JPG_min_y: 609.058
DSC_8278.JPG_max_x: 891.751
DSC_8278.JPG_min_x: 131.377
DSC_8278.JPG_max_y: 1264.86
DSC_8278.JPG_min_y: 511.974
