1.129384849597364848e+00 1.084646251352791718e-01 -7.237596715457600283e+01
9.761249489949357094e-02 1.341956905174132908e+00 -9.621697704332179057e+01
3.850335107249492142e-05 2.109865035704798595e-04 1.000000000000000000e+00
DSC_8338.JPG_max_x: 1324.51
DSC_8338.JPG_min_x: 11.6771
DSC_8338.JPG_max_y: 1906.57
DSC_8338.JPG_min_y: 915.269
DSC_8412.JPG_max_x: 1155.27
DSC_8412.JPG_min_x: 80.2526
DSC_8412.JPG_max_y: 1768.11
DSC_8412.JPG_min_y: 980.311
