3.276517169877591895e-01 -1.198764346611208981e-01 9.065878286630866114e+02
-4.920731020111840937e-01 9.288210737986217769e-01 2.426075333602554096e+01
-5.251919600858835635e-04 1.619854749121249813e-05 1.000000000000000000e+00
DSC_8244.JPG_max_x: 620.626
DSC_8244.JPG_min_x: 23.0961
DSC_8244.JPG_max_y: 1673.28
DSC_8244.JPG_min_y: 561.933
DSC_8324.JPG_max_x: 1323.16
DSC_8324.JPG_min_x: 736.035
DSC_8324.JPG_max_y: 1755.17
DSC_8324.JPG_min_y: 464.597
