1.455255733060889511e+00 -9.657034437902102531e-02 -9.047376456289897533e+02
-8.203599101855794939e-02 1.561788125415449535e+00 -1.455710454075404527e+02
-1.264988224665902295e-04 -5.104536802598003532e-05 1.000000000000000000e+00
DSC_8262.JPG_max_x: 1327.75
DSC_8262.JPG_min_x: 721.892
DSC_8262.JPG_max_y: 995.047
DSC_8262.JPG_min_y: 569.381
DSC_8422.JPG_max_x: 1199.67
DSC_8422.JPG_min_x: 65.6245
DSC_8422.JPG_max_y: 1610.17
DSC_8422.JPG_min_y: 783.952
