2.901930759991084297e-01 2.611503075713084154e-02 1.154483439323943912e+03
-2.891170888079260259e-01 7.285644282526740900e-01 2.268141714424420741e+02
-3.243647889271381360e-04 5.274012935015995036e-05 1.000000000000000000e+00
DSC_8330.JPG_max_x: 316.49
DSC_8330.JPG_min_x: 12.5635
DSC_8330.JPG_max_y: 1789.78
DSC_8330.JPG_min_y: 779.196
DSC_8246.JPG_max_x: 1327.95
DSC_8246.JPG_min_x: 1119.61
DSC_8246.JPG_max_y: 1426.61
DSC_8246.JPG_min_y: 761.965
