9.854894824696474043e-01 1.272628802186126784e-01 -7.494988193105365326e+02
-6.168155265920516328e-02 1.093528222896515301e+00 5.047057326650116238e+01
7.131899856038922611e-06 1.215136017833982868e-04 9.999999999999998890e-01
DSC_8329.JPG_max_x: 1307.51
DSC_8329.JPG_min_x: 721.331
DSC_8329.JPG_max_y: 1548.65
DSC_8329.JPG_min_y: 243.657
DSC_8439.JPG_max_x: 600.703
DSC_8439.JPG_min_x: 11.0149
DSC_8439.JPG_max_y: 1416.28
DSC_8439.JPG_min_y: 276.026
