1.692506886156884549e-01 1.320049003172846236e-01 1.016282432257417668e+03
-8.715436411995318711e-01 1.132873965646767456e+00 3.243873574375068074e+02
-6.929999284858076852e-04 1.748042742707743612e-04 1.000000000000000000e+00
DSC_8352.JPG_max_x: 356.405
DSC_8352.JPG_min_x: 19.0363
DSC_8352.JPG_max_y: 1500.64
DSC_8352.JPG_min_y: 782.959
DSC_8378.JPG_max_x: 1286.04
DSC_8378.JPG_min_x: 979.549
DSC_8378.JPG_max_y: 1629.72
DSC_8378.JPG_min_y: 1068.33
