-2.145539044009354246e+00 -1.113317795794108278e+00 2.974771140937738437e+03
-3.973379511346741833e-02 -2.178497929282828149e+00 2.191381134384367215e+03
-1.272968793628476928e-03 -1.537537030782670745e-03 9.999999999999998890e-01
DSC_8222.JPG_max_x: 1182.36
DSC_8222.JPG_min_x: 747.165
DSC_8222.JPG_max_y: 1783.66
DSC_8222.JPG_min_y: 1108.56
DSC_8429.JPG_max_x: 402.895
DSC_8429.JPG_min_x: 2.4934
DSC_8429.JPG_max_y: 641.98
DSC_8429.JPG_min_y: 126.243
