9.608068605115420713e-01 -1.028059775997462566e+00 1.080400844241522918e+03
2.613922076042876075e-01 1.495224787291273005e-01 -2.038243811861583481e+02
7.763636604720009502e-04 -8.227267210320210597e-04 1.000000000000000000e+00
DSC_8366.JPG_max_x: 971.649
DSC_8366.JPG_min_x: 264.807
DSC_8366.JPG_max_y: 1579.58
DSC_8366.JPG_min_y: 1242.76
DSC_8447.JPG_max_x: 980.718
DSC_8447.JPG_min_x: 266.369
DSC_8447.JPG_max_y: 719.732
DSC_8447.JPG_min_y: 285.212
