2.510517525668737315e-01 -9.311831872619333317e-02 6.235455347524475656e+02
-2.605567977253257089e-02 5.567721379170288420e-01 4.910052783685838449e+02
-5.919672167988711519e-05 -1.135409650068394118e-04 1.000000000000000000e+00
DSC_8330.JPG_max_x: 1203.3
DSC_8330.JPG_min_x: 153.721
DSC_8330.JPG_max_y: 1759.19
DSC_8330.JPG_min_y: 648.135
DSC_8458.JPG_max_x: 980.856
DSC_8458.JPG_min_x: 627.744
DSC_8458.JPG_max_y: 1887.4
DSC_8458.JPG_min_y: 945.142
