7.870676823447712023e-01 2.245910200066310661e-02 8.488507538600302382e+01
1.598541018910503222e-02 7.694053288768306631e-01 1.680457715053566758e+01
1.744478217328527614e-04 1.671594668026861558e-05 1.000000000000000000e+00
DSC_8425.JPG_max_x: 1236.47
DSC_8425.JPG_min_x: 30.5353
DSC_8425.JPG_max_y: 1844.84
DSC_8425.JPG_min_y: 19.2135
DSC_8477.JPG_max_x: 881.735
DSC_8477.JPG_min_x: 118.954
DSC_8477.JPG_max_y: 1161.98
DSC_8477.JPG_min_y: 37.8983
