2.125763206579962539e+00 7.232132112908321586e-01 -1.165951578353742889e+03
-5.222878123158332386e-02 2.890654137253845679e+00 -3.152166377115245723e+03
-1.562368119581763126e-04 9.171210852621765677e-04 9.999999999999998890e-01
DSC_8248.JPG_max_x: 547.241
DSC_8248.JPG_min_x: 75.5193
DSC_8248.JPG_max_y: 1708.7
DSC_8248.JPG_min_y: 1111.55
DSC_8265.JPG_max_x: 466.854
DSC_8265.JPG_min_x: 6.58745
DSC_8265.JPG_max_y: 705.209
DSC_8265.JPG_min_y: 20.1876
