5.731613404445644600e-01 2.144952260256278997e-01 3.516164301145790319e+02
-2.951147823949677035e-02 8.040034900581650712e-01 2.264297609454168025e+01
-1.025005426879468381e-04 3.425363996635010259e-04 1.000000000000000000e+00
DSC_8257.JPG_max_x: 928.632
DSC_8257.JPG_min_x: 27.7745
DSC_8257.JPG_max_y: 1049.86
DSC_8257.JPG_min_y: 269.325
DSC_8453.JPG_max_x: 927.265
DSC_8453.JPG_min_x: 426.16
DSC_8453.JPG_max_y: 724.993
DSC_8453.JPG_min_y: 218.396
