7.498860379528818898e-01 1.847019980223437996e-01 1.113173435283899835e+03
-2.168715385086849023e-01 1.783834025611862995e+00 -1.273629316285073173e+03
-6.177595542271853641e-04 4.033946606410312541e-04 1.000000000000000000e+00
DSC_8298.JPG_max_x: 499.006
DSC_8298.JPG_min_x: 13.7562
DSC_8298.JPG_max_y: 1871.47
DSC_8298.JPG_min_y: 788.187
DSC_8457.JPG_max_x: 1321.26
DSC_8457.JPG_min_x: 923.055
DSC_8457.JPG_max_y: 1319.03
DSC_8457.JPG_min_y: 58.6416
