1.058102701857693839e+00 -1.673396799602874518e-01 -4.943927756700141884e+01
2.296355363232571722e-02 9.616637241350676213e-01 2.169278161595783558e+02
-3.169535140353340187e-05 -1.276656949773714736e-04 1.000000000000000000e+00
DSC_8263.JPG_max_x: 1237.84
DSC_8263.JPG_min_x: 196.986
DSC_8263.JPG_max_y: 842.024
DSC_8263.JPG_min_y: 158.49
DSC_8313.JPG_max_x: 1314.44
DSC_8313.JPG_min_x: 116.454
DSC_8313.JPG_max_y: 1220.13
DSC_8313.JPG_min_y: 393.414
