4.701142624411319026e+00 1.756190411207962931e+00 -3.219596217525344855e+03
-3.422316594678798674e-01 5.364747904824129776e+00 -4.782696215677003693e+02
2.360693694440961846e-03 7.673698850104901902e-04 9.999999999999998890e-01
DSC_8433.JPG_max_x: 1258.21
DSC_8433.JPG_min_x: 541.338
DSC_8433.JPG_max_y: 829.577
DSC_8433.JPG_min_y: 176.953
DSC_8471.JPG_max_x: 746.052
DSC_8471.JPG_min_x: 32.2248
DSC_8471.JPG_max_y: 1140.59
DSC_8471.JPG_min_y: 74.3332
