-4.665417292736070976e-01 -3.509188998017819805e-01 5.163518891199414611e+02
-1.144880093316510861e+00 -5.588102838249340287e-01 1.030041380216119933e+03
-1.446586342589889539e-03 -6.117337347274989670e-05 1.000000000000000000e+00
DSC_8379.JPG_max_x: 1043.98
DSC_8379.JPG_min_x: 335.212
DSC_8379.JPG_max_y: 932.346
DSC_8379.JPG_min_y: 163.872
DSC_8415.JPG_max_x: 578.4
DSC_8415.JPG_min_x: 17.078
DSC_8415.JPG_max_y: 1201.62
DSC_8415.JPG_min_y: 618.191
