9.162847727658924857e-01 -2.777773177354082579e-01 2.689697110433588705e+02
-1.171249844183051420e-01 7.191039000757387667e-01 1.091697252280862358e+03
-1.506808538563213012e-04 -1.530352148040593199e-04 1.000000000000000000e+00
DSC_8297.JPG_max_x: 947.444
DSC_8297.JPG_min_x: 56.7834
DSC_8297.JPG_max_y: 447.017
DSC_8297.JPG_min_y: 121.657
DSC_8310.JPG_max_x: 1283.92
DSC_8310.JPG_min_x: 250.105
DSC_8310.JPG_max_y: 1655.1
DSC_8310.JPG_min_y: 1210.57
