-3.382157527174131650e-01 -5.773105722196651968e-01 6.235253380273062476e+02
-9.931039845068273531e-01 -8.547176309789067394e-01 1.273573037213858470e+03
-5.396869105795630821e-04 -7.645452310210336215e-04 1.000000000000000000e+00
DSC_8333.JPG_max_x: 1023.79
DSC_8333.JPG_min_x: 64.34
DSC_8333.JPG_max_y: 1472.93
DSC_8333.JPG_min_y: 64.6425
DSC_8348.JPG_max_x: 1253.52
DSC_8348.JPG_min_x: 154.574
DSC_8348.JPG_max_y: 1777.33
DSC_8348.JPG_min_y: 900.774
