-3.203167555903445596e-01 -3.561187703188389148e-02 2.053877353953432987e+02
-9.739207948158222772e-01 -9.143935305444695905e-01 1.063071744272087926e+03
-1.225297642873567072e-03 -6.120697142758410808e-04 9.999999999999998890e-01
DSC_8349.JPG_max_x: 816.049
DSC_8349.JPG_min_x: 186.236
DSC_8349.JPG_max_y: 1417.28
DSC_8349.JPG_min_y: 951.943
DSC_8365.JPG_max_x: 569.77
DSC_8365.JPG_min_x: 20.0422
DSC_8365.JPG_max_y: 1389.22
DSC_8365.JPG_min_y: 51.8307
