-3.011478942171666784e+00 1.477630979841339842e+00 9.312974187372884671e+02
-4.171531234223780693e+00 3.194099215952355131e+00 -3.011029011766236181e+02
-3.212944109912765651e-03 1.180035900119910750e-03 9.999999999999998890e-01
DSC_8292.JPG_max_x: 1015.23
DSC_8292.JPG_min_x: 41.0651
DSC_8292.JPG_max_y: 1759.04
DSC_8292.JPG_min_y: 1037.01
DSC_8470.JPG_max_x: 1330.79
DSC_8470.JPG_min_x: 668.116
DSC_8470.JPG_max_y: 1946.9
DSC_8470.JPG_min_y: 1044.92
