-6.769681370596367653e-01 -4.518954421180171321e-01 6.892410694954603514e+02
-2.027718854057876108e+00 -7.687405112862566448e-01 1.803821107610695663e+03
-1.161466854530526739e-03 -3.300542527167599346e-04 1.000000000000000000e+00
DSC_8255.JPG_max_x: 1225.08
DSC_8255.JPG_min_x: 199.208
DSC_8255.JPG_max_y: 746.796
DSC_8255.JPG_min_y: 161.647
DSC_8256.JPG_max_x: 580.374
DSC_8256.JPG_min_x: 92.5806
DSC_8256.JPG_max_y: 1982.18
DSC_8256.JPG_min_y: 1636.85
