-6.988206787797256458e-01 -7.535259276795490679e-01 1.446994757579792349e+03
-1.134303194641570096e-02 -8.580942599963617967e-01 9.249816851587129349e+02
-3.499399924946924542e-04 -8.120392930062778460e-04 1.000000000000000000e+00
DSC_8200.JPG_max_x: 1293.01
DSC_8200.JPG_min_x: 599.383
DSC_8200.JPG_max_y: 1454.26
DSC_8200.JPG_min_y: 1137.21
DSC_8337.JPG_max_x: 865.868
DSC_8337.JPG_min_x: 86.7193
DSC_8337.JPG_max_y: 803.806
DSC_8337.JPG_min_y: 192.887
