6.107160157910057618e-01 -2.130351894320932638e-01 2.531160762780348819e+02
1.678294873105305451e-01 8.383954977415232490e-02 1.093718404212317182e+03
1.178216447512630356e-04 -3.194116398625441024e-04 1.000000000000000000e+00
DSC_8335.JPG_max_x: 1283.2
DSC_8335.JPG_min_x: 263.515
DSC_8335.JPG_max_y: 968.478
DSC_8335.JPG_min_y: 9.05744
DSC_8398.JPG_max_x: 962.334
DSC_8398.JPG_min_x: 396.103
DSC_8398.JPG_max_y: 1652.73
DSC_8398.JPG_min_y: 1105.77
