-2.554444278269758506e-01 -4.432069690979373311e-01 5.053135202370184516e+02
-8.561535728909108744e-01 -1.486678746894636527e+00 1.689541295321757843e+03
-5.104593977878440049e-04 -8.663195063344051195e-04 1.000000000000000000e+00
DSC_8235.JPG_max_x: 1304.8
DSC_8235.JPG_min_x: 135.024
DSC_8235.JPG_max_y: 1023.45
DSC_8235.JPG_min_y: 361.568
DSC_8364.JPG_max_x: 663.935
DSC_8364.JPG_min_x: 437.02
DSC_8364.JPG_max_y: 1830.78
DSC_8364.JPG_min_y: 1174.61
