2.395475960758359779e+00 9.610118181164737372e-01 -1.984798308652692413e+03
-3.045766332946529542e-01 1.516912552584701368e+00 1.309261703359009971e+03
1.026042186275318751e-03 -3.805549672186802723e-04 1.000000000000000000e+00
DSC_8233.JPG_max_x: 1308.05
DSC_8233.JPG_min_x: 747.506
DSC_8233.JPG_max_y: 1058.71
DSC_8233.JPG_min_y: 40.8216
DSC_8419.JPG_max_x: 1067.88
DSC_8419.JPG_min_x: 32.1794
DSC_8419.JPG_max_y: 1510.1
DSC_8419.JPG_min_y: 529.464
