5.020373937359748906e-01 -2.217142422273534197e-01 8.571257907515924899e+02
-2.199546511699700113e-02 7.038808331931115658e-01 2.370483910803525873e+02
-1.708989027370512654e-04 2.317430027596333018e-05 1.000000000000000000e+00
DSC_8210.JPG_max_x: 888.612
DSC_8210.JPG_min_x: 50.1061
DSC_8210.JPG_max_y: 1875.6
DSC_8210.JPG_min_y: 914.975
DSC_8354.JPG_max_x: 1192.78
DSC_8354.JPG_min_x: 461.274
DSC_8354.JPG_max_y: 1609.21
DSC_8354.JPG_min_y: 927.621
