2.023847426468718957e+00 3.684722348521365237e-02 6.744966242590651291e+02
1.420345058090985546e+00 8.850799124980590626e-01 6.943215051424270996e+02
8.341817115808683675e-04 -2.839553982981360376e-05 1.000000000000000000e+00
DSC_8287.JPG_max_x: 683.34
DSC_8287.JPG_min_x: 228.254
DSC_8287.JPG_max_y: 1264.03
DSC_8287.JPG_min_y: 130.309
DSC_8290.JPG_max_x: 1311.26
DSC_8290.JPG_min_x: 1009.86
DSC_8290.JPG_max_y: 1820.05
DSC_8290.JPG_min_y: 1099.92
