1.048822602050900166e+00 3.194062943123873038e-02 -2.831040625280168115e+02
-2.779933866353323860e-02 1.109758434448865794e+00 -1.796722062482330955e+02
3.112582407518504153e-05 6.234126854587938654e-05 1.000000000000000000e+00
DSC_8367.JPG_max_x: 1324.35
DSC_8367.JPG_min_x: 371.046
DSC_8367.JPG_max_y: 1218.5
DSC_8367.JPG_min_y: 250.836
DSC_8381.JPG_max_x: 1052.24
DSC_8381.JPG_min_x: 136.908
DSC_8381.JPG_max_y: 1061.45
DSC_8381.JPG_min_y: 76.093
