-2.067736800940000175e-01 -1.509809437243591068e-01 2.773956160613147404e+02
-3.286639245335518655e-01 -1.369625943557053693e+00 1.644108448162803597e+03
-2.597349266252618359e-04 -8.377892712000483376e-04 9.999999999999998890e-01
DSC_8270.JPG_max_x: 1272.11
DSC_8270.JPG_min_x: 477.292
DSC_8270.JPG_max_y: 1705.63
DSC_8270.JPG_min_y: 1156.19
DSC_8472.JPG_max_x: 972.556
DSC_8472.JPG_min_x: 70.1452
DSC_8472.JPG_max_y: 1537.67
DSC_8472.JPG_min_y: 1009.8
