3.784236876938376626e-01 -6.474175499532095479e-01 9.112838968372529962e+02
8.246657820240063663e-02 -2.355114384290165619e-01 9.004823861554388031e+02
5.783332499438130768e-05 -5.293387926867141940e-04 1.000000000000000000e+00
DSC_8218.JPG_max_x: 1228.12
DSC_8218.JPG_min_x: 41.7302
DSC_8218.JPG_max_y: 1274.68
DSC_8218.JPG_min_y: 759.58
DSC_8400.JPG_max_x: 1330.86
DSC_8400.JPG_min_x: 330.127
DSC_8400.JPG_max_y: 1824.87
DSC_8400.JPG_min_y: 1195.41
