6.902868383581926004e-01 -8.227173336037039986e-02 -3.689181378684916801e+00
8.776545707207789038e-02 7.555119865277318825e-01 1.006646502946394548e+03
1.564834623635847553e-05 3.801553346791492437e-05 1.000000000000000000e+00
DSC_8327.JPG_max_x: 1288.58
DSC_8327.JPG_min_x: 133.263
DSC_8327.JPG_max_y: 1087.92
DSC_8327.JPG_min_y: 17.1565
DSC_8476.JPG_max_x: 737.15
DSC_8476.JPG_min_x: 27.0856
DSC_8476.JPG_max_y: 1823.66
DSC_8476.JPG_min_y: 1049.44
