1.726800392832111397e+00 2.654769064257411215e-01 -4.903172809227393714e+02
1.510844904751688922e-01 2.255165990830649392e+00 1.215868840376764695e+02
-1.486129449552121482e-04 6.317302220445081577e-04 1.000000000000000000e+00
DSC_8221.JPG_max_x: 970.616
DSC_8221.JPG_min_x: 252.475
DSC_8221.JPG_max_y: 717.816
DSC_8221.JPG_min_y: 90.5053
DSC_8253.JPG_max_x: 1277.15
DSC_8253.JPG_min_x: 9.23827
DSC_8253.JPG_max_y: 1267.72
DSC_8253.JPG_min_y: 407.493
