8.195952639302707121e-01 1.223339241351300288e-01 5.019368632129044840e+02
-1.816492530492646029e-01 1.291814348495420317e+00 3.121686193075397568e+02
-4.054649998865825678e-04 3.182482412976814679e-04 1.000000000000000000e+00
DSC_8201.JPG_max_x: 523.134
DSC_8201.JPG_min_x: 159.105
DSC_8201.JPG_max_y: 462.413
DSC_8201.JPG_min_y: 171.044
DSC_8417.JPG_max_x: 1107.52
DSC_8417.JPG_min_x: 656.999
DSC_8417.JPG_max_y: 840.75
DSC_8417.JPG_min_y: 517.3
