1.196383287599085632e+00 -9.564412002551771208e-02 5.585307489174755347e+02
3.963625024807926889e-01 8.222477875266080982e-01 3.405953829368141328e+02
3.085257407938700718e-04 -9.243888889632603714e-05 1.000000000000000000e+00
DSC_8218.JPG_max_x: 497.108
DSC_8218.JPG_min_x: 21.8372
DSC_8218.JPG_max_y: 1274.68
DSC_8218.JPG_min_y: 581.143
DSC_8376.JPG_max_x: 969.037
DSC_8376.JPG_min_x: 541.774
DSC_8376.JPG_max_y: 1563.13
DSC_8376.JPG_min_y: 908.696
