-1.706373762725972298e-01 -1.621735043467734672e-01 3.806888839898730339e+02
-1.475747837767995563e-01 -1.391168208463092471e-01 3.273609781800243468e+02
-4.620709198893858819e-04 -4.185505069503186472e-04 1.000000000000000000e+00
DSC_8238.JPG_max_x: 1306.51
DSC_8238.JPG_min_x: 600.275
DSC_8238.JPG_max_y: 1731.76
DSC_8238.JPG_min_y: 930.591
DSC_8323.JPG_max_x: 1197.51
DSC_8323.JPG_min_x: 46.6363
DSC_8323.JPG_max_y: 936.0
DSC_8323.JPG_min_y: 202.572
