5.129653535852487956e+00 -2.248664937313378243e+00 4.445194581961384870e+02
7.675301234481683110e+00 -4.703238773474851087e+00 2.224911124054161064e+03
4.808738787357480331e-03 -2.617297192015278877e-03 1.000000000000000000e+00
DSC_8315.JPG_max_x: 485.495
DSC_8315.JPG_min_x: 336.083
DSC_8315.JPG_max_y: 1577.14
DSC_8315.JPG_min_y: 520.573
DSC_8477.JPG_max_x: 1159.23
DSC_8477.JPG_min_x: 739.802
DSC_8477.JPG_max_y: 1854.79
DSC_8477.JPG_min_y: 1514.38
