-3.279552970279885904e-01 -2.438634801881598563e-02 3.977248358942143796e+02
-4.264837580868501843e-01 -1.683326358263310674e-01 6.837233462591372017e+02
-7.697923585527232564e-04 -9.732080049952316421e-05 1.000000000000000000e+00
DSC_8298.JPG_max_x: 1318.37
DSC_8298.JPG_min_x: 1095.64
DSC_8298.JPG_max_y: 1227.71
DSC_8298.JPG_min_y: 710.649
DSC_8437.JPG_max_x: 632.124
DSC_8437.JPG_min_x: 126.582
DSC_8437.JPG_max_y: 1247.16
DSC_8437.JPG_min_y: 112.694
