6.232783917098345672e-01 -1.414287842008548957e+00 1.160781070031231820e+03
-2.364721943158417869e-03 -1.730247294703987082e+00 1.592069474503682159e+03
6.227377326722702906e-05 -1.152004593547297125e-03 1.000000000000000000e+00
DSC_8355.JPG_max_x: 1005.97
DSC_8355.JPG_min_x: 8.92951
DSC_8355.JPG_max_y: 1484.25
DSC_8355.JPG_min_y: 388.663
DSC_8380.JPG_max_x: 1328.64
DSC_8380.JPG_min_x: 473.021
DSC_8380.JPG_max_y: 1767.53
DSC_8380.JPG_min_y: 1543.14
