-3.821502397322033007e-01 -2.118123334847550956e-02 4.375432388060285689e+02
-1.833996502512113214e+00 2.984005058325225890e-02 1.779691191368890259e+03
-1.117154327509419951e-03 1.865260027427855546e-04 1.000000000000000000e+00
DSC_8253.JPG_max_x: 1307.79
DSC_8253.JPG_min_x: 929.539
DSC_8253.JPG_max_y: 741.468
DSC_8253.JPG_min_y: 490.267
DSC_8254.JPG_max_x: 771.864
DSC_8254.JPG_min_x: 95.9133
DSC_8254.JPG_max_y: 1893.18
DSC_8254.JPG_min_y: 1081.92
