1.572835151674912311e+02 -6.618780599637865691e+01 8.838684613176235871e+03
1.269830262496048050e+02 -3.140021229197914110e+01 -1.535091492628879678e+03
1.651826062888936686e-01 -5.748554426239286391e-02 1.000000000000000000e+00
DSC_8363.JPG_max_x: 519.943
DSC_8363.JPG_min_x: 65.3233
DSC_8363.JPG_max_y: 1173.81
DSC_8363.JPG_min_y: 327.283
DSC_8421.JPG_max_x: 1150.77
DSC_8421.JPG_min_x: 315.596
DSC_8421.JPG_max_y: 1794.8
DSC_8421.JPG_min_y: 388.783
