-5.975964258891797165e+00 4.695270368656553117e+00 1.387142741159793104e+03
-5.572267089711449906e+00 5.896499061456286661e+00 -5.325885407787319309e+03
-8.988802583770046789e-03 3.986306378547845204e-03 9.999999999999998890e-01
DSC_8438.JPG_max_x: 1226.32
DSC_8438.JPG_min_x: 8.87726
DSC_8438.JPG_max_y: 1412.34
DSC_8438.JPG_min_y: 969.21
DSC_8457.JPG_max_x: 1313.56
DSC_8457.JPG_min_x: 93.172
DSC_8457.JPG_max_y: 984.773
DSC_8457.JPG_min_y: 19.2622
