-1.836011450491452923e-01 -5.164366054557576469e-01 7.057338223899959075e+02
-6.011289031933671895e-02 -5.816794013688810772e-01 6.686775458421672056e+02
-1.176609588655720614e-04 -8.669360758821253532e-04 1.000000000000000000e+00
DSC_8274.JPG_max_x: 1223.32
DSC_8274.JPG_min_x: 481.683
DSC_8274.JPG_max_y: 1414.89
DSC_8274.JPG_min_y: 1060.89
DSC_8309.JPG_max_x: 1193.48
DSC_8309.JPG_min_x: 85.2325
DSC_8309.JPG_max_y: 800.048
DSC_8309.JPG_min_y: 354.146
