1.044664051880128008e+00 -1.478876709152775470e-01 -1.292014952482631713e+02
-1.093412273410487995e-01 8.340903146682818736e-01 2.102117565430863522e+02
-1.759087176204562604e-04 -1.614996182236121754e-04 1.000000000000000000e+00
DSC_8298.JPG_max_x: 1076.16
DSC_8298.JPG_min_x: 302.512
DSC_8298.JPG_max_y: 1196.09
DSC_8298.JPG_min_y: 372.877
DSC_8438.JPG_max_x: 1315.06
DSC_8438.JPG_min_x: 70.0452
DSC_8438.JPG_max_y: 1748.66
DSC_8438.JPG_min_y: 487.224
