1.504612983940829318e+00 2.074226357509335594e-01 2.977509854440605181e+02
-1.086226253038646561e-01 1.654177656163044574e+00 -7.733484587090608784e+02
-1.449722363183891403e-04 3.682581627791667973e-05 1.000000000000000000e+00
DSC_8222.JPG_max_x: 479.361
DSC_8222.JPG_min_x: 105.559
DSC_8222.JPG_max_y: 1487.05
DSC_8222.JPG_min_y: 1084.17
DSC_8254.JPG_max_x: 1307.71
DSC_8254.JPG_min_x: 682.928
DSC_8254.JPG_max_y: 1659.92
DSC_8254.JPG_min_y: 1007.19
