9.097434773025409038e-01 8.854636900993063942e-03 -1.094237710704642978e+02
1.170607443053129325e-02 8.664404364407680692e-01 2.460058882361229848e+01
-1.378093024727172201e-05 -9.363900357956132231e-06 1.000000000000000000e+00
DSC_8261.JPG_max_x: 1057.33
DSC_8261.JPG_min_x: 134.934
DSC_8261.JPG_max_y: 1104.23
DSC_8261.JPG_min_y: 13.9938
DSC_8277.JPG_max_x: 856.787
DSC_8277.JPG_min_x: 14.7205
DSC_8277.JPG_max_y: 995.32
DSC_8277.JPG_min_y: 42.6313
