1.599677509612317250e+00 1.363130874898751121e-01 -1.764748605513867005e+03
6.959597310079872479e-01 4.793464952600434148e-01 1.048453896201028329e+03
7.388336631276573238e-04 -6.702050226103068538e-04 1.000000000000000000e+00
DSC_8323.JPG_max_x: 1331.12
DSC_8323.JPG_min_x: 1073.09
DSC_8323.JPG_max_y: 775.63
DSC_8323.JPG_min_y: 336.133
DSC_8324.JPG_max_x: 273.551
DSC_8324.JPG_min_x: 10.198
DSC_8324.JPG_max_y: 1653.1
DSC_8324.JPG_min_y: 1254.75
