1.257781645529170156e+00 3.634124057194596663e-02 -4.909250366910017078e+02
9.468591914088524131e-02 1.158219978625254942e+00 -1.768333409274635244e+02
3.874646437267299228e-04 4.429867012506637420e-05 1.000000000000000000e+00
DSC_8341.JPG_max_x: 1197.25
DSC_8341.JPG_min_x: 486.146
DSC_8341.JPG_max_y: 1284.36
DSC_8341.JPG_min_y: 127.488
DSC_8411.JPG_max_x: 668.59
DSC_8411.JPG_min_x: 114.874
DSC_8411.JPG_max_y: 1048.73
DSC_8411.JPG_min_y: 36.4815
