8.974398729999395474e-01 -4.436055914126570132e-02 4.587880404147838362e+02
1.460938463229922712e-01 6.444461996855302965e-01 4.691810358724104049e+02
1.336615278962960190e-04 -9.463369293419271857e-05 1.000000000000000000e+00
DSC_8236.JPG_max_x: 1119.48
DSC_8236.JPG_min_x: 4.53003
DSC_8236.JPG_max_y: 1643.15
DSC_8236.JPG_min_y: 650.339
DSC_8416.JPG_max_x: 1319.09
DSC_8416.JPG_min_x: 467.742
DSC_8416.JPG_max_y: 1806.47
DSC_8416.JPG_min_y: 953.854
