-2.160052845254643583e-01 4.439726676005488482e-02 2.369132196799175745e+02
-9.580660237726617012e-01 1.728076825938920646e-01 1.080377950715996803e+03
-7.834938923225478980e-04 8.299691618331851634e-07 1.000000000000000000e+00
DSC_8218.JPG_max_x: 1308.53
DSC_8218.JPG_min_x: 373.26
DSC_8218.JPG_max_y: 971.578
DSC_8218.JPG_min_y: 764.395
DSC_8464.JPG_max_x: 687.941
DSC_8464.JPG_min_x: 24.1371
DSC_8464.JPG_max_y: 1892.27
DSC_8464.JPG_min_y: 1084.72
