9.197301063338170213e-01 -2.782572529385545224e-01 6.764607108561163784e+01
1.503353425274226666e-03 2.893478031448612486e-01 1.224359395466804472e+03
-6.009467595176907676e-05 -4.352359911301375596e-04 1.000000000000000000e+00
DSC_8201.JPG_max_x: 836.152
DSC_8201.JPG_min_x: 165.974
DSC_8201.JPG_max_y: 340.645
DSC_8201.JPG_min_y: 96.3623
DSC_8220.JPG_max_x: 886.532
DSC_8220.JPG_min_x: 169.048
DSC_8220.JPG_max_y: 1590.41
DSC_8220.JPG_min_y: 1363.06
