1.485269699515146868e+00 8.884149867245477727e-01 -1.118814394106997952e+03
3.594576816591738555e-01 1.187980931781995153e+00 1.056559697026836062e+02
1.133790447602380696e-03 4.999107086759104786e-05 1.000000000000000000e+00
DSC_8315.JPG_max_x: 869.169
DSC_8315.JPG_min_x: 123.106
DSC_8315.JPG_max_y: 1706.23
DSC_8315.JPG_min_y: 374.245
DSC_8349.JPG_max_x: 816.049
DSC_8349.JPG_min_x: 16.7805
DSC_8349.JPG_max_y: 1363.06
DSC_8349.JPG_min_y: 439.251
