3.657927211938838408e-01 -5.267896866652407306e-01 9.248527599098234759e+02
-2.371817179787171770e-01 5.349689242335265993e-01 1.160697233991905478e+03
-3.086830378898524144e-04 9.291156259483432110e-06 9.999999999999998890e-01
DSC_8227.JPG_max_x: 910.514
DSC_8227.JPG_min_x: 49.5655
DSC_8227.JPG_max_y: 1575.55
DSC_8227.JPG_min_y: 268.345
DSC_8338.JPG_max_x: 1312.49
DSC_8338.JPG_min_x: 113.468
DSC_8338.JPG_max_y: 1975.14
DSC_8338.JPG_min_y: 1344.77
