1.053530743695722638e+00 -2.649713531538826494e-01 2.637201183208921407e+01
5.603162898460028671e-03 5.389367675563419002e-01 9.976960401965385472e+02
-1.091618262424735252e-05 -3.243515220038181127e-04 1.000000000000000000e+00
DSC_8433.JPG_max_x: 1163.91
DSC_8433.JPG_min_x: 58.9284
DSC_8433.JPG_max_y: 817.827
DSC_8433.JPG_min_y: 43.8754
DSC_8448.JPG_max_x: 1296.34
DSC_8448.JPG_min_x: 27.1804
DSC_8448.JPG_max_y: 1989.33
DSC_8448.JPG_min_y: 1050.0
