6.282158782422642140e-01 -7.459024765488496411e-02 -2.892724287563419807e+02
6.988439633148023529e-03 6.683096366793764842e-01 3.649062953033231906e+02
-5.313958305543910134e-05 -9.903680357929703555e-05 1.000000000000000000e+00
DSC_8312.JPG_max_x: 1303.05
DSC_8312.JPG_min_x: 634.064
DSC_8312.JPG_max_y: 1311.96
DSC_8312.JPG_min_y: 435.805
DSC_8458.JPG_max_x: 579.276
DSC_8458.JPG_min_x: 43.1352
DSC_8458.JPG_max_y: 1502.16
DSC_8458.JPG_min_y: 708.612
