8.730068866442651787e-01 -3.027456699679190955e+00 1.608342299797086298e+03
3.282076809322595601e+00 -5.751068416118664040e+00 2.435592322788985257e+03
3.051432597295964614e-03 -4.026490129495057663e-03 1.000000000000000000e+00
DSC_8208.JPG_max_x: 1247.03
DSC_8208.JPG_min_x: 22.5411
DSC_8208.JPG_max_y: 1873.66
DSC_8208.JPG_min_y: 817.461
DSC_8428.JPG_max_x: 1096.04
DSC_8428.JPG_min_x: 206.432
DSC_8428.JPG_max_y: 1506.65
DSC_8428.JPG_min_y: 956.406
