2.003509206781944330e-01 5.264579047485418162e-02 -2.545801843279653554e+02
5.890840011379347430e-02 1.033838857384235393e-01 -2.257136034012129500e+01
-1.468707210188785082e-04 -4.174415040086242815e-04 1.000000000000000000e+00
DSC_8294.JPG_max_x: 1328.55
DSC_8294.JPG_min_x: 754.905
DSC_8294.JPG_max_y: 1476.36
DSC_8294.JPG_min_y: 1091.76
DSC_8311.JPG_max_x: 308.436
DSC_8311.JPG_min_x: 16.2382
DSC_8311.JPG_max_y: 942.633
DSC_8311.JPG_min_y: 315.411
