-1.504615004625266650e+00 -2.320763222094864298e-01 7.551345405673888536e+02
-2.267355973831988614e+00 -1.162904061176631476e+00 1.635443346306100693e+03
-1.224519125213988351e-03 -8.361656274644809145e-04 1.000000000000000000e+00
DSC_8274.JPG_max_x: 1166.97
DSC_8274.JPG_min_x: 211.632
DSC_8274.JPG_max_y: 1587.93
DSC_8274.JPG_min_y: 603.829
DSC_8368.JPG_max_x: 1197.17
DSC_8368.JPG_min_x: 5.52387
DSC_8368.JPG_max_y: 1893.79
DSC_8368.JPG_min_y: 1039.07
