8.279751595380668849e-01 1.663153047914242011e-01 1.652180993758694058e+03
1.234947695355430308e-01 3.073651650177089856e+00 -4.027134099859277399e+02
-2.254692971240152574e-04 1.010687243964352756e-03 1.000000000000000000e+00
DSC_8294.JPG_max_x: 824.907
DSC_8294.JPG_min_x: 10.2972
DSC_8294.JPG_max_y: 1126.99
DSC_8294.JPG_min_y: 663.182
DSC_8366.JPG_max_x: 1319.5
DSC_8366.JPG_min_x: 893.207
DSC_8366.JPG_max_y: 1670.0
DSC_8366.JPG_min_y: 1026.43
