3.423175200801171214e-01 -4.418699183399801139e-02 1.007065542421563009e+03
-4.702578237552723084e-01 7.838885057254370015e-01 3.244775170041891670e+02
-4.268917414335500699e-04 -1.755068119293651680e-05 1.000000000000000000e+00
DSC_8454.JPG_max_x: 381.938
DSC_8454.JPG_min_x: 22.3987
DSC_8454.JPG_max_y: 1556.15
DSC_8454.JPG_min_y: 882.227
DSC_8472.JPG_max_x: 1326.02
DSC_8472.JPG_min_x: 993.865
DSC_8472.JPG_max_y: 1623.24
DSC_8472.JPG_min_y: 1025.89
