1.683954002136810735e-01 -3.958616006792786690e-02 2.153908072369211766e+02
-1.481472416976750139e-01 3.740607813871453802e-01 6.848349297275035497e+02
-2.656286709195018248e-04 -6.329939559742357150e-05 1.000000000000000000e+00
DSC_8242.JPG_max_x: 1263.21
DSC_8242.JPG_min_x: 71.7982
DSC_8242.JPG_max_y: 1341.51
DSC_8242.JPG_min_y: 777.636
DSC_8368.JPG_max_x: 637.216
DSC_8368.JPG_min_x: 152.262
DSC_8368.JPG_max_y: 1731.86
DSC_8368.JPG_min_y: 1033.17
