-5.597004265190976824e+00 1.259742213654629239e+00 1.321378993141026967e+03
-1.870873652831891665e+00 2.501588131364340661e+00 -6.352369687295836229e+02
-3.953417428649569701e-03 9.780987870796294982e-04 1.000000000000000000e+00
DSC_8330.JPG_max_x: 329.009
DSC_8330.JPG_min_x: 12.9671
DSC_8330.JPG_max_y: 1705.62
DSC_8330.JPG_min_y: 612.677
DSC_8312.JPG_max_x: 1325.05
DSC_8312.JPG_min_x: 834.905
DSC_8312.JPG_max_y: 1537.21
DSC_8312.JPG_min_y: 784.694
