1.293029449254157859e+00 1.287756718631095199e+00 -7.511996748591640198e+02
5.875212125807438568e-01 1.047121491195454057e+00 1.414515666257220346e+03
6.924157005854918992e-04 1.569332466397565476e-04 1.000000000000000000e+00
DSC_8223.JPG_max_x: 1262.17
DSC_8223.JPG_min_x: 778.849
DSC_8223.JPG_max_y: 1022.01
DSC_8223.JPG_min_y: 315.036
DSC_8322.JPG_max_x: 1029.65
DSC_8322.JPG_min_x: 441.179
DSC_8322.JPG_max_y: 1698.28
DSC_8322.JPG_min_y: 1378.01
