8.176552305366880935e-01 -3.157688172736241028e-01 4.619597277408383462e+01
4.328035891127037654e-02 3.129967187679001950e-01 1.182588660122350120e+03
-4.648055257577785974e-06 -3.632711044001600922e-04 1.000000000000000000e+00
DSC_8369.JPG_max_x: 1258.12
DSC_8369.JPG_min_x: 292.718
DSC_8369.JPG_max_y: 729.768
DSC_8369.JPG_min_y: 456.694
DSC_8382.JPG_max_x: 1144.48
DSC_8382.JPG_min_x: 116.02
DSC_8382.JPG_max_y: 1962.54
DSC_8382.JPG_min_y: 1609.39
