1.552817763080795332e+00 6.924532902599888073e-01 -9.275624981767448674e+01
3.614575611169864033e-01 1.821869040140941420e+00 -3.791718281687386138e+02
2.638337868072168114e-04 5.260251601344837500e-04 1.000000000000000000e+00
DSC_8204.JPG_max_x: 1152.23
DSC_8204.JPG_min_x: 133.293
DSC_8204.JPG_max_y: 1934.22
DSC_8204.JPG_min_y: 689.924
DSC_8338.JPG_max_x: 1310.08
DSC_8338.JPG_min_x: 631.888
DSC_8338.JPG_max_y: 1555.88
DSC_8338.JPG_min_y: 775.987
