3.488504155776471105e+00 1.062896389515620932e+00 -5.698901061663234486e+02
-7.212470511612893986e-01 4.878699726342355270e+00 -3.830216291169446322e+03
-1.017813578621364371e-03 1.196064306174725918e-03 1.000000000000000000e+00
DSC_8278.JPG_max_x: 486.252
DSC_8278.JPG_min_x: 30.8785
DSC_8278.JPG_max_y: 1652.18
DSC_8278.JPG_min_y: 831.775
DSC_8329.JPG_max_x: 1165.27
DSC_8329.JPG_min_x: 381.446
DSC_8329.JPG_max_y: 1561.91
DSC_8329.JPG_min_y: 37.2677
