1.396224918524447522e+00 9.682059988755536972e-01 -9.238565944469044098e+02
-1.395769850545330315e-01 1.728220702393160613e+00 -2.328322273995139255e+02
2.891889839647249216e-04 7.122220294245025334e-04 1.000000000000000000e+00
DSC_8447.JPG_max_x: 1035.63
DSC_8447.JPG_min_x: 149.547
DSC_8447.JPG_max_y: 892.925
DSC_8447.JPG_min_y: 275.676
DSC_8473.JPG_max_x: 573.65
DSC_8473.JPG_min_x: 87.2322
DSC_8473.JPG_max_y: 802.254
DSC_8473.JPG_min_y: 88.7791
