6.369021966889144570e-01 2.559580683644578636e-02 6.450906544765819035e+02
2.254139812021033473e-01 4.660420298647086623e-01 7.040158374818782931e+02
2.017114642421189027e-04 1.795068219172419815e-05 1.000000000000000000e+00
DSC_8252.JPG_max_x: 1075.3
DSC_8252.JPG_min_x: 35.8822
DSC_8252.JPG_max_y: 1957.35
DSC_8252.JPG_min_y: 578.377
DSC_8398.JPG_max_x: 1099.48
DSC_8398.JPG_min_x: 674.73
DSC_8398.JPG_max_y: 1550.99
DSC_8398.JPG_min_y: 978.722
