3.853777782483534531e-01 -1.017650964220076851e-02 3.257644608036356999e+02
-6.549174030068595498e-02 3.184376322020018857e-01 3.925982399861194949e+02
-1.133218441800321334e-04 -8.188630688411865726e-06 1.000000000000000000e+00
DSC_8205.JPG_max_x: 1273.43
DSC_8205.JPG_min_x: 284.109
DSC_8205.JPG_max_y: 1179.46
DSC_8205.JPG_min_y: 72.4086
DSC_8395.JPG_max_x: 929.707
DSC_8395.JPG_min_x: 438.383
DSC_8395.JPG_max_y: 842.542
DSC_8395.JPG_min_y: 393.076
