4.247699323650642178e-01 1.615638211221144260e-01 -5.136871612111252716e+02
2.786778465926013082e-01 2.102642867898535384e-01 -4.608102270632132331e+02
-8.550114754148864168e-04 4.808737329610906271e-04 1.000000000000000000e+00
DSC_8218.JPG_max_x: 1319.42
DSC_8218.JPG_min_x: 1097.33
DSC_8218.JPG_max_y: 1713.88
DSC_8218.JPG_min_y: 782.313
DSC_8351.JPG_max_x: 1161.82
DSC_8351.JPG_min_x: 166.752
DSC_8351.JPG_max_y: 1143.4
DSC_8351.JPG_min_y: 6.69092
