2.050188665731558224e-01 -2.252514541064903203e-02 6.204915234721075876e+02
-2.167126025448665450e-01 5.332684027924706749e-01 3.112534874731956052e+02
-2.449905023884434521e-04 6.666143108899006570e-06 1.000000000000000000e+00
DSC_8330.JPG_max_x: 917.202
DSC_8330.JPG_min_x: 60.4812
DSC_8330.JPG_max_y: 1963.46
DSC_8330.JPG_min_y: 565.452
DSC_8278.JPG_max_x: 1034.2
DSC_8278.JPG_min_x: 595.65
DSC_8278.JPG_max_y: 1443.11
DSC_8278.JPG_min_y: 558.105
