8.159727927420399318e-01 2.459746358338369132e-01 8.614574544531089941e+02
-2.021840922277817476e-01 1.791817872768294517e+00 -1.466916509569422033e+03
-6.750902531727478919e-04 5.167078863636037547e-04 1.000000000000000000e+00
DSC_8456.JPG_max_x: 510.704
DSC_8456.JPG_min_x: 24.6013
DSC_8456.JPG_max_y: 1566.39
DSC_8456.JPG_min_y: 1246.72
DSC_8475.JPG_max_x: 1178.4
DSC_8475.JPG_min_x: 535.153
DSC_8475.JPG_max_y: 780.508
DSC_8475.JPG_min_y: 459.668
