1.566964557589337614e-01 -6.403998693997857428e-02 4.109491253566433215e+02
-2.609245808652387311e-01 3.815678474657047681e-01 8.593460152703622725e+02
-2.160870560971101179e-04 -5.888721329960456906e-05 1.000000000000000000e+00
DSC_8386.JPG_max_x: 901.467
DSC_8386.JPG_min_x: 21.0389
DSC_8386.JPG_max_y: 1750.01
DSC_8386.JPG_min_y: 277.368
DSC_8406.JPG_max_x: 672.158
DSC_8406.JPG_min_x: 360.474
DSC_8406.JPG_max_y: 1786.51
DSC_8406.JPG_min_y: 949.662
