1.227227178317433776e+01 1.401465770128360600e+00 -6.889222472828478203e+03
1.227620824597745797e+00 8.191231546992019830e+00 -6.557634485295729974e+03
6.499404396850426077e-03 1.844212979426852360e-03 1.000000000000000000e+00
DSC_8202.JPG_max_x: 1152.58
DSC_8202.JPG_min_x: 517.115
DSC_8202.JPG_max_y: 1052.46
DSC_8202.JPG_min_y: 659.547
DSC_8445.JPG_max_x: 838.928
DSC_8445.JPG_min_x: 131.514
DSC_8445.JPG_max_y: 365.225
DSC_8445.JPG_min_y: 20.5391
