6.416613586572950112e-01 3.282603046627736304e-02 -6.451209885481542869e+02
-1.795040910503976628e-01 3.581439400118461291e-01 8.945090454684700489e+02
9.703406084935007410e-05 -1.577248187344528299e-04 9.999999999999998890e-01
DSC_8202.JPG_max_x: 1180.14
DSC_8202.JPG_min_x: 949.66
DSC_8202.JPG_max_y: 1582.83
DSC_8202.JPG_min_y: 659.547
DSC_8394.JPG_max_x: 179.905
DSC_8394.JPG_min_x: 16.1267
DSC_8394.JPG_max_y: 1456.37
DSC_8394.JPG_min_y: 913.921
