1.093155782322571490e+01 3.408212290491620777e+00 -9.061948555083086831e+03
-4.245430222120741282e-01 1.393011602480426170e+01 -1.492073056458817882e+04
1.089425469987008085e-05 4.682276625766457721e-03 1.000000000000000000e+00
DSC_8330.JPG_max_x: 1185.29
DSC_8330.JPG_min_x: 342.487
DSC_8330.JPG_max_y: 1991.68
DSC_8330.JPG_min_y: 1104.07
DSC_8421.JPG_max_x: 1140.81
DSC_8421.JPG_min_x: 8.59178
DSC_8421.JPG_max_y: 1211.11
DSC_8421.JPG_min_y: 28.4881
