4.785099694700558626e-01 3.023310847444746763e-01 -5.399813548479539804e+02
-3.049563646239073292e-02 6.110454793555346598e-01 -1.248919564179452237e+02
-1.305875988136968044e-04 -8.383795503836499144e-05 1.000000000000000000e+00
DSC_8227.JPG_max_x: 1299.55
DSC_8227.JPG_min_x: 434.81
DSC_8227.JPG_max_y: 1222.93
DSC_8227.JPG_min_y: 265.674
DSC_8245.JPG_max_x: 452.76
DSC_8245.JPG_min_x: 43.4658
DSC_8245.JPG_max_y: 719.737
DSC_8245.JPG_min_y: 4.08731
