2.155114168555809229e-01 2.162337633636187417e-01 -1.873823120935115867e+02
-4.626318081762961776e-01 2.253602288705675305e-01 7.510774203232515447e+02
-3.432225264261770247e-04 -1.341709245885571626e-04 1.000000000000000000e+00
DSC_8241.JPG_max_x: 1323.44
DSC_8241.JPG_min_x: 948.96
DSC_8241.JPG_max_y: 998.973
DSC_8241.JPG_min_y: 135.894
DSC_8259.JPG_max_x: 1059.05
DSC_8259.JPG_min_x: 130.745
DSC_8259.JPG_max_y: 914.121
DSC_8259.JPG_min_y: 398.692
