8.996580796840045746e-01 -1.420092783980506090e-01 1.104563388622173505e+02
-4.205933766920191830e-02 5.515264700630543304e-01 9.766965672588195275e+02
-1.950073817313234699e-05 -2.266713618990136986e-04 1.000000000000000000e+00
DSC_8431.JPG_max_x: 1209.42
DSC_8431.JPG_min_x: 189.693
DSC_8431.JPG_max_y: 553.125
DSC_8431.JPG_min_y: 315.965
DSC_8446.JPG_max_x: 1286.38
DSC_8446.JPG_min_x: 253.472
DSC_8446.JPG_max_y: 1475.3
DSC_8446.JPG_min_y: 1225.69
