1.002398551744400512e+00 4.549983589430003916e-01 -6.950355227778073868e+02
-2.854173662566201197e-01 1.140794141127384975e+00 5.493961422350171233e+02
-9.411658245596479832e-05 1.195965764346349809e-04 1.000000000000000000e+00
DSC_8297.JPG_max_x: 1310.41
DSC_8297.JPG_min_x: 650.648
DSC_8297.JPG_max_y: 879.215
DSC_8297.JPG_min_y: 38.9261
DSC_8313.JPG_max_x: 1035.14
DSC_8313.JPG_min_x: 118.097
DSC_8313.JPG_max_y: 1220.13
DSC_8313.JPG_min_y: 132.289
