6.240206550588515144e-01 -2.982517438053746209e-02 -9.730591099015812517e+01
2.341730937102435087e-02 6.755514161949649488e-01 4.135669294384037471e+02
-1.003348943460142574e-06 7.551356700562710878e-05 1.000000000000000000e+00
DSC_8224.JPG_max_x: 947.287
DSC_8224.JPG_min_x: 200.093
DSC_8224.JPG_max_y: 1922.59
DSC_8224.JPG_min_y: 724.034
DSC_8412.JPG_max_x: 433.449
DSC_8412.JPG_min_x: 3.32491
DSC_8412.JPG_max_y: 1513.7
DSC_8412.JPG_min_y: 859.46
