2.347892504540929626e-01 -7.561984820061765089e-02 4.001659070529221367e+02
-9.053834061981760883e-02 4.210025968345562086e-01 7.905652205167385773e+02
-1.030530659885974708e-04 7.709050532652818601e-06 1.000000000000000000e+00
DSC_8256.JPG_max_x: 1303.95
DSC_8256.JPG_min_x: 43.0051
DSC_8256.JPG_max_y: 1904.66
DSC_8256.JPG_min_y: 689.101
DSC_8380.JPG_max_x: 735.529
DSC_8380.JPG_min_x: 270.51
DSC_8380.JPG_max_y: 1623.87
DSC_8380.JPG_min_y: 1091.75
