6.136036031779550093e-02 -3.160918488797101467e-01 6.861475864054381191e+02
-7.743986684863050085e-01 -3.624478580209328782e-01 1.421772131905042443e+03
-4.357364950856395754e-04 -4.555002918678251688e-04 1.000000000000000000e+00
DSC_8253.JPG_max_x: 463.703
DSC_8253.JPG_min_x: 9.23827
DSC_8253.JPG_max_y: 941.808
DSC_8253.JPG_min_y: 507.537
DSC_8432.JPG_max_x: 1039.56
DSC_8432.JPG_min_x: 688.549
DSC_8432.JPG_max_y: 1902.2
DSC_8432.JPG_min_y: 1575.99
