1.640178324889170591e+00 -1.306259963325629228e-02 3.097874535277785526e+02
-3.185354428355480216e-01 1.741939381290392053e+00 -3.716235029139717767e+02
-2.936479121799242219e-04 4.879367830317338662e-05 1.000000000000000000e+00
DSC_8278.JPG_max_x: 562.531
DSC_8278.JPG_min_x: 9.19777
DSC_8278.JPG_max_y: 1121.28
DSC_8278.JPG_min_y: 445.571
DSC_8328.JPG_max_x: 1307.14
DSC_8328.JPG_min_x: 307.44
DSC_8328.JPG_max_y: 1536.21
DSC_8328.JPG_min_y: 394.533
