1.096578753461374678e+00 3.161591438399131981e-02 -1.128304302004077499e+03
8.609151082290741885e-02 1.134254326006902458e+00 -2.973394599259162518e+01
1.590590972023312496e-04 -9.731191282448207940e-06 1.000000000000000000e+00
DSC_8326.JPG_max_x: 1330.88
DSC_8326.JPG_min_x: 1215.49
DSC_8326.JPG_max_y: 1470.73
DSC_8326.JPG_min_y: 362.677
DSC_8328.JPG_max_x: 316.799
DSC_8328.JPG_min_x: 190.193
DSC_8328.JPG_max_y: 1462.29
DSC_8328.JPG_min_y: 419.887
