1.046057468839142190e+00 3.495129292828702550e-02 -1.640223923975519256e+02
2.809602031683800516e-01 1.073780803952061325e+00 1.739336899288884695e+02
1.948795178123164512e-04 1.328359144581969483e-04 1.000000000000000000e+00
DSC_8340.JPG_max_x: 1125.58
DSC_8340.JPG_min_x: 96.5193
DSC_8340.JPG_max_y: 1966.79
DSC_8340.JPG_min_y: 554.285
DSC_8426.JPG_max_x: 735.341
DSC_8426.JPG_min_x: 4.5789
DSC_8426.JPG_max_y: 1756.85
DSC_8426.JPG_min_y: 791.394
