-2.009025586116342854e+00 4.926975178505229813e+00 -6.744625170690850382e+02
-3.763111646350059125e+00 1.309070909538581873e+01 -1.416057346252196112e+04
-6.839089221954164702e-03 4.298930020811503848e-03 1.000000000000000000e+00
DSC_8326.JPG_max_x: 441.608
DSC_8326.JPG_min_x: 41.1903
DSC_8326.JPG_max_y: 1855.65
DSC_8326.JPG_min_y: 1231.79
DSC_8341.JPG_max_x: 1277.88
DSC_8341.JPG_min_x: 846.026
DSC_8341.JPG_max_y: 1290.7
DSC_8341.JPG_min_y: 15.4164
