4.918484924203344377e+00 2.823643890552250957e-01 -5.440104545910320667e+03
3.452058358625538670e+00 4.004016739165873418e+00 1.273857328404130840e+02
3.246198010458215943e-03 -5.273667809221979251e-04 1.000000000000000000e+00
DSC_8259.JPG_max_x: 1297.81
DSC_8259.JPG_min_x: 1076.79
DSC_8259.JPG_max_y: 656.442
DSC_8259.JPG_min_y: 314.316
DSC_8260.JPG_max_x: 215.173
DSC_8260.JPG_min_x: 10.4112
DSC_8260.JPG_max_y: 1551.73
DSC_8260.JPG_min_y: 1165.06
