5.367989718653932707e-01 -7.154022752804513052e-01 1.036503341832398291e+03
1.027707785612642227e-01 7.289644757581006385e-01 5.426673937849791400e+02
-4.801449427552035502e-04 -1.174312155210255131e-04 1.000000000000000000e+00
DSC_8233.JPG_max_x: 414.091
DSC_8233.JPG_min_x: 45.2107
DSC_8233.JPG_max_y: 1016.88
DSC_8233.JPG_min_y: 154.346
DSC_8423.JPG_max_x: 1320.94
DSC_8423.JPG_min_x: 416.024
DSC_8423.JPG_max_y: 1616.68
DSC_8423.JPG_min_y: 727.211
