-2.978691928165165148e+00 -3.816189593256662960e+00 3.757804231237937529e+03
-6.690524557133356032e-01 -5.874886314474333737e+00 3.578044367493988375e+03
-6.012102774292509303e-04 -3.601895304357594172e-03 1.000000000000000000e+00
DSC_8210.JPG_max_x: 1295.24
DSC_8210.JPG_min_x: 194.56
DSC_8210.JPG_max_y: 1829.62
DSC_8210.JPG_min_y: 938.411
DSC_8308.JPG_max_x: 1145.6
DSC_8308.JPG_min_x: 644.011
DSC_8308.JPG_max_y: 1286.45
DSC_8308.JPG_min_y: 886.822
