2.583286291443372740e+00 6.802140756340461225e-01 -3.071598043435507407e+03
-1.210711935162765984e-01 3.094903586925235484e+00 -2.822504219665167511e+03
6.336018118307788381e-04 8.492987922490935438e-04 1.000000000000000000e+00
DSC_8348.JPG_max_x: 1313.26
DSC_8348.JPG_min_x: 920.229
DSC_8348.JPG_max_y: 1321.6
DSC_8348.JPG_min_y: 970.95
DSC_8399.JPG_max_x: 404.701
DSC_8399.JPG_min_x: 72.8091
DSC_8399.JPG_max_y: 421.256
DSC_8399.JPG_min_y: 10.147
