-3.250899550899485901e-01 1.273720865526475621e-01 1.038445962443995995e+03
-9.721648899243178210e-01 9.449874683601050540e-01 5.640956252648064719e+02
-8.416861301619065535e-04 2.695638027698764598e-04 1.000000000000000000e+00
DSC_8258.JPG_max_x: 357.548
DSC_8258.JPG_min_x: 22.9959
DSC_8258.JPG_max_y: 1362.1
DSC_8258.JPG_min_y: 694.014
DSC_8366.JPG_max_x: 1108.49
DSC_8366.JPG_min_x: 893.207
DSC_8366.JPG_max_y: 1384.24
DSC_8366.JPG_min_y: 1020.87
