-1.249893940375297746e-01 -7.194820838411394859e-02 6.644846496092211510e+02
-1.379119019408774072e-01 4.697809074353030412e-01 1.323269775760753362e+02
-5.048746526961770450e-04 1.381664036800504109e-04 1.000000000000000000e+00
DSC_8307.JPG_max_x: 1252.72
DSC_8307.JPG_min_x: 377.933
DSC_8307.JPG_max_y: 703.889
DSC_8307.JPG_min_y: 181.592
DSC_8367.JPG_max_x: 1089.87
DSC_8367.JPG_min_x: 634.402
DSC_8367.JPG_max_y: 559.823
DSC_8367.JPG_min_y: 163.743
