4.053634418362987990e-01 -1.350425156432355722e+00 7.751419220285672509e+02
6.464274094120241454e-01 -2.316372481252801929e-01 -3.113482830948824471e+02
2.691825894741119640e-04 -1.549274218374867458e-03 1.000000000000000000e+00
DSC_8197.JPG_max_x: 1305.11
DSC_8197.JPG_min_x: 429.717
DSC_8197.JPG_max_y: 918.995
DSC_8197.JPG_min_y: 99.7214
DSC_8263.JPG_max_x: 1313.98
DSC_8263.JPG_min_x: 779.676
DSC_8263.JPG_max_y: 1196.47
DSC_8263.JPG_min_y: 13.8091
