1.349394217859876344e+00 1.139025403760592220e-01 -1.027902005324323454e+03
1.506498521650357914e-01 7.783575162251969992e-01 8.336200289086691839e+01
1.086477595236148781e-04 -5.237828914857224491e-05 1.000000000000000000e+00
DSC_8290.JPG_max_x: 1267.92
DSC_8290.JPG_min_x: 785.69
DSC_8290.JPG_max_y: 1689.43
DSC_8290.JPG_min_y: 432.951
DSC_8320.JPG_max_x: 747.904
DSC_8320.JPG_min_x: 102.53
DSC_8320.JPG_max_y: 1507.52
DSC_8320.JPG_min_y: 514.014
