-2.487896540521886413e-01 -3.241846714507309324e-01 6.135304702458167867e+02
-6.925044698776242069e-02 -1.798181305030225816e-02 5.253152536093651293e+01
-4.317912512568160255e-04 -5.228557861378153480e-04 1.000000000000000000e+00
DSC_8368.JPG_max_x: 518.733
DSC_8368.JPG_min_x: 66.1412
DSC_8368.JPG_max_y: 1638.1
DSC_8368.JPG_min_y: 1150.3
DSC_8429.JPG_max_x: 869.619
DSC_8429.JPG_min_x: 299.539
DSC_8429.JPG_max_y: 663.913
DSC_8429.JPG_min_y: 7.01687
