2.185650287312637552e+00 -1.969837945095662679e+00 1.483739731569912465e+03
3.618516186382402910e+00 -3.081301728047126431e+00 2.345994076306468742e+03
2.235806792724444585e-03 -1.545839629907262659e-03 1.000000000000000000e+00
DSC_8202.JPG_max_x: 542.852
DSC_8202.JPG_min_x: 95.1695
DSC_8202.JPG_max_y: 1250.57
DSC_8202.JPG_min_y: 984.564
DSC_8254.JPG_max_x: 1291.81
DSC_8254.JPG_min_x: 770.137
DSC_8254.JPG_max_y: 1659.46
DSC_8254.JPG_min_y: 1076.27
