1.252479462569993318e+00 2.145650931139142237e-01 -9.598293422488293345e+02
3.318804477519763374e-01 1.430513317899906989e+00 -2.209039735215835663e+02
4.620926265684597071e-04 2.036444892408381668e-04 1.000000000000000000e+00
DSC_8270.JPG_max_x: 1273.97
DSC_8270.JPG_min_x: 784.513
DSC_8270.JPG_max_y: 1705.63
DSC_8270.JPG_min_y: 1156.77
DSC_8292.JPG_max_x: 517.347
DSC_8292.JPG_min_x: 184.14
DSC_8292.JPG_max_y: 1398.81
DSC_8292.JPG_min_y: 1059.88
