5.468873889536174371e-01 1.098955186516962362e-01 2.347549125704048834e+02
1.640561799559825049e-02 9.316376130802592748e-01 1.232788714037915952e+03
-2.689364568726604259e-05 3.565604349174723853e-04 1.000000000000000000e+00
DSC_8243.JPG_max_x: 1012.06
DSC_8243.JPG_min_x: 149.943
DSC_8243.JPG_max_y: 780.174
DSC_8243.JPG_min_y: 65.0517
DSC_8454.JPG_max_x: 732.392
DSC_8454.JPG_min_x: 319.296
DSC_8454.JPG_max_y: 1577.0
DSC_8454.JPG_min_y: 1295.38
