-6.638521076018350620e+00 3.167014715916488310e+00 2.176154019389606674e+03
-1.566287741258631883e+01 8.033755953585128395e+00 4.639697537124538940e+03
-1.493656358551633499e-02 1.029560899684061823e-02 9.999999999999998890e-01
DSC_8376.JPG_max_x: 1162.37
DSC_8376.JPG_min_x: 284.288
DSC_8376.JPG_max_y: 1489.14
DSC_8376.JPG_min_y: 908.696
DSC_8434.JPG_max_x: 911.468
DSC_8434.JPG_min_x: 158.941
DSC_8434.JPG_max_y: 1671.89
DSC_8434.JPG_min_y: 504.408
