8.913610821640016724e-01 -1.028517392674603154e-01 -4.213802995966408389e+02
4.833871562384605691e-01 -8.137846459926584286e-02 -1.284099125371406842e+02
1.223737633318317626e-03 -1.260618851371153289e-03 1.000000000000000000e+00
DSC_8336.JPG_max_x: 1327.45
DSC_8336.JPG_min_x: 351.818
DSC_8336.JPG_max_y: 1339.54
DSC_8336.JPG_min_y: 965.451
DSC_8397.JPG_max_x: 929.023
DSC_8397.JPG_min_x: 115.851
DSC_8397.JPG_max_y: 453.949
DSC_8397.JPG_min_y: 207.447
