-1.257969913670739792e-01 -3.710260346089077066e-01 7.051528589351386245e+02
-2.872104790930255502e-01 -5.223568569955847618e-01 1.093633526451094440e+03
-2.552580075576004479e-04 -5.010973216767715269e-04 1.000000000000000000e+00
DSC_8284.JPG_max_x: 1243.27
DSC_8284.JPG_min_x: 139.655
DSC_8284.JPG_max_y: 1336.18
DSC_8284.JPG_min_y: 290.284
DSC_8378.JPG_max_x: 1207.54
DSC_8378.JPG_min_x: 684.256
DSC_8378.JPG_max_y: 1482.46
DSC_8378.JPG_min_y: 1057.14
