-3.086412217868443442e+00 -2.658570142787245238e+00 1.818661475894039995e+03
-5.329306824065457304e-01 -1.016733379681918237e+01 4.590152853460653205e+03
1.164229905843736741e-03 -5.203364149683500223e-03 1.000000000000000000e+00
DSC_8260.JPG_max_x: 699.322
DSC_8260.JPG_min_x: 17.672
DSC_8260.JPG_max_y: 1401.31
DSC_8260.JPG_min_y: 521.42
DSC_8426.JPG_max_x: 1322.71
DSC_8426.JPG_min_x: 125.697
DSC_8426.JPG_max_y: 1979.58
DSC_8426.JPG_min_y: 755.001
