8.384250634737954178e-01 -6.018108350110434879e-01 1.400052545634383705e+03
6.411397248631032220e-01 9.493361235795834130e-01 2.958276016868570082e+02
-1.020142653687469312e-04 1.013897081856801570e-04 1.000000000000000000e+00
DSC_8237.JPG_max_x: 360.043
DSC_8237.JPG_min_x: 11.2146
DSC_8237.JPG_max_y: 833.255
DSC_8237.JPG_min_y: 339.325
DSC_8251.JPG_max_x: 1313.9
DSC_8251.JPG_min_x: 1036.46
DSC_8251.JPG_max_y: 1252.83
DSC_8251.JPG_min_y: 625.063
