8.783300157497564431e-01 1.674926488811503134e-01 -4.929781408183467875e+02
-1.283612961817642284e-01 1.121500471762686413e+00 -1.158173741006188038e+03
-3.682890880784476899e-04 -1.707594123540391617e-04 1.000000000000000000e+00
DSC_8220.JPG_max_x: 915.113
DSC_8220.JPG_min_x: 308.463
DSC_8220.JPG_max_y: 1590.41
DSC_8220.JPG_min_y: 1360.77
DSC_8253.JPG_max_x: 1252.29
DSC_8253.JPG_min_x: 9.23827
DSC_8253.JPG_max_y: 946.32
DSC_8253.JPG_min_y: 530.356
