-1.859345389495306589e-01 -1.301958018105658643e-01 3.874180382941506764e+02
-3.899549165346606616e-02 -2.528063042563495899e-01 3.318971374679292694e+02
-3.004046626198346990e-04 -5.524775489024811963e-04 1.000000000000000000e+00
DSC_8348.JPG_max_x: 1318.24
DSC_8348.JPG_min_x: 647.622
DSC_8348.JPG_max_y: 1255.98
DSC_8348.JPG_min_y: 790.774
DSC_8433.JPG_max_x: 680.841
DSC_8433.JPG_min_x: 59.6534
DSC_8433.JPG_max_y: 514.736
DSC_8433.JPG_min_y: 187.487
