-2.846480396177025085e+00 -1.871623057059643436e-01 1.166287645112615110e+03
-3.863294671728263907e+00 1.641803908984148797e-01 1.307286971249027602e+03
-2.586353427053729621e-03 -1.320595820528105079e-04 9.999999999999998890e-01
DSC_8429.JPG_max_x: 396.402
DSC_8429.JPG_min_x: 23.5876
DSC_8429.JPG_max_y: 652.17
DSC_8429.JPG_min_y: 209.024
DSC_8430.JPG_max_x: 1314.05
DSC_8430.JPG_min_x: 678.187
DSC_8430.JPG_max_y: 1695.44
DSC_8430.JPG_min_y: 1237.98
