6.153831131997471449e-01 -2.063128262860154938e-01 4.677017506249270582e+02
-2.381370361353463139e-02 3.301710388630861304e-01 8.634645952212025577e+02
-3.396851169668457392e-05 -2.386404742476292101e-04 1.000000000000000000e+00
DSC_8441.JPG_max_x: 1299.65
DSC_8441.JPG_min_x: 4.84426
DSC_8441.JPG_max_y: 1105.09
DSC_8441.JPG_min_y: 30.1776
DSC_8456.JPG_max_x: 1330.25
DSC_8456.JPG_min_x: 365.718
DSC_8456.JPG_max_y: 1694.86
DSC_8456.JPG_min_y: 890.485
