1.250864917903307338e+00 1.068353715401264004e-01 1.200774801054243198e+03
1.450593814764176703e-01 1.886922393951033783e+00 -1.870408260465521380e+03
-2.717066891736878210e-04 4.194347228386256484e-04 1.000000000000000000e+00
DSC_8306.JPG_max_x: 382.858
DSC_8306.JPG_min_x: 31.0451
DSC_8306.JPG_max_y: 1309.1
DSC_8306.JPG_min_y: 1024.1
DSC_8321.JPG_max_x: 1267.23
DSC_8321.JPG_min_x: 928.965
DSC_8321.JPG_max_y: 426.471
DSC_8321.JPG_min_y: 47.8692
