1.311982853747828193e+00 1.231340151468898608e-01 -8.308195481248877741e+02
1.032150135140547931e-01 1.277488072514369133e+00 9.574615668809551039e+01
2.412410867806206159e-04 1.785489439418721009e-05 9.999999999999998890e-01
DSC_8336.JPG_max_x: 1329.33
DSC_8336.JPG_min_x: 820.287
DSC_8336.JPG_max_y: 1287.94
DSC_8336.JPG_min_y: 673.28
DSC_8452.JPG_max_x: 789.32
DSC_8452.JPG_min_x: 294.328
DSC_8452.JPG_max_y: 1407.17
DSC_8452.JPG_min_y: 827.082
