1.487995243586044403e+00 -5.377008606347563058e-01 1.489978827153488965e+03
1.113901638253366189e+00 7.593745857605167515e-01 -1.439708699982798237e+02
8.071811059530973383e-04 1.508527483940851868e-04 1.000000000000000000e+00
DSC_8193.JPG_max_x: 677.86
DSC_8193.JPG_min_x: 163.153
DSC_8193.JPG_max_y: 1639.46
DSC_8193.JPG_min_y: 788.779
DSC_8341.JPG_max_x: 1197.77
DSC_8341.JPG_min_x: 738.543
DSC_8341.JPG_max_y: 1087.41
DSC_8341.JPG_min_y: 601.864
