1.813462692027963952e+00 7.913337626546720349e-01 -3.101180264263141453e+03
-5.490624174347102926e-01 2.577279071383054898e+00 -1.125467341678199546e+03
-1.830608133113532411e-04 1.314785074600247159e-03 1.000000000000000000e+00
DSC_8322.JPG_max_x: 1328.54
DSC_8322.JPG_min_x: 968.379
DSC_8322.JPG_max_y: 1730.97
DSC_8322.JPG_min_y: 1123.34
DSC_8443.JPG_max_x: 135.827
DSC_8443.JPG_min_x: 11.6264
DSC_8443.JPG_max_y: 905.155
DSC_8443.JPG_min_y: 466.935
