2.133832052207465857e+00 -3.309689308006924957e+00 5.592537899413352989e+02
5.412097350469590396e+00 -8.517276253481419701e+00 1.504312614364635238e+03
3.506444691594616265e-03 -5.553562793818270400e-03 1.000000000000000000e+00
DSC_8231.JPG_max_x: 1323.11
DSC_8231.JPG_min_x: 6.38994
DSC_8231.JPG_max_y: 1063.62
DSC_8231.JPG_min_y: 33.9376
DSC_8246.JPG_max_x: 1274.31
DSC_8246.JPG_min_x: 142.346
DSC_8246.JPG_max_y: 1914.41
DSC_8246.JPG_min_y: 856.911
