1.378516051657492136e+00 -2.893185042334595614e-01 1.030291779584654023e+03
-2.816414267906029445e-01 1.469752546969515405e+00 -1.093612885442074827e+02
-1.971778773544654044e-04 -2.499150639967261806e-04 1.000000000000000000e+00
DSC_8250.JPG_max_x: 97.3176
DSC_8250.JPG_min_x: 26.9108
DSC_8250.JPG_max_y: 972.971
DSC_8250.JPG_min_y: 503.334
DSC_8436.JPG_max_x: 1195.68
DSC_8436.JPG_min_x: 1044.39
DSC_8436.JPG_max_y: 1753.79
DSC_8436.JPG_min_y: 711.723
