1.567500082723694010e+00 7.180467516161362362e-02 -4.456109291281557034e+02
5.488422213215365941e-01 2.007140599045094564e+00 -3.531007685139095429e+02
3.357558402629726179e-04 1.718529236701570235e-04 9.999999999999998890e-01
DSC_8298.JPG_max_x: 1267.9
DSC_8298.JPG_min_x: 304.663
DSC_8298.JPG_max_y: 1081.85
DSC_8298.JPG_min_y: 335.302
DSC_8478.JPG_max_x: 968.163
DSC_8478.JPG_min_x: 83.3632
DSC_8478.JPG_max_y: 1533.47
DSC_8478.JPG_min_y: 571.171
