-1.723839380789969233e+00 -7.474081271864497777e-01 1.777776158597387735e+02
-1.918914564870025374e-01 -6.219411227385419849e+00 3.607133328626029197e+03
5.277517946765156957e-04 -3.627551737039358924e-03 1.000000000000000000e+00
DSC_8242.JPG_max_x: 1148.59
DSC_8242.JPG_min_x: 10.5359
DSC_8242.JPG_max_y: 1891.29
DSC_8242.JPG_min_y: 783.535
DSC_8412.JPG_max_x: 1161.67
DSC_8412.JPG_min_x: 247.598
DSC_8412.JPG_max_y: 1559.77
DSC_8412.JPG_min_y: 897.782
