9.737742238774222958e-01 8.301567795549896506e-04 5.971173011574099831e+01
2.000519747390822056e-02 1.015581318765644836e+00 -9.634194678519497756e+01
-1.094046885157696950e-05 3.570572989604964482e-05 1.000000000000000000e+00
DSC_8363.JPG_max_x: 1010.55
DSC_8363.JPG_min_x: 8.42338
DSC_8363.JPG_max_y: 1832.24
DSC_8363.JPG_min_y: 100.195
DSC_8377.JPG_max_x: 1021.47
DSC_8377.JPG_min_x: 60.6369
DSC_8377.JPG_max_y: 1654.97
DSC_8377.JPG_min_y: 15.1638
