1.030478428263289059e+00 7.048516269665964229e-01 1.153012277966654864e+02
-4.061793869263822798e-01 2.981516125391015404e+00 1.126657605255036287e+03
-3.384742673745958375e-04 1.271049592064129501e-03 1.000000000000000000e+00
DSC_8207.JPG_max_x: 1249.85
DSC_8207.JPG_min_x: 74.6637
DSC_8207.JPG_max_y: 1130.33
DSC_8207.JPG_min_y: 280.144
DSC_8340.JPG_max_x: 1275.16
DSC_8340.JPG_min_x: 398.424
DSC_8340.JPG_max_y: 1981.46
DSC_8340.JPG_min_y: 1478.23
