-2.155930075812842794e+00 4.314791812925550252e-02 6.343107210256405324e+02
-3.954644577674380823e+00 -3.678985315325546124e-02 1.397122104053081102e+03
-2.975942676017731461e-03 1.571691395448040557e-05 1.000000000000000000e+00
DSC_8202.JPG_max_x: 716.473
DSC_8202.JPG_min_x: 93.6288
DSC_8202.JPG_max_y: 1698.8
DSC_8202.JPG_min_y: 744.166
DSC_8446.JPG_max_x: 1286.38
DSC_8446.JPG_min_x: 480.124
DSC_8446.JPG_max_y: 1520.81
DSC_8446.JPG_min_y: 1019.68
