8.043898226995047640e-01 -3.625392375311864979e-01 9.766024198373362708e+01
5.107116413310159864e-01 2.574076571120011755e-03 3.564558833788509560e+02
4.223102894462391261e-04 -5.822440074836603835e-04 1.000000000000000000e+00
DSC_8314.JPG_max_x: 1202.07
DSC_8314.JPG_min_x: 557.847
DSC_8314.JPG_max_y: 1377.01
DSC_8314.JPG_min_y: 300.451
DSC_8348.JPG_max_x: 686.056
DSC_8348.JPG_min_x: 111.769
DSC_8348.JPG_max_y: 1455.67
DSC_8348.JPG_min_y: 604.417
