1.797640213704379875e+00 -5.005412264785450566e-02 -1.475816848613575530e+03
9.221026886771811482e-01 6.611039905543588668e-01 -1.461818366108445161e+03
3.609605266300217226e-03 -2.211532418021578718e-03 1.000000000000000000e+00
DSC_8286.JPG_max_x: 1296.73
DSC_8286.JPG_min_x: 873.866
DSC_8286.JPG_max_y: 1685.44
DSC_8286.JPG_min_y: 1213.22
DSC_8473.JPG_max_x: 378.885
DSC_8473.JPG_min_x: 26.4558
DSC_8473.JPG_max_y: 1041.78
DSC_8473.JPG_min_y: 126.831
