3.933724519552596721e+00 1.233325296121848158e+00 -2.312935776471410009e+03
-1.754495100247579487e-01 4.630603041776087281e+00 -5.557303327709322730e+03
8.443560269119980389e-05 1.789293349635693187e-03 1.000000000000000000e+00
DSC_8364.JPG_max_x: 1215.95
DSC_8364.JPG_min_x: 344.992
DSC_8364.JPG_max_y: 1830.78
DSC_8364.JPG_min_y: 1235.42
DSC_8379.JPG_max_x: 1124.62
DSC_8379.JPG_min_x: 196.32
DSC_8379.JPG_max_y: 652.948
DSC_8379.JPG_min_y: 12.8961
