1.556111428808208297e+00 7.314987395519674529e-02 -1.849710011073704436e+03
4.848309133613550870e-01 9.382227120124052577e-01 -2.111025074072573204e+02
5.781689901359945679e-04 -3.841512802407580644e-04 1.000000000000000000e+00
DSC_8200.JPG_max_x: 1329.32
DSC_8200.JPG_min_x: 1151.75
DSC_8200.JPG_max_y: 1520.1
DSC_8200.JPG_min_y: 1121.57
DSC_8222.JPG_max_x: 254.655
DSC_8222.JPG_min_x: 27.7104
DSC_8222.JPG_max_y: 1587.79
DSC_8222.JPG_min_y: 1109.04
