1.332386678448145512e+00 -1.566748895713520884e-01 -4.997068022947046302e+02
-1.804728910953551924e-01 1.330588738604647991e+00 -1.268004667365625266e+02
-2.161380780572688155e-04 -2.036243006751157060e-04 1.000000000000000000e+00
DSC_8248.JPG_max_x: 1020.83
DSC_8248.JPG_min_x: 519.778
DSC_8248.JPG_max_y: 1040.88
DSC_8248.JPG_min_y: 501.904
DSC_8436.JPG_max_x: 1195.68
DSC_8436.JPG_min_x: 146.282
DSC_8436.JPG_max_y: 1826.27
DSC_8436.JPG_min_y: 531.951
