3.958912123011612660e+00 -3.493915685772834223e+01 -8.149243809262288778e+03
1.104674531452443098e+01 -6.536901999144028252e+01 5.644690115983456053e+04
3.997862392248785479e-02 -5.150579287087677510e-02 1.000000000000000000e+00
DSC_8322.JPG_max_x: 777.888
DSC_8322.JPG_min_x: 113.458
DSC_8322.JPG_max_y: 1616.86
DSC_8322.JPG_min_y: 951.243
DSC_8353.JPG_max_x: 1298.61
DSC_8353.JPG_min_x: 857.08
DSC_8353.JPG_max_y: 787.039
DSC_8353.JPG_min_y: 81.9071
