-1.512776054395389147e-01 -3.855210362108015820e-01 7.978592810632533201e+02
-2.340962782158528377e+00 1.133869149591086201e+00 1.698988044433058349e+02
-1.740057240574387383e-03 -8.319309697407528258e-05 1.000000000000000000e+00
DSC_8198.JPG_max_x: 1298.63
DSC_8198.JPG_min_x: 56.322
DSC_8198.JPG_max_y: 1184.77
DSC_8198.JPG_min_y: 801.06
DSC_8420.JPG_max_x: 1107.98
DSC_8420.JPG_min_x: 96.2601
DSC_8420.JPG_max_y: 1961.59
DSC_8420.JPG_min_y: 1043.59
