1.237489284811638557e+00 3.467888243448093433e-01 -1.441758247605761198e+03
3.543801646090778967e-01 6.722933329550124792e-01 1.114476800445275558e+03
6.158846407599302773e-04 -2.900709154348673612e-04 1.000000000000000000e+00
DSC_8257.JPG_max_x: 1260.82
DSC_8257.JPG_min_x: 920.041
DSC_8257.JPG_max_y: 1288.78
DSC_8257.JPG_min_y: 111.151
DSC_8274.JPG_max_x: 385.647
DSC_8274.JPG_min_x: 11.504
DSC_8274.JPG_max_y: 1736.84
DSC_8274.JPG_min_y: 937.068
