1.829597869459490989e+00 -4.384100502599057592e-01 6.574809900169078674e+02
2.379729607617597220e-01 9.949083720847162748e-01 -5.831211753078484605e+01
1.019216545683019340e-04 -4.257897295911326654e-04 9.999999999999998890e-01
DSC_8264.JPG_max_x: 305.987
DSC_8264.JPG_min_x: 15.4324
DSC_8264.JPG_max_y: 1022.47
DSC_8264.JPG_min_y: 579.415
DSC_8404.JPG_max_x: 1293.2
DSC_8404.JPG_min_x: 494.685
DSC_8404.JPG_max_y: 1673.59
DSC_8404.JPG_min_y: 709.01
