1.283905159860363687e+00 -2.787801560501229070e-01 1.265955901419597012e+03
4.844899933359761990e-01 1.458472339634797388e+00 -3.195702344745237511e+01
-2.378652607112205974e-04 2.596953990423935834e-04 1.000000000000000000e+00
DSC_8401.JPG_max_x: 326.126
DSC_8401.JPG_min_x: 35.1375
DSC_8401.JPG_max_y: 1168.03
DSC_8401.JPG_min_y: 281.16
DSC_8405.JPG_max_x: 1218.26
DSC_8405.JPG_min_x: 773.525
DSC_8405.JPG_max_y: 1484.83
DSC_8405.JPG_min_y: 390.97
