-1.879709693601337106e+00 -4.829743543106649328e-01 1.408634191586594397e+03
-3.170401731833095482e+00 -1.359929314792260646e+00 2.787539638172765990e+03
-4.067686402256443477e-03 8.939640479642859934e-04 1.000000000000000000e+00
DSC_8200.JPG_max_x: 1255.55
DSC_8200.JPG_min_x: 110.866
DSC_8200.JPG_max_y: 1214.29
DSC_8200.JPG_min_y: 887.654
DSC_8290.JPG_max_x: 580.602
DSC_8290.JPG_min_x: 22.2439
DSC_8290.JPG_max_y: 962.966
DSC_8290.JPG_min_y: 318.266
