1.227025899752311355e+00 3.077790011058950115e-01 5.010821725959863784e+02
-1.297272779313578261e-02 1.294751284629503285e+00 -1.457535396369292812e+03
1.425047604366694472e-04 4.161049834364048336e-04 1.000000000000000000e+00
DSC_8240.JPG_max_x: 769.086
DSC_8240.JPG_min_x: 28.0237
DSC_8240.JPG_max_y: 1717.09
DSC_8240.JPG_min_y: 1396.97
DSC_8453.JPG_max_x: 1105.4
DSC_8453.JPG_min_x: 608.851
DSC_8453.JPG_max_y: 439.643
DSC_8453.JPG_min_y: 218.396
