2.231019925103079782e+00 6.764576709833594048e-01 -1.078687423349233086e+03
-9.477646838369369053e-02 2.477288929316104227e+00 -2.591720129611250286e+03
2.427579826625177834e-04 7.948521246174671418e-04 1.000000000000000000e+00
DSC_8334.JPG_max_x: 1257.53
DSC_8334.JPG_min_x: 430.761
DSC_8334.JPG_max_y: 1755.68
DSC_8334.JPG_min_y: 1071.41
DSC_8417.JPG_max_x: 1094.51
DSC_8417.JPG_min_x: 327.813
DSC_8417.JPG_max_y: 649.388
DSC_8417.JPG_min_y: 5.49153
