-2.172278009609149763e+02 -6.621770436195586740e+01 2.356855324948534253e+05
5.917806669091188354e+01 -1.916172174655055187e+02 1.553066222269716673e+05
-6.779020362323280591e-02 -5.903753612508563092e-02 1.000000000000000000e+00
DSC_8266.JPG_max_x: 1180.26
DSC_8266.JPG_min_x: 754.282
DSC_8266.JPG_max_y: 1946.16
DSC_8266.JPG_min_y: 1115.97
DSC_8319.JPG_max_x: 698.192
DSC_8319.JPG_min_x: 129.512
DSC_8319.JPG_max_y: 852.896
DSC_8319.JPG_min_y: 60.098
