5.033465015402111220e+00 3.120208988436274922e+00 -2.369917918784578887e+03
-6.667242058849771613e-01 6.309053296845111625e+00 -5.890586659465304365e+03
6.989471947535627790e-05 4.093089019545938061e-03 1.000000000000000000e+00
DSC_8222.JPG_max_x: 1285.48
DSC_8222.JPG_min_x: 122.773
DSC_8222.JPG_max_y: 1857.14
DSC_8222.JPG_min_y: 1110.0
DSC_8367.JPG_max_x: 1167.61
DSC_8367.JPG_min_x: 336.198
DSC_8367.JPG_max_y: 597.097
DSC_8367.JPG_min_y: 163.743
