8.313772301405962795e-01 -6.498884386314162098e-01 5.612254242480100430e+01
4.566938827697994419e-01 -1.064364931363275701e+00 1.189530945338717629e+03
2.961558330500535670e-04 -1.234107379470662054e-03 9.999999999999998890e-01
DSC_8245.JPG_max_x: 1035.25
DSC_8245.JPG_min_x: 228.104
DSC_8245.JPG_max_y: 520.138
DSC_8245.JPG_min_y: 5.62259
DSC_8310.JPG_max_x: 877.989
DSC_8310.JPG_min_x: 70.4491
DSC_8310.JPG_max_y: 1660.52
DSC_8310.JPG_min_y: 1193.44
