6.904454515840040552e-01 -8.165347892179933287e-02 6.667881308549376627e+02
7.589474280326072297e-02 7.886781765559753854e-01 2.952315451105145598e+02
2.813166812328041029e-05 -4.294466086555027968e-05 1.000000000000000000e+00
DSC_8328.JPG_max_x: 863.698
DSC_8328.JPG_min_x: 249.644
DSC_8328.JPG_max_y: 1495.31
DSC_8328.JPG_min_y: 394.533
DSC_8440.JPG_max_x: 1199.08
DSC_8440.JPG_min_x: 781.84
DSC_8440.JPG_max_y: 1574.26
DSC_8440.JPG_min_y: 663.898
