-1.740284752732830009e+00 -4.333644764547158607e-02 1.151870815791311998e+03
-3.018731123511233960e+00 -1.085223917369512847e+00 2.979799596738040691e+03
-2.013546589716203560e-03 1.647932574525947714e-04 1.000000000000000000e+00
DSC_8276.JPG_max_x: 1325.22
DSC_8276.JPG_min_x: 90.3882
DSC_8276.JPG_max_y: 1527.42
DSC_8276.JPG_min_y: 510.642
DSC_8440.JPG_max_x: 962.143
DSC_8440.JPG_min_x: 91.4852
DSC_8440.JPG_max_y: 1934.37
DSC_8440.JPG_min_y: 710.855
