5.077007607813899259e-01 -2.276427496547729357e-01 5.211993616917083045e+02
-1.809112528219064264e-01 4.416649977179930575e-01 5.926712435968807995e+02
-1.916858513838622872e-04 -1.295513363912754242e-04 1.000000000000000000e+00
DSC_8292.JPG_max_x: 1131.4
DSC_8292.JPG_min_x: 21.5034
DSC_8292.JPG_max_y: 1707.23
DSC_8292.JPG_min_y: 688.366
DSC_8446.JPG_max_x: 1323.23
DSC_8446.JPG_min_x: 257.355
DSC_8446.JPG_max_y: 1762.71
DSC_8446.JPG_min_y: 965.613
