4.074157163569850915e-01 -6.807540138212806458e-01 9.491483333249123007e+02
2.638533866449827014e-02 -2.668708881697348916e-03 1.063482018069419013e+02
1.271096098214161347e-04 -5.960463566102698835e-04 9.999999999999998890e-01
DSC_8320.JPG_max_x: 943.584
DSC_8320.JPG_min_x: 537.913
DSC_8320.JPG_max_y: 1538.8
DSC_8320.JPG_min_y: 1029.98
DSC_8471.JPG_max_x: 1284.39
DSC_8471.JPG_min_x: 684.041
DSC_8471.JPG_max_y: 780.553
DSC_8471.JPG_min_y: 189.236
