8.378739399816351741e-01 -8.091663962891511297e-02 -5.845830730343704573e+01
-6.090981479316219527e-02 7.795385722202650136e-01 2.357622606283985078e+02
-7.152473853544913363e-05 -1.044311413263954413e-04 1.000000000000000000e+00
DSC_8276.JPG_max_x: 1291.8
DSC_8276.JPG_min_x: 241.396
DSC_8276.JPG_max_y: 1286.5
DSC_8276.JPG_min_y: 416.504
DSC_8456.JPG_max_x: 1137.82
DSC_8456.JPG_min_x: 106.483
DSC_8456.JPG_max_y: 1454.17
DSC_8456.JPG_min_y: 552.061
