6.046841033487093675e-01 -1.163956308765011771e+00 1.264239645730061739e+03
1.298292447491260770e-01 -9.935567501267368318e-01 1.098935882868647013e+03
2.605530788473750916e-04 -9.097382569064666911e-04 1.000000000000000000e+00
DSC_8258.JPG_max_x: 860.704
DSC_8258.JPG_min_x: 11.0801
DSC_8258.JPG_max_y: 1704.71
DSC_8258.JPG_min_y: 676.163
DSC_8446.JPG_max_x: 1323.23
DSC_8446.JPG_min_x: 255.708
DSC_8446.JPG_max_y: 1715.75
DSC_8446.JPG_min_y: 979.278
