2.141707813453603393e+00 5.306617651736883490e-01 -5.889908452872000453e+02
-1.535001687567185136e-01 2.216421754792849086e+00 -2.188134171424831493e+03
2.878594049029500998e-04 7.123378311277373323e-04 1.000000000000000000e+00
DSC_8424.JPG_max_x: 1322.75
DSC_8424.JPG_min_x: 415.166
DSC_8424.JPG_max_y: 1713.7
DSC_8424.JPG_min_y: 1177.29
DSC_8441.JPG_max_x: 1277.43
DSC_8441.JPG_min_x: 505.953
DSC_8441.JPG_max_y: 650.78
DSC_8441.JPG_min_y: 120.744
