-7.590448636005932281e-02 -3.152500385270083916e-01 4.762282870107026156e+02
3.272137712723906522e-01 -9.752598230338290763e-01 7.791541119515193259e+02
2.408755292400388786e-04 -1.051976949805740608e-03 9.999999999999998890e-01
DSC_8244.JPG_max_x: 1240.63
DSC_8244.JPG_min_x: 22.9737
DSC_8244.JPG_max_y: 1364.51
DSC_8244.JPG_min_y: 553.288
DSC_8262.JPG_max_x: 668.424
DSC_8262.JPG_min_x: 37.5378
DSC_8262.JPG_max_y: 1215.86
DSC_8262.JPG_min_y: 543.296
