1.312316889695406941e+00 9.284568939613663252e-02 -3.618498114134649200e+02
9.547606164218633631e-03 1.190113436622814547e+00 -1.850435914394134045e+02
1.106911096753668120e-04 8.168033292391394909e-06 1.000000000000000000e+00
DSC_8430.JPG_max_x: 1314.05
DSC_8430.JPG_min_x: 268.535
DSC_8430.JPG_max_y: 1597.65
DSC_8430.JPG_min_y: 932.408
DSC_8452.JPG_max_x: 1325.02
DSC_8452.JPG_min_x: 113.235
DSC_8452.JPG_max_y: 1474.53
DSC_8452.JPG_min_y: 827.082
