4.106740108624638008e-01 -5.217187101859770831e-02 7.834312177675766407e+02
-2.440288477527710886e-01 7.951267610561899568e-01 2.861069476785972938e+02
-2.635916979913005315e-04 -1.685093359305238400e-06 1.000000000000000000e+00
DSC_8246.JPG_max_x: 787.43
DSC_8246.JPG_min_x: 147.966
DSC_8246.JPG_max_y: 1440.5
DSC_8246.JPG_min_y: 480.363
DSC_8456.JPG_max_x: 1321.84
DSC_8456.JPG_min_x: 811.897
DSC_8456.JPG_max_y: 1469.53
DSC_8456.JPG_min_y: 602.519
