8.204502148542131001e-01 1.074785669318553682e-01 -3.579584962713780669e+02
4.024244885467738175e-01 2.405386133858566644e-01 1.008033852615922115e+03
3.975383191053328841e-04 -4.149166310399225559e-04 1.000000000000000000e+00
DSC_8429.JPG_max_x: 1141.38
DSC_8429.JPG_min_x: 392.578
DSC_8429.JPG_max_y: 652.815
DSC_8429.JPG_min_y: 100.839
DSC_8474.JPG_max_x: 529.809
DSC_8474.JPG_min_x: 21.9297
DSC_8474.JPG_max_y: 1439.26
DSC_8474.JPG_min_y: 1063.77
