-6.471252194567210125e+00 -4.228495430415200040e+00 1.068468869005149099e+04
-1.962870917629102596e+00 -8.791236089025042943e+00 3.829614569322382067e+03
-4.831748186589255624e-03 -2.445726349221776126e-03 1.000000000000000000e+00
DSC_8267.JPG_max_x: 1319.28
DSC_8267.JPG_min_x: 881.476
DSC_8267.JPG_max_y: 1408.2
DSC_8267.JPG_min_y: 891.246
DSC_8269.JPG_max_x: 405.462
DSC_8269.JPG_min_x: 29.8432
DSC_8269.JPG_max_y: 1423.97
DSC_8269.JPG_min_y: 921.72
