7.984171497756685776e-01 2.270560977317558071e-02 3.330976886860086097e+02
1.762994015999591602e-01 7.303927827277513218e-01 4.540664744470169580e+02
1.329885301499970170e-04 3.348109401079171874e-05 1.000000000000000000e+00
DSC_8238.JPG_max_x: 1317.65
DSC_8238.JPG_min_x: 21.2495
DSC_8238.JPG_max_y: 1724.18
DSC_8238.JPG_min_y: 728.463
DSC_8414.JPG_max_x: 1164.48
DSC_8414.JPG_min_x: 370.209
DSC_8414.JPG_max_y: 1571.6
DSC_8414.JPG_min_y: 1014.67
