4.031325797038183834e-01 -3.602849199070368713e-01 7.513922404100204631e+02
9.817222652622356605e-02 7.489858924004778595e-01 2.757194927346757396e+01
-4.164530103766058301e-04 2.237995722653768940e-05 1.000000000000000000e+00
DSC_8347.JPG_max_x: 901.222
DSC_8347.JPG_min_x: 373.658
DSC_8347.JPG_max_y: 1619.72
DSC_8347.JPG_min_y: 205.055
DSC_8423.JPG_max_x: 1291.12
DSC_8423.JPG_min_x: 409.731
DSC_8423.JPG_max_y: 1617.67
DSC_8423.JPG_min_y: 188.201
