7.971848362446696257e-01 -1.069749758309740256e-01 -4.188487725504596710e+02
-2.255978319549078737e-01 8.351829999792491632e-01 2.498153065037309943e+02
-1.839976157195368325e-04 2.527570143806506613e-05 1.000000000000000000e+00
DSC_8404.JPG_max_x: 1314.95
DSC_8404.JPG_min_x: 691.742
DSC_8404.JPG_max_y: 1855.97
DSC_8404.JPG_min_y: 711.83
DSC_8420.JPG_max_x: 651.82
DSC_8420.JPG_min_x: 4.68237
DSC_8420.JPG_max_y: 1846.39
DSC_8420.JPG_min_y: 742.303
