-1.807685432949636208e+02 -2.888916110679926419e+01 5.038991337545988245e+03
-1.183080359754075346e+02 -8.104104530896184144e+01 2.148602753668404148e+03
-1.288923622520425638e-01 -3.603946482992959749e-02 1.000000000000000000e+00
DSC_8231.JPG_max_x: 285.672
DSC_8231.JPG_min_x: 54.3262
DSC_8231.JPG_max_y: 876.03
DSC_8231.JPG_min_y: 57.6304
DSC_8260.JPG_max_x: 1198.09
DSC_8260.JPG_min_x: 796.858
DSC_8260.JPG_max_y: 1591.7
DSC_8260.JPG_min_y: 971.946
