-7.953662243240135155e+00 -2.410369713988108398e+00 1.790692905927311813e+03
-8.151361177368156019e-01 -1.092829207134489167e+01 1.105010967308257386e+04
1.443633194928047384e-03 -4.158430085997693627e-03 1.000000000000000000e+00
DSC_8198.JPG_max_x: 430.138
DSC_8198.JPG_min_x: 15.5377
DSC_8198.JPG_max_y: 1606.03
DSC_8198.JPG_min_y: 994.731
DSC_8421.JPG_max_x: 1259.6
DSC_8421.JPG_min_x: 386.428
DSC_8421.JPG_max_y: 1202.0
DSC_8421.JPG_min_y: 57.9945
