5.225067996873412612e-01 9.296924035755191329e-02 1.814240878429961015e+02
-1.353852854592778321e-01 7.467350382852770974e-01 1.772605942725918453e+02
-1.902028509930264732e-04 1.517977568438318929e-04 1.000000000000000000e+00
DSC_8242.JPG_max_x: 1290.73
DSC_8242.JPG_min_x: 50.2416
DSC_8242.JPG_max_y: 1891.29
DSC_8242.JPG_min_y: 561.606
DSC_8294.JPG_max_x: 1055.25
DSC_8294.JPG_min_x: 263.92
DSC_8294.JPG_max_y: 1261.89
DSC_8294.JPG_min_y: 508.646
