-3.511036783692036867e+00 -1.079169384866215164e+00 1.755713965408130662e+03
3.785520224744050310e-02 -4.242986070534827014e+00 4.430771163724584767e+03
-4.779382063666689828e-05 -1.495627540753833879e-03 9.999999999999998890e-01
DSC_8200.JPG_max_x: 412.806
DSC_8200.JPG_min_x: 210.52
DSC_8200.JPG_max_y: 1217.87
DSC_8200.JPG_min_y: 1100.5
DSC_8465.JPG_max_x: 1207.87
DSC_8465.JPG_min_x: 312.217
DSC_8465.JPG_max_y: 861.797
DSC_8465.JPG_min_y: 355.382
