1.330272400413534672e-01 -3.508308671661877071e-02 6.997743546782306794e+02
-2.991594590168749623e-01 6.032817624590582906e-01 3.049074295539453487e+02
-3.219581227933048309e-04 -4.995763853961340622e-06 1.000000000000000000e+00
DSC_8330.JPG_max_x: 882.706
DSC_8330.JPG_min_x: 60.4812
DSC_8330.JPG_max_y: 1956.14
DSC_8330.JPG_min_y: 569.219
DSC_8298.JPG_max_x: 1098.66
DSC_8298.JPG_min_x: 679.714
DSC_8298.JPG_max_y: 1677.71
DSC_8298.JPG_min_y: 577.372
