1.228017051032924467e+00 -3.096201132128442030e-02 -1.063482683381929093e+02
1.275389879586399759e-02 1.149161371879893867e+00 -2.287014309891039545e+02
1.372535452764437843e-05 -6.014105616652576147e-05 1.000000000000000000e+00
DSC_8398.JPG_max_x: 1118.5
DSC_8398.JPG_min_x: 383.631
DSC_8398.JPG_max_y: 1654.07
DSC_8398.JPG_min_y: 973.741
DSC_8416.JPG_max_x: 1294.83
DSC_8416.JPG_min_x: 351.162
DSC_8416.JPG_max_y: 1855.37
DSC_8416.JPG_min_y: 944.011
