9.261542632480557202e+00 -2.004396056013039829e+00 -4.060466996274909889e+03
1.310554876338406949e+01 -2.570787866363900775e+00 -2.959340014374734437e+03
1.232682792541778781e-02 -5.730762676953485811e-03 9.999999999999998890e-01
DSC_8222.JPG_max_x: 1307.24
DSC_8222.JPG_min_x: 188.457
DSC_8222.JPG_max_y: 1536.36
DSC_8222.JPG_min_y: 778.139
DSC_8444.JPG_max_x: 1002.54
DSC_8444.JPG_min_x: 17.8616
DSC_8444.JPG_max_y: 1311.02
DSC_8444.JPG_min_y: 819.852
