2.064341709084806187e+00 -5.170998855223872537e-02 -5.376297564485868179e+02
2.199792968052540765e+00 -9.901480705798482163e-02 1.281399297048727476e+03
1.803113464254427504e-03 -6.281602825789920014e-04 1.000000000000000000e+00
DSC_8267.JPG_max_x: 1260.71
DSC_8267.JPG_min_x: 728.474
DSC_8267.JPG_max_y: 1169.69
DSC_8267.JPG_min_y: 14.3534
DSC_8398.JPG_max_x: 753.538
DSC_8398.JPG_min_x: 420.545
DSC_8398.JPG_max_y: 1591.83
DSC_8398.JPG_min_y: 1250.64
