4.163083769124155786e+00 1.106326668266615909e-01 -1.830613063746172429e+03
1.502568938670179877e-01 4.293955343915924594e+00 -3.190239013877252546e+03
1.825067247516412193e-04 1.232561000651438341e-04 1.000000000000000000e+00
DSC_8196.JPG_max_x: 670.904
DSC_8196.JPG_min_x: 411.884
DSC_8196.JPG_max_y: 1299.29
DSC_8196.JPG_min_y: 783.607
DSC_8386.JPG_max_x: 869.946
DSC_8386.JPG_min_x: 15.5257
DSC_8386.JPG_max_y: 1969.83
DSC_8386.JPG_min_y: 238.634
