9.956258116726084406e-01 -5.360905150347895082e-02 -1.023605900621031651e+03
2.567863753406693039e+00 -2.555589208304513971e+00 7.690231366377466315e+01
1.110394926712424688e-03 -2.210276239686906775e-03 1.000000000000000000e+00
DSC_8291.JPG_max_x: 1251.94
DSC_8291.JPG_min_x: 747.501
DSC_8291.JPG_max_y: 1351.9
DSC_8291.JPG_min_y: 233.179
DSC_8292.JPG_max_x: 831.295
DSC_8292.JPG_min_x: 35.0906
DSC_8292.JPG_max_y: 1762.71
DSC_8292.JPG_min_y: 1128.98
