1.976494520935224264e+00 5.377011376871659865e-01 -6.465321930178507728e+02
2.750041880748521073e-01 1.952806856181318551e+00 -1.359101821257760548e+03
4.329954969769718746e-04 5.443263307825450511e-04 1.000000000000000000e+00
DSC_8322.JPG_max_x: 1327.26
DSC_8322.JPG_min_x: 345.799
DSC_8322.JPG_max_y: 1730.97
DSC_8322.JPG_min_y: 610.462
DSC_8445.JPG_max_x: 1181.18
DSC_8445.JPG_min_x: 398.856
DSC_8445.JPG_max_y: 929.737
DSC_8445.JPG_min_y: 20.5391
