4.816430887348622791e-01 -3.061487132888239884e-02 6.347958467593531395e+02
1.213922705209543457e-01 3.494543632222537055e-01 5.620993114420670054e+02
1.242790709130266245e-04 -2.427594312336502948e-05 1.000000000000000000e+00
DSC_8268.JPG_max_x: 1307.83
DSC_8268.JPG_min_x: 13.725
DSC_8268.JPG_max_y: 1399.52
DSC_8268.JPG_min_y: 506.824
DSC_8350.JPG_max_x: 1086.73
DSC_8350.JPG_min_x: 616.572
DSC_8350.JPG_max_y: 1088.54
DSC_8350.JPG_min_y: 772.888
