-3.639284136265160452e+00 -8.031525366324851589e+00 2.549538904800387172e+03
-2.824315397229588243e+00 -1.985772185905384646e+01 3.553333714290498847e+03
-1.388555933484899490e-03 -1.476901650484368361e-02 1.000000000000000000e+00
DSC_8304.JPG_max_x: 1106.53
DSC_8304.JPG_min_x: 29.0201
DSC_8304.JPG_max_y: 1784.88
DSC_8304.JPG_min_y: 487.392
DSC_8378.JPG_max_x: 758.023
DSC_8378.JPG_min_x: 309.745
DSC_8378.JPG_max_y: 1403.63
DSC_8378.JPG_min_y: 1095.5
