2.715088359946684182e+00 6.779968629490494836e-01 -8.980050794852244280e+02
-1.619736333696773778e-01 2.599525089868226502e+00 -1.394923188081200578e+03
6.633433558837174013e-05 5.038994381954218236e-04 1.000000000000000000e+00
DSC_8380.JPG_max_x: 828.175
DSC_8380.JPG_min_x: 214.745
DSC_8380.JPG_max_y: 1540.89
DSC_8380.JPG_min_y: 1091.75
DSC_8452.JPG_max_x: 1290.77
DSC_8452.JPG_min_x: 375.0
DSC_8452.JPG_max_y: 1421.25
DSC_8452.JPG_min_y: 843.977
