1.017458552324805865e+00 -7.298934262306796539e-01 7.261358809528707070e+02
1.115840975343562469e-01 6.606945664382392058e-01 5.898911644228902418e+01
-1.407454320522966444e-04 -1.425343384399857679e-04 1.000000000000000000e+00
DSC_8293.JPG_max_x: 918.232
DSC_8293.JPG_min_x: 83.3051
DSC_8293.JPG_max_y: 1429.54
DSC_8293.JPG_min_y: 77.7891
DSC_8321.JPG_max_x: 1110.75
DSC_8321.JPG_min_x: 394.061
DSC_8321.JPG_max_y: 1620.98
DSC_8321.JPG_min_y: 113.144
