-3.820472756087013866e-01 -2.329796477627193441e-01 6.405030042541073954e+02
-1.109494460465370036e+00 -5.169794638859475100e-01 1.565507863059671990e+03
-7.809863142427881559e-04 -2.902457513593101205e-04 1.000000000000000000e+00
DSC_8200.JPG_max_x: 1314.25
DSC_8200.JPG_min_x: 657.428
DSC_8200.JPG_max_y: 1494.4
DSC_8200.JPG_min_y: 1131.37
DSC_8396.JPG_max_x: 848.226
DSC_8396.JPG_min_x: 56.8433
DSC_8396.JPG_max_y: 1562.21
DSC_8396.JPG_min_y: 1257.13
