3.228708845641381497e+00 9.449970511141915219e-01 -1.073342063907959982e+03
-9.170508544875225487e-01 5.182233423295635966e+00 -3.947418185125334730e+03
-3.667202634871075031e-03 1.389430583583436008e-03 1.000000000000000000e+00
DSC_8278.JPG_max_x: 314.768
DSC_8278.JPG_min_x: 183.187
DSC_8278.JPG_max_y: 977.409
DSC_8278.JPG_min_y: 817.727
DSC_8407.JPG_max_x: 714.38
DSC_8407.JPG_min_x: 235.067
DSC_8407.JPG_max_y: 659.672
DSC_8407.JPG_min_y: 24.3367
