1.089575392567912360e+00 4.703231330034309821e-01 -6.351383036783772695e+02
-3.567860780274878518e-01 1.896943537658001055e+00 -4.029745225413041680e+02
-3.655306356629607232e-04 2.173095225963126895e-04 1.000000000000000000e+00
DSC_8196.JPG_max_x: 1159.18
DSC_8196.JPG_min_x: 111.381
DSC_8196.JPG_max_y: 1255.26
DSC_8196.JPG_min_y: 789.919
DSC_8422.JPG_max_x: 1323.06
DSC_8422.JPG_min_x: 29.9623
DSC_8422.JPG_max_y: 1856.54
DSC_8422.JPG_min_y: 978.806
