7.300984108173171894e-01 -1.269887441687816698e-01 3.705258278884513743e+02
-2.036227446192812388e-02 5.160062794007269638e-01 2.862846085554347724e+02
5.927053073045688000e-06 -2.154723118316517543e-04 1.000000000000000000e+00
DSC_8221.JPG_max_x: 943.033
DSC_8221.JPG_min_x: 144.628
DSC_8221.JPG_max_y: 565.494
DSC_8221.JPG_min_y: 137.193
DSC_8379.JPG_max_x: 1054.45
DSC_8379.JPG_min_x: 464.291
DSC_8379.JPG_max_y: 652.303
DSC_8379.JPG_min_y: 350.138
