7.708434542619689578e-02 -1.658583587223852740e-01 9.489846255118350200e+02
-3.750348081891357044e-01 1.474428649750632037e-01 1.400438048235416773e+03
-2.713162415771448060e-04 -1.482502963243215513e-04 1.000000000000000000e+00
DSC_8287.JPG_max_x: 832.955
DSC_8287.JPG_min_x: 188.702
DSC_8287.JPG_max_y: 847.099
DSC_8287.JPG_min_y: 37.3282
DSC_8470.JPG_max_x: 1320.69
DSC_8470.JPG_min_x: 1022.34
DSC_8470.JPG_max_y: 1789.49
DSC_8470.JPG_min_y: 1422.48
