1.311906162882014559e+00 3.309247460878843999e-02 -1.836875021514896105e+02
-5.180861589789955562e-02 1.294845684539472686e+00 -2.830357316302226423e+02
-3.208562764163876418e-05 4.498739022030170411e-05 1.000000000000000000e+00
DSC_8414.JPG_max_x: 1133.55
DSC_8414.JPG_min_x: 105.5
DSC_8414.JPG_max_y: 1544.02
DSC_8414.JPG_min_y: 1017.14
DSC_8446.JPG_max_x: 1323.23
DSC_8446.JPG_min_x: 12.3481
DSC_8446.JPG_max_y: 1602.32
DSC_8446.JPG_min_y: 965.613
