-1.679293811916995782e+00 2.114564351292137490e-01 1.618240414132318392e+03
-3.173741531094245172e+00 1.791952794284843720e-01 2.748437977661211335e+03
-2.514900808964912020e-03 1.269199230583553705e-03 9.999999999999998890e-01
DSC_8218.JPG_max_x: 1327.99
DSC_8218.JPG_min_x: 332.053
DSC_8218.JPG_max_y: 1183.87
DSC_8218.JPG_min_y: 737.114
DSC_8448.JPG_max_x: 1160.7
DSC_8448.JPG_min_x: 8.19525
DSC_8448.JPG_max_y: 1936.2
DSC_8448.JPG_min_y: 699.426
