5.812653767538384919e-01 1.973437873842543930e-04 1.292038029071196945e+02
-1.776558040539182037e-02 6.244006610743636498e-01 4.025153689698138919e+02
-5.300132215536683243e-05 2.891776967261607800e-05 1.000000000000000000e+00
DSC_8272.JPG_max_x: 1314.25
DSC_8272.JPG_min_x: 78.0233
DSC_8272.JPG_max_y: 1977.6
DSC_8272.JPG_min_y: 669.217
DSC_8452.JPG_max_x: 921.828
DSC_8452.JPG_min_x: 171.765
DSC_8452.JPG_max_y: 1553.45
DSC_8452.JPG_min_y: 826.146
