1.926203987601684764e+00 4.957972853671123170e-01 -1.349591656387170588e+03
-5.066122387348234168e-01 1.285073729707838286e+00 1.030355306451333263e+03
1.187519986058263279e-04 4.552229190557246987e-05 1.000000000000000000e+00
DSC_8267.JPG_max_x: 1294.08
DSC_8267.JPG_min_x: 595.385
DSC_8267.JPG_max_y: 1053.82
DSC_8267.JPG_min_y: 30.0722
DSC_8465.JPG_max_x: 1238.2
DSC_8465.JPG_min_x: 295.628
DSC_8465.JPG_max_y: 1718.13
DSC_8465.JPG_min_y: 482.911
