1.777843965760995459e+00 4.172875559577659543e-01 -7.491394957284600196e+02
-9.422180143277446296e-02 1.943294249704070387e+00 -2.398241861792630061e+03
-4.057878002526585826e-05 4.446903386795192435e-04 1.000000000000000000e+00
DSC_8224.JPG_max_x: 1254.78
DSC_8224.JPG_min_x: 148.665
DSC_8224.JPG_max_y: 1927.86
DSC_8224.JPG_min_y: 1438.25
DSC_8225.JPG_max_x: 1312.38
DSC_8225.JPG_min_x: 178.906
DSC_8225.JPG_max_y: 705.442
DSC_8225.JPG_min_y: 220.42
