-8.618803873623743783e-01 9.826540659891536134e-02 5.934429418239726601e+02
-1.504599557844764623e+00 -3.664096481224751733e-02 1.176792289319037991e+03
-1.371167933717806157e-03 3.093883068249044589e-05 1.000000000000000000e+00
DSC_8252.JPG_max_x: 1272.8
DSC_8252.JPG_min_x: 101.396
DSC_8252.JPG_max_y: 1959.23
DSC_8252.JPG_min_y: 591.355
DSC_8287.JPG_max_x: 1004.48
DSC_8287.JPG_min_x: 424.415
DSC_8287.JPG_max_y: 1289.91
DSC_8287.JPG_min_y: 922.116
