-1.889541355712100357e+00 -7.209450706108570806e-02 1.145788209722885767e+03
-3.015581631758148973e+00 3.467563231996718121e-01 1.013001091387670499e+03
-2.550942492921970655e-03 2.100354239739819979e-04 1.000000000000000000e+00
DSC_8320.JPG_max_x: 1040.59
DSC_8320.JPG_min_x: 29.0476
DSC_8320.JPG_max_y: 1757.99
DSC_8320.JPG_min_y: 531.971
DSC_8398.JPG_max_x: 1160.09
DSC_8398.JPG_min_x: 410.022
DSC_8398.JPG_max_y: 1524.28
DSC_8398.JPG_min_y: 995.289
