3.612559830485082113e+00 1.171061342593602506e+00 -1.259694319174684324e+03
1.715987255247839183e-01 4.570197969355364265e+00 -4.069315155728475474e+03
7.232882619341076682e-05 2.151473449007157077e-03 1.000000000000000000e+00
DSC_8292.JPG_max_x: 915.237
DSC_8292.JPG_min_x: 44.9838
DSC_8292.JPG_max_y: 1949.72
DSC_8292.JPG_min_y: 1060.09
DSC_8453.JPG_max_x: 950.795
DSC_8453.JPG_min_x: 111.909
DSC_8453.JPG_max_y: 929.523
DSC_8453.JPG_min_y: 250.521
