2.359923588888686863e-01 -8.300136788760777984e-01 8.818895004154022672e+02
1.040083134617177107e-01 -4.536798392932866464e-01 5.376587385498680760e+02
3.290422149930215799e-04 -9.328581151814241369e-04 1.000000000000000000e+00
DSC_8240.JPG_max_x: 948.793
DSC_8240.JPG_min_x: 28.0237
DSC_8240.JPG_max_y: 1761.85
DSC_8240.JPG_min_y: 1203.1
DSC_8447.JPG_max_x: 1327.09
DSC_8447.JPG_min_x: 208.911
DSC_8447.JPG_max_y: 670.788
DSC_8447.JPG_min_y: 155.342
