9.529692119769745950e-01 -4.967961642880354689e-01 -3.313286250778609769e+02
2.316474175982679573e-01 3.527902472115138077e-01 -4.348222555006443599e+02
9.254626343071779056e-04 -1.452569147568093504e-03 1.000000000000000000e+00
DSC_8292.JPG_max_x: 1327.63
DSC_8292.JPG_min_x: 947.23
DSC_8292.JPG_max_y: 1169.86
DSC_8292.JPG_min_y: 758.304
DSC_8445.JPG_max_x: 1055.72
DSC_8445.JPG_min_x: 181.622
DSC_8445.JPG_max_y: 666.506
DSC_8445.JPG_min_y: 44.8467
