5.147325533215163951e+00 6.073354012085409037e-01 -1.282587018959243096e+03
6.538111807120926267e-02 5.264797032810315081e+00 -3.098327495889610006e+01
3.890624240207350102e-05 1.572355000503461529e-03 9.999999999999998890e-01
DSC_8379.JPG_max_x: 537.117
DSC_8379.JPG_min_x: 270.159
DSC_8379.JPG_max_y: 230.732
DSC_8379.JPG_min_y: 4.39294
DSC_8465.JPG_max_x: 1207.87
DSC_8465.JPG_min_x: 131.065
DSC_8465.JPG_max_y: 858.508
DSC_8465.JPG_min_y: 15.8021
