-2.576612065780448102e-01 -3.889371304813037944e-01 1.460348872957439426e+03
-5.948884980934069366e-01 1.126197530970099114e+00 3.540123251670980835e+02
-1.106331114739279821e-03 3.323237619148093841e-04 1.000000000000000000e+00
DSC_8233.JPG_max_x: 359.759
DSC_8233.JPG_min_x: 13.0806
DSC_8233.JPG_max_y: 1018.35
DSC_8233.JPG_min_y: 335.169
DSC_8313.JPG_max_x: 1328.92
DSC_8313.JPG_min_x: 812.441
DSC_8313.JPG_max_y: 1213.31
DSC_8313.JPG_min_y: 657.025
