-4.040964281917294620e+00 -1.027805036259532567e+00 5.567273304118531087e+03
7.703259921804692101e-02 -4.571304553576368335e+00 4.339034640355441297e+03
-9.805788794609927080e-04 -1.422323745760390584e-03 1.000000000000000000e+00
DSC_8218.JPG_max_x: 1327.04
DSC_8218.JPG_min_x: 1106.96
DSC_8218.JPG_max_y: 1183.87
DSC_8218.JPG_min_y: 1006.63
DSC_8449.JPG_max_x: 509.913
DSC_8449.JPG_min_x: 38.849
DSC_8449.JPG_max_y: 495.479
DSC_8449.JPG_min_y: 105.467
