-1.083829985817128971e+00 -1.574636220503779216e-01 1.265372221311429257e+03
-1.498007785389511293e+00 -5.555605796118879836e-01 1.902916426714292811e+03
-1.095170634033527631e-03 -1.570998485647597879e-05 1.000000000000000000e+00
DSC_8276.JPG_max_x: 1326.99
DSC_8276.JPG_min_x: 631.986
DSC_8276.JPG_max_y: 1338.12
DSC_8276.JPG_min_y: 510.642
DSC_8344.JPG_max_x: 1214.84
DSC_8344.JPG_min_x: 38.9346
DSC_8344.JPG_max_y: 1841.67
DSC_8344.JPG_min_y: 311.719
