5.171995770908730528e-01 -8.807202312318349047e-02 9.980466562971640769e+02
-2.680165152558404151e-01 9.124216478653186524e-01 1.137820602127245735e+02
-3.491144897607279364e-04 5.427848818071042978e-06 1.000000000000000000e+00
DSC_8306.JPG_max_x: 439.465
DSC_8306.JPG_min_x: 14.1319
DSC_8306.JPG_max_y: 1443.3
DSC_8306.JPG_min_y: 579.367
DSC_8320.JPG_max_x: 1327.42
DSC_8320.JPG_min_x: 897.478
DSC_8320.JPG_max_y: 1470.18
DSC_8320.JPG_min_y: 630.538
