1.222247281120666162e+00 5.496601638454179373e-01 -1.360501386404311461e+03
-1.901621149389258747e-01 1.137278503485102066e+00 3.329770889733255785e+02
2.379921319949266202e-04 -1.051741272980015056e-04 9.999999999999998890e-01
DSC_8377.JPG_max_x: 1042.42
DSC_8377.JPG_min_x: 756.776
DSC_8377.JPG_max_y: 1171.21
DSC_8377.JPG_min_y: 317.411
DSC_8399.JPG_max_x: 353.985
DSC_8399.JPG_min_x: 69.0896
DSC_8399.JPG_max_y: 1408.57
DSC_8399.JPG_min_y: 407.054
