1.229102049514460560e-01 -3.118019414868699046e-01 2.556531956118289202e+02
-5.614341289964286386e-01 -5.704701887849082942e-01 1.046540348212045046e+03
-4.849794447280977383e-04 -6.015561580187857174e-04 1.000000000000000000e+00
DSC_8264.JPG_max_x: 785.996
DSC_8264.JPG_min_x: 13.6269
DSC_8264.JPG_max_y: 1772.19
DSC_8264.JPG_min_y: 682.345
DSC_8418.JPG_max_x: 989.544
DSC_8418.JPG_min_x: 27.4632
DSC_8418.JPG_max_y: 1467.22
DSC_8418.JPG_min_y: 831.389
