-9.408544167005387093e-01 2.730430747548838744e-01 7.624357968460594748e+02
-3.079446334630739912e+00 8.471088631328067553e-01 2.245402532776335647e+03
-1.564795311769815161e-03 8.126993588958768364e-04 1.000000000000000000e+00
DSC_8345.JPG_max_x: 1248.76
DSC_8345.JPG_min_x: 676.371
DSC_8345.JPG_max_y: 1286.99
DSC_8345.JPG_min_y: 42.8938
DSC_8406.JPG_max_x: 478.954
DSC_8406.JPG_min_x: 319.143
DSC_8406.JPG_max_y: 1974.18
DSC_8406.JPG_min_y: 1047.56
