1.430682198648360437e+00 -1.129755797174410104e+00 -4.912502815853181204e+01
1.366983824372476564e+00 -3.479870985034998920e+00 1.368513453834284292e+03
7.439750754237606798e-04 -2.326356231044020631e-03 1.000000000000000000e+00
DSC_8337.JPG_max_x: 1288.66
DSC_8337.JPG_min_x: 499.818
DSC_8337.JPG_max_y: 589.373
DSC_8337.JPG_min_y: 192.856
DSC_8466.JPG_max_x: 1295.39
DSC_8466.JPG_min_x: 139.224
DSC_8466.JPG_max_y: 1725.62
DSC_8466.JPG_min_y: 1072.04
