7.913215057682140285e-01 -6.478075024025896356e-02 5.388204387359675138e+02
6.916195135910038760e-02 6.450345245624592438e-01 3.625345827954679407e+02
7.661861231955431758e-05 -7.413969094279747275e-05 1.000000000000000000e+00
DSC_8314.JPG_max_x: 589.718
DSC_8314.JPG_min_x: 21.7721
DSC_8314.JPG_max_y: 1799.35
DSC_8314.JPG_min_y: 474.091
DSC_8232.JPG_max_x: 977.762
DSC_8232.JPG_min_x: 539.494
DSC_8232.JPG_max_y: 1731.39
DSC_8232.JPG_min_y: 692.137
