5.384304286415749097e+00 9.706629066540017892e-01 -2.373105384087034508e+03
-2.307002694158738487e-02 5.707209126204979555e+00 -4.812125744506938645e+02
-8.870028647040078759e-05 1.653642824080944198e-03 1.000000000000000000e+00
DSC_8399.JPG_max_x: 703.819
DSC_8399.JPG_min_x: 404.701
DSC_8399.JPG_max_y: 311.368
DSC_8399.JPG_min_y: 104.275
DSC_8465.JPG_max_x: 1292.38
DSC_8465.JPG_min_x: 69.3614
DSC_8465.JPG_max_y: 861.797
DSC_8465.JPG_min_y: 88.7548
