-4.389852451069909955e-01 1.485435530713281362e-02 4.353106696151854180e+02
-1.641502988638111171e+00 -2.109705518343412411e-01 1.739940336685087004e+03
-1.200869455391928619e-03 3.751304167011077368e-05 9.999999999999998890e-01
DSC_8364.JPG_max_x: 1284.82
DSC_8364.JPG_min_x: 557.591
DSC_8364.JPG_max_y: 1632.59
DSC_8364.JPG_min_y: 251.333
DSC_8366.JPG_max_x: 459.169
DSC_8366.JPG_min_x: 9.42276
DSC_8366.JPG_max_y: 1577.98
DSC_8366.JPG_min_y: 88.8316
