-7.851193479854784441e-01 3.127581106045453363e-01 5.061985443749313163e+02
-9.427223184398197953e-01 2.013000001835619779e-01 7.769823779508815278e+02
-1.951497478482139064e-03 9.549487544588174202e-04 9.999999999999998890e-01
DSC_8250.JPG_max_x: 1266.61
DSC_8250.JPG_min_x: 1073.92
DSC_8250.JPG_max_y: 1266.01
DSC_8250.JPG_min_y: 1044.77
DSC_8465.JPG_max_x: 1216.46
DSC_8465.JPG_min_x: 147.592
DSC_8465.JPG_max_y: 857.012
DSC_8465.JPG_min_y: 142.975
