-6.096805482087631622e-01 -4.165007328668196007e-01 1.007672048286958670e+03
-1.515732593325207045e+00 -2.624475605684205987e-02 9.625299183489738652e+02
-9.769672405251816124e-04 -3.672428951712077678e-04 1.000000000000000000e+00
DSC_8330.JPG_max_x: 912.937
DSC_8330.JPG_min_x: 28.2815
DSC_8330.JPG_max_y: 1242.09
DSC_8330.JPG_min_y: 601.62
DSC_8422.JPG_max_x: 1329.11
DSC_8422.JPG_min_x: 221.959
DSC_8422.JPG_max_y: 1856.54
DSC_8422.JPG_min_y: 961.146
