-3.186568511920072622e-01 1.120974675970804135e+00 5.502852747658491239e+01
-9.558621890415511801e-01 1.985486628302823853e+00 5.636114743510327116e+02
-1.237141023798221402e-03 1.627883277172512263e-03 1.000000000000000000e+00
DSC_8304.JPG_max_x: 1188.07
DSC_8304.JPG_min_x: 27.7159
DSC_8304.JPG_max_y: 1784.88
DSC_8304.JPG_min_y: 287.115
DSC_8432.JPG_max_x: 1026.05
DSC_8432.JPG_min_x: 179.884
DSC_8432.JPG_max_y: 1306.54
DSC_8432.JPG_min_y: 808.823
