2.524020961830960363e+00 5.493576817593979200e-01 -1.439989012243168872e+03
-3.889500499880801931e-02 1.266912762007408322e+00 2.344421656450732030e+02
2.021690849982559629e-03 -1.974818748814643414e-04 1.000000000000000000e+00
DSC_8267.JPG_max_x: 1234.06
DSC_8267.JPG_min_x: 861.532
DSC_8267.JPG_max_y: 1169.69
DSC_8267.JPG_min_y: 108.539
DSC_8351.JPG_max_x: 672.063
DSC_8351.JPG_min_x: 315.686
DSC_8351.JPG_max_y: 557.401
DSC_8351.JPG_min_y: 97.5891
