5.865332901815281108e-01 -3.248427202006237691e-02 6.010302867466590016e+01
2.141188128822029135e-01 5.558179237036670051e-01 6.455952632656253627e+02
1.646979712949983143e-04 7.210662980039233950e-06 1.000000000000000000e+00
DSC_8254.JPG_max_x: 1307.71
DSC_8254.JPG_min_x: 426.228
DSC_8254.JPG_max_y: 1587.09
DSC_8254.JPG_min_y: 580.488
DSC_8366.JPG_max_x: 651.82
DSC_8366.JPG_min_x: 254.21
DSC_8366.JPG_max_y: 1472.83
DSC_8366.JPG_min_y: 1021.55
