5.122586390913654864e-01 -3.294504891346102249e-01 1.406151118105963747e+02
3.406049603727970831e-01 -3.653845860171073823e-01 3.202223676306767857e+02
6.596865058980219730e-04 -8.878537826769091488e-04 1.000000000000000000e+00
DSC_8254.JPG_max_x: 1307.71
DSC_8254.JPG_min_x: 331.176
DSC_8254.JPG_max_y: 1906.92
DSC_8254.JPG_min_y: 1074.68
DSC_8397.JPG_max_x: 1186.08
DSC_8397.JPG_min_x: 115.851
DSC_8397.JPG_max_y: 1039.47
DSC_8397.JPG_min_y: 215.971
