1.151492894979582848e+00 -2.430050584896165933e-01 -2.605842344390115954e+02
5.866273449174879140e-01 -1.706965040331810846e+00 1.109166494817234934e+03
4.547585525660668895e-04 -1.550060407644370322e-03 1.000000000000000000e+00
DSC_8293.JPG_max_x: 1288.27
DSC_8293.JPG_min_x: 237.41
DSC_8293.JPG_max_y: 706.127
DSC_8293.JPG_min_y: 67.1045
DSC_8306.JPG_max_x: 1150.4
DSC_8306.JPG_min_x: 15.432
DSC_8306.JPG_max_y: 1443.12
DSC_8306.JPG_min_y: 1074.7
