-3.852888938069245484e-01 -4.906776078053147749e-01 5.820242941975415079e+02
-1.009855636874916307e+00 -8.937474608910294105e-01 1.214650876203784037e+03
-7.705226259759734688e-04 -8.630335660008234960e-04 1.000000000000000000e+00
DSC_8413.JPG_max_x: 1082.91
DSC_8413.JPG_min_x: 96.4508
DSC_8413.JPG_max_y: 689.605
DSC_8413.JPG_min_y: 51.5982
DSC_8444.JPG_max_x: 1002.54
DSC_8444.JPG_min_x: 479.456
DSC_8444.JPG_max_y: 1512.16
DSC_8444.JPG_min_y: 874.186
