-1.120575255439673512e+00 7.708112176814880812e-01 2.622229531720365117e+02
-8.900559564433729420e+00 3.820484021248762296e+00 2.560802342364975175e+03
-5.109481740661637843e-03 3.916632077531765482e-03 1.000000000000000000e+00
DSC_8313.JPG_max_x: 816.984
DSC_8313.JPG_min_x: 394.308
DSC_8313.JPG_max_y: 277.306
DSC_8313.JPG_min_y: 27.7261
DSC_8422.JPG_max_x: 954.277
DSC_8422.JPG_min_x: 82.7975
DSC_8422.JPG_max_y: 1765.27
DSC_8422.JPG_min_y: 761.335
