-1.105925470985147652e-01 -3.316668818621806847e-01 3.911703282825232577e+02
-1.047858132217158955e+00 -8.655902012678112767e-02 9.102836924710385347e+02
-7.476451803022850532e-04 -4.429266391193511457e-04 1.000000000000000000e+00
DSC_8197.JPG_max_x: 1268.99
DSC_8197.JPG_min_x: 155.442
DSC_8197.JPG_max_y: 937.575
DSC_8197.JPG_min_y: 50.3423
DSC_8407.JPG_max_x: 892.688
DSC_8407.JPG_min_x: 122.421
DSC_8407.JPG_max_y: 1807.69
DSC_8407.JPG_min_y: 476.283
