-6.082002044846376299e-01 1.331123934074771378e-02 5.080604844240599505e+02
-1.329776137251832857e+00 -2.105695757184717631e-01 1.204429926954329630e+03
-1.320265660065590881e-03 8.671831507482172078e-05 1.000000000000000000e+00
DSC_8197.JPG_max_x: 1289.33
DSC_8197.JPG_min_x: 735.67
DSC_8197.JPG_max_y: 1060.44
DSC_8197.JPG_min_y: 30.7177
DSC_8331.JPG_max_x: 639.184
DSC_8331.JPG_min_x: 128.402
DSC_8331.JPG_max_y: 1696.04
DSC_8331.JPG_min_y: 423.711
