1.481908810887529349e+00 -1.660524358988470839e+00 1.369429305487755073e+03
1.066903890756710549e+00 -1.309860310754205059e+00 1.539438818347456845e+03
7.184233958007308837e-04 -9.113044798720271395e-04 1.000000000000000000e+00
DSC_8395.JPG_max_x: 667.906
DSC_8395.JPG_min_x: 25.4577
DSC_8395.JPG_max_y: 1180.27
DSC_8395.JPG_min_y: 276.279
DSC_8396.JPG_max_x: 1331.0
DSC_8396.JPG_min_x: 973.01
DSC_8396.JPG_max_y: 1723.19
DSC_8396.JPG_min_y: 1476.59
