9.471953896840907827e-01 -6.455277039595468391e-01 1.294665447899069022e+03
5.872166885728639096e-01 1.590302847130132535e-01 5.867399791466314696e+01
4.439793258043379888e-04 -4.509016403038188349e-04 1.000000000000000000e+00
DSC_8218.JPG_max_x: 203.132
DSC_8218.JPG_min_x: 7.88829
DSC_8218.JPG_max_y: 1675.86
DSC_8218.JPG_min_y: 975.741
DSC_8331.JPG_max_x: 1261.27
DSC_8331.JPG_min_x: 675.686
DSC_8331.JPG_max_y: 1500.52
DSC_8331.JPG_min_y: 125.919
