-3.978687269673405469e-01 8.751279848214960078e-02 4.082735602788953315e+02
-1.634878124601075511e+00 8.087775369024987615e-01 1.482477220140732243e+03
-1.107004621255041526e-03 5.485590467282857414e-04 1.000000000000000000e+00
DSC_8353.JPG_max_x: 1329.88
DSC_8353.JPG_min_x: 1041.54
DSC_8353.JPG_max_y: 596.008
DSC_8353.JPG_min_y: 81.9071
DSC_8428.JPG_max_x: 1007.86
DSC_8428.JPG_min_x: 58.7223
DSC_8428.JPG_max_y: 1657.05
DSC_8428.JPG_min_y: 1229.53
