1.979428120415260395e+00 7.267336260284572302e-02 6.212348939054214725e+02
4.473418942364200679e-01 1.454662771671764832e+00 -3.559703767677943347e+02
5.519502159277991319e-04 4.310617818710209422e-05 9.999999999999998890e-01
DSC_8331.JPG_max_x: 408.378
DSC_8331.JPG_min_x: 41.8015
DSC_8331.JPG_max_y: 1620.66
DSC_8331.JPG_min_y: 375.726
DSC_8403.JPG_max_x: 1153.48
DSC_8403.JPG_min_x: 705.022
DSC_8403.JPG_max_y: 1770.71
DSC_8403.JPG_min_y: 242.77
