-2.823694626942122587e-01 -3.871200135348364102e-02 3.598325949649194513e+02
-9.041321842390355190e-01 -2.313224623182687512e-01 1.232470260711718083e+03
-8.666682704279836261e-04 -8.588584850596385012e-05 1.000000000000000000e+00
DSC_8286.JPG_max_x: 1328.03
DSC_8286.JPG_min_x: 569.76
DSC_8286.JPG_max_y: 1704.21
DSC_8286.JPG_min_y: 703.471
DSC_8306.JPG_max_x: 1043.57
DSC_8306.JPG_min_x: 15.432
DSC_8306.JPG_max_y: 1360.16
DSC_8306.JPG_min_y: 579.367
