5.835082478512768622e-01 -3.322372501074755125e-01 8.114675444329564016e+02
-8.896428958270491405e-02 7.890479373758065851e-01 1.095067019042686070e+03
-2.222440540110792414e-04 -6.525020967191133038e-05 1.000000000000000000e+00
DSC_8311.JPG_max_x: 510.726
DSC_8311.JPG_min_x: 81.7186
DSC_8311.JPG_max_y: 828.225
DSC_8311.JPG_min_y: 420.219
DSC_8442.JPG_max_x: 1134.39
DSC_8442.JPG_min_x: 678.175
DSC_8442.JPG_max_y: 1907.06
DSC_8442.JPG_min_y: 1519.42
