1.341200543983010585e+00 -5.920936153286415586e-03 7.255631794772791920e+01
-1.864733874638728472e-02 1.347631106518041744e+00 -1.257560610641931476e+01
-2.804994392663351377e-05 5.655135600305695714e-05 1.000000000000000000e+00
DSC_8379.JPG_max_x: 914.306
DSC_8379.JPG_min_x: 48.6836
DSC_8379.JPG_max_y: 778.928
DSC_8379.JPG_min_y: 26.8486
DSC_8417.JPG_max_x: 1290.16
DSC_8417.JPG_min_x: 127.113
DSC_8417.JPG_max_y: 989.086
DSC_8417.JPG_min_y: 12.3528
