1.613164186369157260e+00 -3.228107163370406152e-01 1.289027183220941424e+03
4.406839139638077940e-01 1.725358651684837596e+00 1.464116289068609156e+01
-2.226901200681687565e-04 3.478622708606092756e-04 9.999999999999998890e-01
DSC_8363.JPG_max_x: 331.052
DSC_8363.JPG_min_x: 7.41523
DSC_8363.JPG_max_y: 1251.53
DSC_8363.JPG_min_y: 309.048
DSC_8405.JPG_max_x: 1298.55
DSC_8405.JPG_min_x: 631.101
DSC_8405.JPG_max_y: 1527.83
DSC_8405.JPG_min_y: 526.291
