-1.525289910920771206e+02 -3.145259286542245292e+01 -2.540747072602841945e+04
-5.997915118077413155e+01 -1.728896931355094182e+02 1.923951306050747517e+05
-1.571669364171673217e-02 -6.064212112873325344e-02 1.000000000000000000e+00
DSC_8348.JPG_max_x: 212.633
DSC_8348.JPG_min_x: 18.9945
DSC_8348.JPG_max_y: 1791.09
DSC_8348.JPG_min_y: 1077.67
DSC_8421.JPG_max_x: 1259.6
DSC_8421.JPG_min_x: 855.412
DSC_8421.JPG_max_y: 1160.92
DSC_8421.JPG_min_y: 63.9357
