1.053623259713676985e+00 -7.293341453064318414e-02 -6.423747032279883342e+02
-1.007848610094331659e-01 1.116637809985365104e+00 1.195664195748448435e+02
-1.382392460019513829e-04 -1.138418396876015073e-05 1.000000000000000000e+00
DSC_8246.JPG_max_x: 1281.21
DSC_8246.JPG_min_x: 706.149
DSC_8246.JPG_max_y: 1065.85
DSC_8246.JPG_min_y: 633.51
DSC_8438.JPG_max_x: 760.559
DSC_8438.JPG_min_x: 63.4322
DSC_8438.JPG_max_y: 1450.09
DSC_8438.JPG_min_y: 846.536
