3.020450515505336497e+00 1.287405055538416221e+00 -1.695647656950962528e+03
2.199913755484938227e-01 2.906215010614123795e+00 -1.341711865310136773e+03
3.346960530804011266e-04 3.366055880697102227e-03 1.000000000000000000e+00
DSC_8259.JPG_max_x: 1198.79
DSC_8259.JPG_min_x: 468.372
DSC_8259.JPG_max_y: 826.944
DSC_8259.JPG_min_y: 415.325
DSC_8295.JPG_max_x: 799.914
DSC_8295.JPG_min_x: 162.317
DSC_8295.JPG_max_y: 317.269
DSC_8295.JPG_min_y: 38.1689
