7.295060473568169834e-02 -1.818861360235067212e-03 -5.519115897988178432e+01
-6.880614306867287588e-01 4.224384220995565653e-01 9.799240956818009636e+02
-4.987985447401183060e-04 2.367557313759100900e-05 1.000000000000000000e+00
DSC_8306.JPG_max_x: 1297.98
DSC_8306.JPG_min_x: 609.073
DSC_8306.JPG_max_y: 1321.58
DSC_8306.JPG_min_y: 610.371
DSC_8368.JPG_max_x: 174.645
DSC_8368.JPG_min_x: 5.52387
DSC_8368.JPG_max_y: 1560.59
DSC_8368.JPG_min_y: 1031.41
