-1.491205669820593771e+00 8.816262416225242315e-01 1.086003105687897460e+03
-3.191639786136057033e+00 1.552688628140123983e+00 2.348650805659815433e+03
-1.629175560354730132e-03 1.466694877431513238e-03 1.000000000000000000e+00
DSC_8195.JPG_max_x: 1322.62
DSC_8195.JPG_min_x: 129.752
DSC_8195.JPG_max_y: 617.104
DSC_8195.JPG_min_y: 27.8452
DSC_8374.JPG_max_x: 896.004
DSC_8374.JPG_min_x: 258.641
DSC_8374.JPG_max_y: 1863.63
DSC_8374.JPG_min_y: 972.058
