3.117277544133814526e+00 9.175620596772575688e-01 -1.748176724402710533e+03
1.137294237084728321e-01 3.201816733451285923e+00 -3.346072550719094124e+03
2.546519177855458027e-04 1.060958315728144667e-03 1.000000000000000000e+00
DSC_8258.JPG_max_x: 1308.95
DSC_8258.JPG_min_x: 220.12
DSC_8258.JPG_max_y: 1894.86
DSC_8258.JPG_min_y: 1244.55
DSC_8259.JPG_max_x: 1288.55
DSC_8259.JPG_min_x: 77.9407
DSC_8259.JPG_max_y: 892.981
DSC_8259.JPG_min_y: 257.246
