7.073524422803008083e-01 -1.417786675525980755e-01 -4.435600856291582090e+02
-4.157332050622589703e-01 4.005639384403166803e-01 5.243260376442350434e+02
-3.068078447125417545e-04 -2.399173146689737393e-04 1.000000000000000000e+00
DSC_8374.JPG_max_x: 1225.9
DSC_8374.JPG_min_x: 833.29
DSC_8374.JPG_max_y: 1414.5
DSC_8374.JPG_min_y: 709.107
DSC_8402.JPG_max_x: 765.17
DSC_8402.JPG_min_x: 10.9995
DSC_8402.JPG_max_y: 1861.38
DSC_8402.JPG_min_y: 730.684
