-5.126094343818270893e+00 -9.306060804748222282e+00 1.354856390382278050e+03
-2.142051263008333706e+00 -1.916658455710041054e+01 5.085305040295544131e+03
-5.915804142490882359e-04 -1.022830492898542387e-02 1.000000000000000000e+00
DSC_8337.JPG_max_x: 590.728
DSC_8337.JPG_min_x: 9.35026
DSC_8337.JPG_max_y: 955.139
DSC_8337.JPG_min_y: 517.667
DSC_8350.JPG_max_x: 1323.25
DSC_8350.JPG_min_x: 461.576
DSC_8350.JPG_max_y: 1574.56
DSC_8350.JPG_min_y: 1093.97
