-1.737904777456513727e+00 -5.304598635800358286e-01 1.255998332306740849e+03
-2.372487510059092308e+00 -2.826124174509304088e-01 1.367267018927417666e+03
-1.622224829633899142e-03 -3.474087040326990063e-04 1.000000000000000000e+00
DSC_8321.JPG_max_x: 585.082
DSC_8321.JPG_min_x: 34.1114
DSC_8321.JPG_max_y: 1117.34
DSC_8321.JPG_min_y: 550.453
DSC_8416.JPG_max_x: 1248.49
DSC_8416.JPG_min_x: 377.553
DSC_8416.JPG_max_y: 1764.14
DSC_8416.JPG_min_y: 1253.85
