9.116584280761618198e-01 4.017029387329198314e-02 -4.411959363127350002e+02
6.245795624123814949e-02 9.418578792945108136e-01 -1.260660967256123399e+01
6.374504225056541241e-05 2.563812792333647534e-05 9.999999999999998890e-01
DSC_8246.JPG_max_x: 1297.21
DSC_8246.JPG_min_x: 432.213
DSC_8246.JPG_max_y: 1561.57
DSC_8246.JPG_min_y: 533.667
DSC_8278.JPG_max_x: 695.462
DSC_8278.JPG_min_x: 9.19777
DSC_8278.JPG_max_y: 1383.76
DSC_8278.JPG_min_y: 511.974
