2.152969271111195848e+00 4.939616640466599762e-01 -7.859145500830728679e+02
-4.390885645573670837e-02 2.402993712716141594e+00 -2.231903594160607099e+03
-1.105621979017013093e-05 7.410358599797417381e-04 1.000000000000000000e+00
DSC_8354.JPG_max_x: 1002.01
DSC_8354.JPG_min_x: 48.6205
DSC_8354.JPG_max_y: 1893.98
DSC_8354.JPG_min_y: 1288.2
DSC_8355.JPG_max_x: 975.945
DSC_8355.JPG_min_x: 13.4011
DSC_8355.JPG_max_y: 963.03
DSC_8355.JPG_min_y: 435.466
