6.020438028437475886e-01 -2.219892763245253364e-01 -3.481630347353033699e+02
2.457152296283439952e-01 -2.831488117839981999e-01 1.208487479169860535e+03
9.879943221740616671e-05 -6.323193332330870678e-04 1.000000000000000000e+00
DSC_8405.JPG_max_x: 1310.7
DSC_8405.JPG_min_x: 733.926
DSC_8405.JPG_max_y: 643.939
DSC_8405.JPG_min_y: 168.984
DSC_8420.JPG_max_x: 437.37
DSC_8420.JPG_min_x: 7.36844
DSC_8420.JPG_max_y: 1846.39
DSC_8420.JPG_min_y: 1413.19
