-5.245429233774437927e-01 -1.455143262472314014e-01 6.499921076388799293e+02
-6.211068992877395445e-01 5.948005549846742124e-01 -4.752926055032670547e+02
-7.646183845819935331e-04 -3.451954623122871577e-04 9.999999999999998890e-01
DSC_8222.JPG_max_x: 826.837
DSC_8222.JPG_min_x: 122.773
DSC_8222.JPG_max_y: 1485.55
DSC_8222.JPG_min_y: 1140.2
DSC_8337.JPG_max_x: 1135.53
DSC_8337.JPG_min_x: 23.5592
DSC_8337.JPG_max_y: 784.321
DSC_8337.JPG_min_y: 192.887
