7.590926494251170054e-01 3.287167358414022633e-01 -5.501293480147397759e+02
1.637263650144437921e-01 7.543603837133122658e-01 1.185568818759087890e+03
2.380155942120969843e-04 7.861412874411484594e-05 1.000000000000000000e+00
DSC_8209.JPG_max_x: 1317.49
DSC_8209.JPG_min_x: 545.84
DSC_8209.JPG_max_y: 968.934
DSC_8209.JPG_min_y: 334.264
DSC_8324.JPG_max_x: 468.609
DSC_8324.JPG_min_x: 56.2177
DSC_8324.JPG_max_y: 1649.54
DSC_8324.JPG_min_y: 1279.97
