1.382107243770390459e-01 -1.390874939099892016e-01 4.486536201265965360e+02
-7.704360695074473353e-02 -9.401020675680646366e-02 1.067996930796016841e+03
-7.875218156891512983e-05 -2.345593058433278382e-04 9.999999999999998890e-01
DSC_8305.JPG_max_x: 1007.38
DSC_8305.JPG_min_x: 377.495
DSC_8305.JPG_max_y: 1401.28
DSC_8305.JPG_min_y: 131.007
DSC_8350.JPG_max_x: 662.699
DSC_8350.JPG_min_x: 504.157
DSC_8350.JPG_max_y: 1447.24
DSC_8350.JPG_min_y: 1098.76
