1.194360746329666823e+00 5.268655769931286370e-01 -2.268716370158369671e+02
-8.647457959948638695e-02 1.326876796188175112e+00 2.009459706689906682e+02
-3.601650022425327704e-05 6.355641446217189265e-04 1.000000000000000000e+00
DSC_8353.JPG_max_x: 1095.0
DSC_8353.JPG_min_x: 435.106
DSC_8353.JPG_max_y: 367.556
DSC_8353.JPG_min_y: 81.9071
DSC_8453.JPG_max_x: 1105.4
DSC_8453.JPG_min_x: 369.168
DSC_8453.JPG_max_y: 518.919
DSC_8453.JPG_min_y: 224.973
