1.876960703045863932e+00 4.286816134750816576e-01 -6.089964834010688719e+02
-1.598334751793951125e-01 2.122678125695801388e+00 -1.884266624274127480e+03
-9.377249852089022080e-06 5.610267422062144077e-04 9.999999999999998890e-01
DSC_8440.JPG_max_x: 1197.61
DSC_8440.JPG_min_x: 101.047
DSC_8440.JPG_max_y: 1935.33
DSC_8440.JPG_min_y: 940.703
DSC_8441.JPG_max_x: 1307.07
DSC_8441.JPG_min_x: 26.2266
DSC_8441.JPG_max_y: 1016.81
DSC_8441.JPG_min_y: 22.1277
