4.646391200819784295e+00 1.419024105417242776e+00 -7.284079452839405349e+02
-1.807981627732449803e-01 5.352201208198345661e+00 -6.460434277236641719e+03
1.912347543411694229e-04 1.902273715565480682e-03 1.000000000000000000e+00
DSC_8240.JPG_max_x: 769.086
DSC_8240.JPG_min_x: 6.5698
DSC_8240.JPG_max_y: 1731.77
DSC_8240.JPG_min_y: 1235.52
DSC_8257.JPG_max_x: 1258.48
DSC_8257.JPG_min_x: 346.699
DSC_8257.JPG_max_y: 637.865
DSC_8257.JPG_min_y: 38.0897
