-5.116135466914824015e+00 3.530793224075515990e+00 -1.384581880176664981e+03
-2.870087436702276307e+01 2.607569744117259170e+00 2.253545775614897502e+04
-3.990420652311464644e-02 1.926725062838377869e-02 9.999999999999998890e-01
DSC_8208.JPG_max_x: 1303.85
DSC_8208.JPG_min_x: 461.116
DSC_8208.JPG_max_y: 1990.06
DSC_8208.JPG_min_y: 1654.02
DSC_8211.JPG_max_x: 797.619
DSC_8211.JPG_min_x: 12.2981
DSC_8211.JPG_max_y: 1191.82
DSC_8211.JPG_min_y: 536.034
