1.019262036098470769e+00 1.291505303247128256e-01 -3.362409596532880869e+02
-2.058586689565231609e-01 1.690761574940773837e+00 -1.369160949587863115e+03
-2.669653777671182355e-04 2.751792409081986251e-04 1.000000000000000000e+00
DSC_8298.JPG_max_x: 951.353
DSC_8298.JPG_min_x: 352.573
DSC_8298.JPG_max_y: 1976.23
DSC_8298.JPG_min_y: 1005.0
DSC_8479.JPG_max_x: 734.85
DSC_8479.JPG_min_x: 169.192
DSC_8479.JPG_max_y: 1349.66
DSC_8479.JPG_min_y: 109.919
