-2.467942242938551800e+00 -3.894823784852111115e-01 1.983401168003665589e+03
-1.019019631068834308e-01 -2.105848756691448109e+00 2.148815374589479234e+03
-1.963159839863145521e-03 -7.926523243158804929e-04 9.999999999999998890e-01
DSC_8314.JPG_max_x: 1192.18
DSC_8314.JPG_min_x: 560.014
DSC_8314.JPG_max_y: 1863.9
DSC_8314.JPG_min_y: 1026.45
DSC_8333.JPG_max_x: 638.865
DSC_8333.JPG_min_x: 44.1831
DSC_8333.JPG_max_y: 1160.49
DSC_8333.JPG_min_y: 64.6425
