-2.988352849573161496e-02 -1.127272307362586767e-02 7.288099918120508391e+00
5.527203640868333379e-02 2.278387908313156407e-01 -2.596330272042373508e+02
-9.711115933931759384e-04 -6.814807369578781190e-04 1.000000000000000000e+00
DSC_8236.JPG_max_x: 1102.64
DSC_8236.JPG_min_x: 103.671
DSC_8236.JPG_max_y: 1539.43
DSC_8236.JPG_min_y: 711.369
DSC_8288.JPG_max_x: 1109.13
DSC_8288.JPG_min_x: 99.5628
DSC_8288.JPG_max_y: 1898.72
DSC_8288.JPG_min_y: 289.378
