3.620214653285644402e-01 -5.138167731700569313e-02 8.975141541962414067e+02
-3.076613843986241159e-01 7.181445903878054260e-01 3.518976282537350926e+02
-3.400395259975389699e-04 1.544789167913609610e-05 1.000000000000000000e+00
DSC_8336.JPG_max_x: 597.347
DSC_8336.JPG_min_x: 8.43439
DSC_8336.JPG_max_y: 1622.23
DSC_8336.JPG_min_y: 603.273
DSC_8350.JPG_max_x: 1276.51
DSC_8350.JPG_min_x: 814.202
DSC_8350.JPG_max_y: 1531.39
DSC_8350.JPG_min_y: 772.888
