-4.058083024927276461e-01 -2.439482422335867706e-01 8.554019978264594783e+02
-9.655182529882781750e-02 3.130086132415646483e-01 -3.308565846252303118e+02
-1.027013783254029575e-03 -1.535050184841565762e-04 1.000000000000000000e+00
DSC_8248.JPG_max_x: 428.83
DSC_8248.JPG_min_x: 142.031
DSC_8248.JPG_max_y: 1888.96
DSC_8248.JPG_min_y: 1374.64
DSC_8279.JPG_max_x: 939.006
DSC_8279.JPG_min_x: 656.002
DSC_8279.JPG_max_y: 568.827
DSC_8279.JPG_min_y: 104.478
