9.468496125500037719e-01 2.122307074435951790e-01 9.087819192056906559e+02
2.095731813247105890e-01 1.332069749917809798e+00 3.589457655492832373e+02
1.133822568615071546e-05 7.109738111015651962e-04 1.000000000000000000e+00
DSC_8297.JPG_max_x: 410.515
DSC_8297.JPG_min_x: 56.7834
DSC_8297.JPG_max_y: 380.218
DSC_8297.JPG_min_y: 59.8134
DSC_8475.JPG_max_x: 1259.18
DSC_8475.JPG_min_x: 843.77
DSC_8475.JPG_max_y: 713.51
DSC_8475.JPG_min_y: 501.838
