-3.312133431065409805e+00 1.252092191664062604e+00 1.176393588502474813e+03
-8.717786665424501757e-01 9.112501250608102676e-01 1.306479183543688691e+02
-3.202420766817241742e-03 9.961205361614193770e-04 1.000000000000000000e+00
DSC_8327.JPG_max_x: 442.679
DSC_8327.JPG_min_x: 22.3177
DSC_8327.JPG_max_y: 1169.96
DSC_8327.JPG_min_y: 33.6789
DSC_8455.JPG_max_x: 1328.67
DSC_8455.JPG_min_x: 517.377
DSC_8455.JPG_max_y: 771.033
DSC_8455.JPG_min_y: 42.0732
