8.428136578561806758e-01 -4.028941157553408287e-02 1.720805135526064191e+02
4.982577470687975935e-02 8.189104161134160842e-01 2.126161742059873916e+02
7.056699887392923673e-05 -5.001376758006963815e-05 1.000000000000000000e+00
DSC_8194.JPG_max_x: 1327.44
DSC_8194.JPG_min_x: 219.109
DSC_8194.JPG_max_y: 1266.26
DSC_8194.JPG_min_y: 300.683
DSC_8230.JPG_max_x: 1197.97
DSC_8230.JPG_min_x: 348.311
DSC_8230.JPG_max_y: 1285.48
DSC_8230.JPG_min_y: 555.29
