8.764430253590550501e-01 -7.844120169811850951e-02 2.788752880712900719e+02
2.507542218543931667e-02 6.678182929949042501e-01 3.492899699283589143e+02
1.653508878834506415e-05 -1.342716646235895509e-04 1.000000000000000000e+00
DSC_8200.JPG_max_x: 896.3
DSC_8200.JPG_min_x: 88.4949
DSC_8200.JPG_max_y: 1532.05
DSC_8200.JPG_min_y: 845.549
DSC_8364.JPG_max_x: 1101.93
DSC_8364.JPG_min_x: 327.69
DSC_8364.JPG_max_y: 1713.79
DSC_8364.JPG_min_y: 1027.96
