1.273093884233179873e-01 -5.879832469096512026e-01 7.058426551542556808e+02
-7.867286417177510316e-02 5.317361791377544361e-02 4.880525429706043496e+02
-3.084844173482928975e-04 -4.338947625007025417e-04 1.000000000000000000e+00
DSC_8229.JPG_max_x: 986.158
DSC_8229.JPG_min_x: 34.2461
DSC_8229.JPG_max_y: 899.168
DSC_8229.JPG_min_y: 209.176
DSC_8427.JPG_max_x: 1207.91
DSC_8427.JPG_min_x: 286.739
DSC_8427.JPG_max_y: 939.598
DSC_8427.JPG_min_y: 547.276
