-1.926851717808460984e+00 5.713084640777115197e-01 5.857917228657728401e+02
-3.241155592242606964e+00 1.455084699215598576e+00 1.313605841009727158e+02
-2.834931044294297566e-03 4.558321601663719008e-04 1.000000000000000000e+00
DSC_8418.JPG_max_x: 936.115
DSC_8418.JPG_min_x: 24.9691
DSC_8418.JPG_max_y: 1500.05
DSC_8418.JPG_min_y: 863.352
DSC_8420.JPG_max_x: 1176.95
DSC_8420.JPG_min_x: 715.801
DSC_8420.JPG_max_y: 1670.64
DSC_8420.JPG_min_y: 860.451
