-8.277555190573890886e-01 -6.034384857465253660e-01 9.757597345246969098e+02
-1.495332429274160990e+00 -7.292493111433501207e-01 1.403943182420422090e+03
-9.677967358788981157e-04 -6.710980390264240916e-04 1.000000000000000000e+00
DSC_8431.JPG_max_x: 1250.8
DSC_8431.JPG_min_x: 226.841
DSC_8431.JPG_max_y: 710.591
DSC_8431.JPG_min_y: 350.201
DSC_8470.JPG_max_x: 1305.19
DSC_8470.JPG_min_x: 325.389
DSC_8470.JPG_max_y: 1901.16
DSC_8470.JPG_min_y: 1324.03
