1.368399984795909186e+00 2.280521994010374087e-01 1.555970630666264469e+03
3.975188012856074593e-01 1.750925638823454422e+00 -1.845179528294517695e+03
-1.544125750766209922e-04 3.941554871473785171e-04 9.999999999999998890e-01
DSC_8338.JPG_max_x: 186.384
DSC_8338.JPG_min_x: 11.6771
DSC_8338.JPG_max_y: 1898.31
DSC_8338.JPG_min_y: 1267.07
DSC_8353.JPG_max_x: 1319.13
DSC_8353.JPG_min_x: 1162.95
DSC_8353.JPG_max_y: 893.528
DSC_8353.JPG_min_y: 263.328
