2.978690767910940895e-01 -9.763802264933036934e-01 8.286091288364783622e+02
-7.336737446870285340e-02 2.862678287953063783e-01 3.246829441475450153e+02
-3.545991963349635163e-04 -5.422893409622769108e-04 1.000000000000000000e+00
DSC_8277.JPG_max_x: 604.541
DSC_8277.JPG_min_x: 38.129
DSC_8277.JPG_max_y: 446.938
DSC_8277.JPG_min_y: 34.7542
DSC_8475.JPG_max_x: 1171.28
DSC_8475.JPG_min_x: 302.214
DSC_8475.JPG_max_y: 706.133
DSC_8475.JPG_min_y: 299.377
