1.427955049531744125e+00 3.265337791431183745e-01 -3.588729660200713170e+02
-1.577535970433860055e-02 1.550111221334215195e+00 -1.375086282725658293e+03
-1.095963331160626736e-04 6.950603680431267396e-04 1.000000000000000000e+00
DSC_8204.JPG_max_x: 1198.33
DSC_8204.JPG_min_x: 133.293
DSC_8204.JPG_max_y: 1934.22
DSC_8204.JPG_min_y: 1444.38
DSC_8383.JPG_max_x: 936.854
DSC_8383.JPG_min_x: 151.482
DSC_8383.JPG_max_y: 713.555
DSC_8383.JPG_min_y: 430.989
