9.386746577260389746e-01 -4.846954947472607855e-02 9.754351679781866835e+01
4.189869739671294169e-01 7.374058773594149852e-01 2.031949069014706879e+02
4.167313024174181392e-04 -4.764923477406686350e-05 1.000000000000000000e+00
DSC_8394.JPG_max_x: 1175.96
DSC_8394.JPG_min_x: 31.1996
DSC_8394.JPG_max_y: 1553.72
DSC_8394.JPG_min_y: 562.165
DSC_8474.JPG_max_x: 816.438
DSC_8474.JPG_min_x: 83.9123
DSC_8474.JPG_max_y: 1289.11
DSC_8474.JPG_min_y: 754.589
