7.516233816696142878e-01 -2.615868704666175493e-01 3.885060808503287149e+02
-1.083801076178238648e-01 2.814781599425725256e-01 1.424008058660035431e+03
-9.711122796673794734e-05 -2.988205980414610679e-04 1.000000000000000000e+00
DSC_8201.JPG_max_x: 759.517
DSC_8201.JPG_min_x: 197.34
DSC_8201.JPG_max_y: 467.257
DSC_8201.JPG_min_y: 137.169
DSC_8378.JPG_max_x: 1047.96
DSC_8378.JPG_min_x: 495.575
DSC_8378.JPG_max_y: 1828.14
DSC_8378.JPG_min_y: 1546.57
