2.768335953537867100e-01 -1.703097481415527525e+00 1.657717358770620422e+03
1.385111029660506254e+00 -3.249501818212825466e+00 2.498577818591409141e+03
1.910446468126718702e-03 -2.956685024208957884e-03 1.000000000000000000e+00
DSC_8324.JPG_max_x: 1293.63
DSC_8324.JPG_min_x: 239.94
DSC_8324.JPG_max_y: 1808.47
DSC_8324.JPG_min_y: 1219.89
DSC_8411.JPG_max_x: 594.685
DSC_8411.JPG_min_x: 109.828
DSC_8411.JPG_max_y: 913.947
DSC_8411.JPG_min_y: 322.455
