3.894761577422108267e+00 1.203718107288447969e+00 -2.259076981275927665e+03
-6.094972969029910370e-02 4.278868020553717066e+00 -4.862840059214932808e+03
1.052091089516401514e-04 1.622974158340194156e-03 9.999999999999998890e-01
DSC_8338.JPG_max_x: 1302.73
DSC_8338.JPG_min_x: 106.888
DSC_8338.JPG_max_y: 1959.2
DSC_8338.JPG_min_y: 1282.08
DSC_8339.JPG_max_x: 1227.99
DSC_8339.JPG_min_x: 17.6848
DSC_8339.JPG_max_y: 834.748
DSC_8339.JPG_min_y: 186.308
