5.249056585822698962e-01 -1.411927919547412702e-01 6.488502078005190015e+02
-1.624398922997216388e-01 5.611498566080342920e-01 5.782069265610189177e+02
-1.767409601819487804e-04 -1.056405793062882814e-04 9.999999999999998890e-01
DSC_8306.JPG_max_x: 893.248
DSC_8306.JPG_min_x: 14.1319
DSC_8306.JPG_max_y: 1383.12
DSC_8306.JPG_min_y: 591.193
DSC_8446.JPG_max_x: 1323.23
DSC_8446.JPG_min_x: 563.833
DSC_8446.JPG_max_y: 1602.1
DSC_8446.JPG_min_y: 979.278
