3.598868530213377603e+00 8.217349708181440060e-02 -3.061912436174689901e+03
1.234106531875211354e+00 1.914081361966147199e+00 -1.086192829992978886e+03
9.151799414986651771e-04 -5.194647863174455893e-04 1.000000000000000000e+00
DSC_8298.JPG_max_x: 1106.5
DSC_8298.JPG_min_x: 866.092
DSC_8298.JPG_max_y: 1172.84
DSC_8298.JPG_min_y: 695.726
DSC_8420.JPG_max_x: 639.897
DSC_8420.JPG_min_x: 116.504
DSC_8420.JPG_max_y: 1846.39
DSC_8420.JPG_min_y: 944.562
