1.636188598666956429e+00 8.325455907186880833e-02 -5.915330714159121044e+02
-6.305676586352703117e-01 2.891655237638672382e+00 -1.556591568900877519e+03
-7.346254274735916070e-04 4.196341259758422262e-04 1.000000000000000000e+00
DSC_8200.JPG_max_x: 896.3
DSC_8200.JPG_min_x: 224.961
DSC_8200.JPG_max_y: 1426.69
DSC_8200.JPG_min_y: 845.549
DSC_8252.JPG_max_x: 1219.02
DSC_8252.JPG_min_x: 32.2565
DSC_8252.JPG_max_y: 1957.35
DSC_8252.JPG_min_y: 578.377
