1.591588034783585792e+00 4.454183063097734152e-01 -7.105674238982383031e+02
-3.392903665017500403e-01 1.839583196592070813e+00 -1.971444489436778895e+03
-1.898520489174695329e-04 5.265523009706029418e-04 1.000000000000000000e+00
DSC_8436.JPG_max_x: 1199.76
DSC_8436.JPG_min_x: 74.7136
DSC_8436.JPG_max_y: 1886.54
DSC_8436.JPG_min_y: 1119.61
DSC_8437.JPG_max_x: 1145.57
DSC_8437.JPG_min_x: 32.2117
DSC_8437.JPG_max_y: 823.126
DSC_8437.JPG_min_y: 19.5454
