2.064823583133806650e+00 4.606746279062900323e-02 -7.704863673761582277e+01
-1.442436459218476331e-02 1.927494871508519170e+00 1.637154465899623972e+02
4.518988180438793831e-04 1.499993630900379332e-04 1.000000000000000000e+00
DSC_8197.JPG_max_x: 1042.01
DSC_8197.JPG_min_x: 234.736
DSC_8197.JPG_max_y: 1062.35
DSC_8197.JPG_min_y: 5.64105
DSC_8375.JPG_max_x: 1317.83
DSC_8375.JPG_min_x: 374.018
DSC_8375.JPG_max_y: 1613.15
DSC_8375.JPG_min_y: 130.981
