4.984869498366765184e-01 -5.928062781634620831e-02 -1.138728441313866000e+02
1.819638116437549691e-01 3.584281400875081181e-01 7.654817684922177250e+02
1.350720189808712066e-04 -1.059520193589056372e-04 1.000000000000000000e+00
DSC_8254.JPG_max_x: 1307.71
DSC_8254.JPG_min_x: 426.228
DSC_8254.JPG_max_y: 1338.52
DSC_8254.JPG_min_y: 613.885
DSC_8380.JPG_max_x: 441.934
DSC_8380.JPG_min_x: 34.6355
DSC_8380.JPG_max_y: 1440.78
DSC_8380.JPG_min_y: 1097.9
