3.204248134631820566e+00 -6.425476515049137305e+00 1.472539096180341858e+03
2.195822772179245597e-01 -1.079064604415052253e+00 4.732608461291416688e+02
5.165730480373708147e-03 -6.738201978467826814e-03 1.000000000000000000e+00
DSC_8290.JPG_max_x: 759.246
DSC_8290.JPG_min_x: 55.9332
DSC_8290.JPG_max_y: 1097.55
DSC_8290.JPG_min_y: 444.349
DSC_8433.JPG_max_x: 1259.68
DSC_8433.JPG_min_x: 166.067
DSC_8433.JPG_max_y: 278.726
DSC_8433.JPG_min_y: 92.5087
