-5.709560122162469220e-01 2.406350747305582849e-01 5.759402255535119366e+02
-1.291988951652506268e+00 9.418467873270508495e-01 8.653444739465870725e+02
-9.468481879237408303e-04 2.650094234435122656e-04 1.000000000000000000e+00
DSC_8218.JPG_max_x: 1222.34
DSC_8218.JPG_min_x: 377.576
DSC_8218.JPG_max_y: 1025.94
DSC_8218.JPG_min_y: 815.205
DSC_8468.JPG_max_x: 1153.12
DSC_8468.JPG_min_x: 645.992
DSC_8468.JPG_max_y: 1974.47
DSC_8468.JPG_min_y: 1202.92
