4.309419003018085115e-01 3.662708117877813696e-01 -7.101007636553633802e+02
-4.178762240950039675e-01 7.706519584897525421e-01 3.854869983211558520e+02
-1.089934364955013696e-04 2.137864309115954067e-06 1.000000000000000000e+00
DSC_8331.JPG_max_x: 1273.16
DSC_8331.JPG_min_x: 681.087
DSC_8331.JPG_max_y: 1496.51
DSC_8331.JPG_min_y: 619.738
DSC_8349.JPG_max_x: 279.128
DSC_8349.JPG_min_x: 16.7805
DSC_8349.JPG_max_y: 1353.36
DSC_8349.JPG_min_y: 433.029
