7.895617866579327515e-01 2.650978323579746346e-03 1.373642105653728507e+01
-2.553123387206684622e-02 9.628543041614820996e-01 1.275713029529011999e+00
-3.467366279995496696e-05 9.126306411931723369e-06 1.000000000000000000e+00
DSC_8248.JPG_max_x: 1020.83
DSC_8248.JPG_min_x: 8.79092
DSC_8248.JPG_max_y: 1909.82
DSC_8248.JPG_min_y: 486.94
DSC_8264.JPG_max_x: 866.811
DSC_8264.JPG_min_x: 6.85159
DSC_8264.JPG_max_y: 1804.69
DSC_8264.JPG_min_y: 459.306
