9.791221892704512486e-01 1.610170229670255249e-01 -1.546535787542130151e+02
-1.976848585900444766e-01 8.961492742616281593e-01 1.461229759096790417e+02
-1.181755238457796739e-04 -2.100046789848729822e-05 1.000000000000000000e+00
DSC_8366.JPG_max_x: 1116.82
DSC_8366.JPG_min_x: 21.6405
DSC_8366.JPG_max_y: 1790.88
DSC_8366.JPG_min_y: 973.3
DSC_8414.JPG_max_x: 1316.51
DSC_8414.JPG_min_x: 80.7467
DSC_8414.JPG_max_y: 1835.83
DSC_8414.JPG_min_y: 975.832
