-2.578218044841945056e-01 5.337310370404655356e-03 2.796752851115827525e+02
-1.431569020529983360e+00 3.231312810730760932e-01 1.144195618735339167e+03
-1.467337742290220157e-03 4.613749919383298872e-04 1.000000000000000000e+00
DSC_8355.JPG_max_x: 1281.05
DSC_8355.JPG_min_x: 343.123
DSC_8355.JPG_max_y: 1422.32
DSC_8355.JPG_min_y: 463.38
DSC_8385.JPG_max_x: 441.175
DSC_8385.JPG_min_x: 41.5574
DSC_8385.JPG_max_y: 1287.4
DSC_8385.JPG_min_y: 844.48
