5.062523615970284663e-01 9.612498521940245066e-03 2.484197732513330550e+02
-7.958293640054649176e-02 4.126001444611441249e-01 8.905527830852878424e+02
-1.377469109662772882e-05 -9.644073058466063122e-05 1.000000000000000000e+00
DSC_8270.JPG_max_x: 1325.7
DSC_8270.JPG_min_x: 534.543
DSC_8270.JPG_max_y: 1766.83
DSC_8270.JPG_min_y: 749.691
DSC_8466.JPG_max_x: 1234.0
DSC_8466.JPG_min_x: 618.338
DSC_8466.JPG_max_y: 1917.99
DSC_8466.JPG_min_y: 1196.44
