2.939070562975248713e+00 -7.533639554581926523e-02 -1.406214883478729689e+03
2.128383957256650305e+00 1.225738128597566590e+00 -3.102711708544999283e+02
2.342811428858934241e-03 -2.246243106054685197e-04 1.000000000000000000e+00
DSC_8266.JPG_max_x: 1243.67
DSC_8266.JPG_min_x: 702.879
DSC_8266.JPG_max_y: 1364.65
DSC_8266.JPG_min_y: 517.223
DSC_8350.JPG_max_x: 593.036
DSC_8350.JPG_min_x: 243.122
DSC_8350.JPG_max_y: 1195.72
DSC_8350.JPG_min_y: 768.12
