4.648075726944712605e-01 -2.822794720528763457e-01 6.971095889084573400e+02
5.678642687949815582e-02 7.575570775406053059e-01 -6.055032424783687475e+02
6.347909389756995777e-06 -1.256036879520800516e-04 1.000000000000000000e+00
DSC_8306.JPG_max_x: 1277.43
DSC_8306.JPG_min_x: 31.0451
DSC_8306.JPG_max_y: 1301.05
DSC_8306.JPG_min_y: 934.141
DSC_8367.JPG_max_x: 1128.15
DSC_8367.JPG_min_x: 447.491
DSC_8367.JPG_max_y: 527.071
DSC_8367.JPG_min_y: 163.743
