1.906531673960097928e+00 3.258050454594748745e-03 -4.640795888218806340e+02
2.996412595594322159e-01 1.810858728196141909e+00 -6.558646044889233053e+02
3.109258417749516455e-04 4.990135383389803555e-05 9.999999999999998890e-01
DSC_8198.JPG_max_x: 1227.08
DSC_8198.JPG_min_x: 246.465
DSC_8198.JPG_max_y: 1535.62
DSC_8198.JPG_min_y: 632.28
DSC_8348.JPG_max_x: 1324.63
DSC_8348.JPG_min_x: 12.5092
DSC_8348.JPG_max_y: 1889.07
DSC_8348.JPG_min_y: 557.186
