3.277494745766754147e-01 -1.987895947314801681e-01 8.610040704548063104e+02
-4.971705511376288689e-01 7.634229172883579828e-01 9.868567977585296092e+01
-4.366174742884469336e-04 -3.635027388977466622e-05 9.999999999999998890e-01
DSC_8340.JPG_max_x: 615.025
DSC_8340.JPG_min_x: 11.8831
DSC_8340.JPG_max_y: 1994.28
DSC_8340.JPG_min_y: 637.375
DSC_8354.JPG_max_x: 1002.01
DSC_8354.JPG_min_x: 554.572
DSC_8354.JPG_max_y: 1883.99
DSC_8354.JPG_min_y: 450.45
