4.318974630579838214e-01 -2.030749864960465761e-03 4.413664062925353733e+02
3.362013080899043382e-01 4.379941481513384138e-01 8.233161451329798410e+02
2.820626006296597481e-04 -2.092275161283697871e-05 1.000000000000000000e+00
DSC_8284.JPG_max_x: 1199.68
DSC_8284.JPG_min_x: 159.745
DSC_8284.JPG_max_y: 1148.01
DSC_8284.JPG_min_y: 356.697
DSC_8470.JPG_max_x: 741.283
DSC_8470.JPG_min_x: 500.633
DSC_8470.JPG_max_y: 1321.58
DSC_8470.JPG_min_y: 1033.7
