-2.901811898344908602e+00 -9.797939069553628366e-01 1.706636822677741520e+03
-1.486829206523487823e-02 -3.592170780864348600e+00 4.309924879829358360e+03
-2.999281226602756121e-05 -1.365134185701871250e-03 1.000000000000000000e+00
DSC_8416.JPG_max_x: 489.947
DSC_8416.JPG_min_x: 362.239
DSC_8416.JPG_max_y: 1438.91
DSC_8416.JPG_min_y: 1232.48
DSC_8469.JPG_max_x: 1281.61
DSC_8469.JPG_min_x: 773.615
DSC_8469.JPG_max_y: 882.935
DSC_8469.JPG_min_y: 180.329
