8.210216193298637277e-01 7.754825069024241790e-02 -2.766509359567893345e+00
-5.274327767517766885e-02 9.540257052014755601e-01 1.885047802993328148e+01
-6.241913610755934572e-05 1.385779242516317969e-04 1.000000000000000000e+00
DSC_8244.JPG_max_x: 1194.91
DSC_8244.JPG_min_x: 17.4622
DSC_8244.JPG_max_y: 1788.01
DSC_8244.JPG_min_y: 523.562
DSC_8276.JPG_max_x: 969.768
DSC_8276.JPG_min_x: 58.5417
DSC_8276.JPG_max_y: 1360.16
DSC_8276.JPG_min_y: 482.213
