9.029447533609525900e-01 2.786767235450779978e-01 -1.792504182583553529e+02
-4.321044017168081952e-01 2.192534470747584674e+00 8.445715959650311788e+02
-3.777078358795558596e-04 9.963424812030779228e-04 1.000000000000000000e+00
DSC_8277.JPG_max_x: 1234.75
DSC_8277.JPG_min_x: 233.196
DSC_8277.JPG_max_y: 624.45
DSC_8277.JPG_min_y: 209.271
DSC_8296.JPG_max_x: 1261.88
DSC_8296.JPG_min_x: 113.907
DSC_8296.JPG_max_y: 1450.47
DSC_8296.JPG_min_y: 1004.36
