4.799078992224308782e-01 -2.950182793553418059e-01 6.717834452495702635e+02
1.628802619657202799e-01 2.184966459287920326e-01 -1.303840380637050878e+01
6.828284802177064665e-06 -3.213527457171633218e-04 9.999999999999998890e-01
DSC_8228.JPG_max_x: 1172.67
DSC_8228.JPG_min_x: 343.881
DSC_8228.JPG_max_y: 1855.46
DSC_8228.JPG_min_y: 917.875
DSC_8341.JPG_max_x: 1260.67
DSC_8341.JPG_min_x: 738.543
DSC_8341.JPG_max_y: 1107.64
DSC_8341.JPG_min_y: 467.58
