-1.483854857508197123e+00 3.868930416092241087e-01 1.025344118519895119e+03
-2.803081158608633050e+00 1.473943064074553444e+00 8.109438067276383890e+02
-1.984497439281532587e-03 6.914359191965397484e-04 1.000000000000000000e+00
DSC_8274.JPG_max_x: 1284.47
DSC_8274.JPG_min_x: 161.664
DSC_8274.JPG_max_y: 1427.57
DSC_8274.JPG_min_y: 615.569
DSC_8396.JPG_max_x: 1159.54
DSC_8396.JPG_min_x: 631.825
DSC_8396.JPG_max_y: 1727.55
DSC_8396.JPG_min_y: 1055.38
