1.983240590209862875e+00 -1.197887311276716327e-01 -4.028043398122468375e+02
-1.691578472394064669e-02 2.082230907385745233e+00 -1.844506150171627041e+03
2.287455002476630763e-05 1.172302527677518392e-04 9.999999999999998890e-01
DSC_8198.JPG_max_x: 945.031
DSC_8198.JPG_min_x: 336.131
DSC_8198.JPG_max_y: 1966.72
DSC_8198.JPG_min_y: 1176.43
DSC_8333.JPG_max_x: 1148.89
DSC_8333.JPG_min_x: 61.0356
DSC_8333.JPG_max_y: 1807.62
DSC_8333.JPG_min_y: 507.886
