1.473622712341620122e+00 3.729820363720485754e-01 -4.595251884249876184e+02
-1.710572263164560902e-01 2.219607353503031621e+00 -1.895995538507566380e+03
-3.713692825017002297e-04 6.098070301965519352e-04 1.000000000000000000e+00
DSC_8246.JPG_max_x: 1272.35
DSC_8246.JPG_min_x: 143.305
DSC_8246.JPG_max_y: 1914.41
DSC_8246.JPG_min_y: 880.064
DSC_8313.JPG_max_x: 1329.99
DSC_8313.JPG_min_x: 17.0322
DSC_8313.JPG_max_y: 1213.31
DSC_8313.JPG_min_y: 12.6249
