4.151053147548152689e-01 -3.778161411945670789e-01 8.661701125272954869e+02
-1.763112368488652104e-01 3.707802275172239481e-01 9.376615959577527519e+02
-2.501994684538870039e-04 -2.097222484358682271e-04 1.000000000000000000e+00
DSC_8263.JPG_max_x: 644.497
DSC_8263.JPG_min_x: 215.107
DSC_8263.JPG_max_y: 695.747
DSC_8263.JPG_min_y: 22.0826
DSC_8276.JPG_max_x: 1277.71
DSC_8276.JPG_min_x: 865.925
DSC_8276.JPG_max_y: 1446.82
DSC_8276.JPG_min_y: 977.237
