2.443138260957470609e-01 -5.771515871341040826e-01 7.557593232927682720e+02
-2.290737181539916900e-01 -2.692128013748970594e-01 1.413430237271924625e+03
-2.267600865306555562e-04 -4.187908865567917856e-04 1.000000000000000000e+00
DSC_8229.JPG_max_x: 986.158
DSC_8229.JPG_min_x: 34.2461
DSC_8229.JPG_max_y: 621.556
DSC_8229.JPG_min_y: 209.176
DSC_8442.JPG_max_x: 1273.99
DSC_8442.JPG_min_x: 707.045
DSC_8442.JPG_max_y: 1846.59
DSC_8442.JPG_min_y: 1499.41
