-1.339597925191530689e-02 -9.578804466060436562e-03 5.282113303942405764e+02
-4.939443166847801714e-01 4.197341301389296286e-01 4.098810943511571168e+02
-5.589744865661301111e-04 -2.927357048053261097e-05 1.000000000000000000e+00
DSC_8196.JPG_max_x: 1057.67
DSC_8196.JPG_min_x: 203.155
DSC_8196.JPG_max_y: 1500.06
DSC_8196.JPG_min_y: 787.645
DSC_8246.JPG_max_x: 1322.31
DSC_8246.JPG_min_x: 577.603
DSC_8246.JPG_max_y: 1279.72
DSC_8246.JPG_min_y: 690.85
