9.644674334710309216e-01 6.526149493744756204e-03 -3.812498292759831884e+02
-1.619949994256203799e-02 9.881048819210513923e-01 1.458377338095787401e+01
-1.231537254792686274e-05 1.054660455800328244e-06 1.000000000000000000e+00
DSC_8216.JPG_max_x: 1312.58
DSC_8216.JPG_min_x: 451.152
DSC_8216.JPG_max_y: 1879.38
DSC_8216.JPG_min_y: 625.158
DSC_8232.JPG_max_x: 907.21
DSC_8232.JPG_min_x: 64.5119
DSC_8232.JPG_max_y: 1875.28
DSC_8232.JPG_min_y: 624.8
