6.301264812707585428e-01 -2.663668832982046125e-02 1.177625682434574372e+02
1.448618528839672008e-02 6.545985373398317542e-01 5.067723923876727099e+02
-1.601284901316682658e-05 2.021094133320924490e-05 1.000000000000000000e+00
DSC_8208.JPG_max_x: 976.841
DSC_8208.JPG_min_x: 22.7606
DSC_8208.JPG_max_y: 1832.63
DSC_8208.JPG_min_y: 817.461
DSC_8368.JPG_max_x: 670.835
DSC_8368.JPG_min_x: 84.3165
DSC_8368.JPG_max_y: 1645.05
DSC_8368.JPG_min_y: 1033.58
