4.564484430219312827e+00 1.373091856901912600e+00 -2.336908871078405809e+03
-3.496118812396660225e-01 4.443284369825720503e+00 -6.301850723292311159e+03
-6.829748328146070281e-04 2.265761795304479641e-03 1.000000000000000000e+00
DSC_8238.JPG_max_x: 592.009
DSC_8238.JPG_min_x: 380.928
DSC_8238.JPG_max_y: 1808.03
DSC_8238.JPG_min_y: 1512.14
DSC_8239.JPG_max_x: 604.07
DSC_8239.JPG_min_x: 382.919
DSC_8239.JPG_max_y: 330.61
DSC_8239.JPG_min_y: 51.1441
