3.564891038960338321e+00 -3.393831999892110707e-02 -2.659211334203358547e+03
6.944026282244011306e-01 2.225794688791106424e+00 -1.493057052662725027e+03
6.686506212752526147e-04 3.509726419677042426e-05 1.000000000000000000e+00
DSC_8418.JPG_max_x: 1223.21
DSC_8418.JPG_min_x: 810.526
DSC_8418.JPG_max_y: 1688.82
DSC_8418.JPG_min_y: 771.549
DSC_8434.JPG_max_x: 871.628
DSC_8434.JPG_min_x: 128.251
DSC_8434.JPG_max_y: 1658.08
DSC_8434.JPG_min_y: 504.408
