6.187599709286657479e-01 2.906852218504867857e-01 -9.900512746248579106e+02
-1.290190182635178318e-01 3.263811213905594699e-01 -3.276964769071190631e+01
9.327491279001160049e-05 -3.629441441634152278e-04 1.000000000000000000e+00
DSC_8378.JPG_max_x: 1286.04
DSC_8378.JPG_min_x: 873.415
DSC_8378.JPG_max_y: 1629.72
DSC_8378.JPG_min_y: 1415.56
DSC_8415.JPG_max_x: 374.265
DSC_8415.JPG_min_x: 17.078
DSC_8415.JPG_max_y: 781.067
DSC_8415.JPG_min_y: 425.508
