-2.481334029610485770e-01 -1.540426109866296391e-02 2.892628444600990179e+02
-8.028059111752845478e-01 -7.656675082968040780e-01 1.526452737757711702e+03
-6.284672406971763409e-04 -4.172996229935496963e-04 1.000000000000000000e+00
DSC_8220.JPG_max_x: 1304.29
DSC_8220.JPG_min_x: 563.844
DSC_8220.JPG_max_y: 1339.94
DSC_8220.JPG_min_y: 767.593
DSC_8380.JPG_max_x: 466.505
DSC_8380.JPG_min_x: 39.2375
DSC_8380.JPG_max_y: 1585.11
DSC_8380.JPG_min_y: 1298.61
