1.180493858651391559e+00 1.915298115539317836e-01 -2.590439725572602470e+02
7.974540007225834337e-01 1.329770604633640774e-01 -1.520052594491581033e+02
1.996194108790245655e-03 -5.865250778237645355e-04 1.000000000000000000e+00
DSC_8238.JPG_max_x: 753.47
DSC_8238.JPG_min_x: 98.323
DSC_8238.JPG_max_y: 1697.59
DSC_8238.JPG_min_y: 1140.09
DSC_8397.JPG_max_x: 1010.16
DSC_8397.JPG_min_x: 253.709
DSC_8397.JPG_max_y: 676.896
DSC_8397.JPG_min_y: 199.709
