1.758612800409128818e+00 2.283198174402449876e-01 -1.208983537997682561e+03
9.100322627477368254e-02 1.715917729195273633e+00 -1.920621684880167095e+02
1.497878962723788452e-04 8.794856205199184072e-05 1.000000000000000000e+00
DSC_8313.JPG_max_x: 1314.81
DSC_8313.JPG_min_x: 584.137
DSC_8313.JPG_max_y: 1224.9
DSC_8313.JPG_min_y: 119.33
DSC_8423.JPG_max_x: 998.991
DSC_8423.JPG_min_x: 33.0431
DSC_8423.JPG_max_y: 1616.68
DSC_8423.JPG_min_y: 63.8092
