1.678114360570305719e+00 -3.114513334692058447e-02 -1.710043539388828776e+03
4.928282588763540084e-01 1.568263078378678843e+00 -4.457782743838096735e+02
5.139274786661148431e-04 -3.668224763408032738e-05 1.000000000000000000e+00
DSC_8474.JPG_max_x: 1274.0
DSC_8474.JPG_min_x: 1052.69
DSC_8474.JPG_max_y: 1761.96
DSC_8474.JPG_min_y: 1338.28
DSC_8476.JPG_max_x: 238.17
DSC_8476.JPG_min_x: 11.0806
DSC_8476.JPG_max_y: 1886.81
DSC_8476.JPG_min_y: 1432.63
