-3.607275716003700561e-01 -3.797196611525502363e-01 1.015320735937329346e+03
-8.348123021433820901e-01 -1.294786744523865052e-01 9.215697816811970142e+02
-5.885629773056280743e-04 -3.314346147272995255e-04 1.000000000000000000e+00
DSC_8428.JPG_max_x: 1283.94
DSC_8428.JPG_min_x: 74.077
DSC_8428.JPG_max_y: 1698.24
DSC_8428.JPG_min_y: 938.797
DSC_8472.JPG_max_x: 1303.14
DSC_8472.JPG_min_x: 262.135
DSC_8472.JPG_max_y: 1697.96
DSC_8472.JPG_min_y: 1002.14
