7.897274534033922322e-01 -2.847644177585059375e-02 2.513015043413327589e+02
-9.172086220157470160e-02 7.334708468113900759e-01 3.817548983655995585e+02
-6.929065595463663226e-05 -1.000504153712829887e-04 9.999999999999998890e-01
DSC_8354.JPG_max_x: 966.364
DSC_8354.JPG_min_x: 8.4345
DSC_8354.JPG_max_y: 1703.94
DSC_8354.JPG_min_y: 891.713
DSC_8368.JPG_max_x: 1227.24
DSC_8368.JPG_min_x: 246.998
DSC_8368.JPG_max_y: 1978.49
DSC_8368.JPG_min_y: 1134.31
