-8.176048945487491837e-01 5.515644499074185553e-02 9.192509595323568874e+02
-1.219264803312255063e+00 5.243414395403813710e-01 5.632936503236155659e+02
-1.150535893833978460e-03 8.011481252925608935e-05 1.000000000000000000e+00
DSC_8262.JPG_max_x: 1291.63
DSC_8262.JPG_min_x: 163.121
DSC_8262.JPG_max_y: 1533.68
DSC_8262.JPG_min_y: 523.372
DSC_8276.JPG_max_x: 1326.5
DSC_8276.JPG_min_x: 261.726
DSC_8276.JPG_max_y: 1470.62
DSC_8276.JPG_min_y: 509.429
