5.290029177437198804e-01 2.278540316052604132e-03 -3.631391359458480679e+02
-4.516873417876162145e-01 5.891869351667062826e-01 5.480307014863620907e+02
-3.271902882829263288e-04 -6.279746377520320673e-05 1.000000000000000000e+00
DSC_8276.JPG_max_x: 1277.71
DSC_8276.JPG_min_x: 865.925
DSC_8276.JPG_max_y: 1470.62
DSC_8276.JPG_min_y: 509.429
DSC_8312.JPG_max_x: 802.161
DSC_8312.JPG_min_x: 99.3545
DSC_8312.JPG_max_y: 1774.23
DSC_8312.JPG_min_y: 509.606
