6.816413882804095437e-01 -2.018256924020495752e-02 2.770762066388098788e+02
2.566400499349566489e-01 6.241828166647956921e-01 5.424675311773468138e+02
1.940133290880527482e-04 7.683074323667497856e-06 1.000000000000000000e+00
DSC_8238.JPG_max_x: 1313.2
DSC_8238.JPG_min_x: 160.596
DSC_8238.JPG_max_y: 1724.18
DSC_8238.JPG_min_y: 739.58
DSC_8396.JPG_max_x: 908.079
DSC_8396.JPG_min_x: 352.025
DSC_8396.JPG_max_y: 1529.38
DSC_8396.JPG_min_y: 1052.27
