5.350152314339291088e-02 -1.531554572644250878e-01 1.827038697103970719e+02
-8.279396224826014727e-02 -2.605267053019232892e-01 5.289634916296779465e+02
-8.667846597533003050e-05 -5.582939889408709963e-04 1.000000000000000000e+00
DSC_8322.JPG_max_x: 1320.89
DSC_8322.JPG_min_x: 917.954
DSC_8322.JPG_max_y: 1725.62
DSC_8322.JPG_min_y: 1124.9
DSC_8475.JPG_max_x: 657.403
DSC_8475.JPG_min_x: 138.013
DSC_8475.JPG_max_y: 650.932
DSC_8475.JPG_min_y: 27.547
