1.005483734161340337e+01 1.819563608156510748e+00 -4.656617578586059608e+03
4.946521572537029288e-01 1.087785776453156572e+01 -1.130207269863473994e+04
2.856703092124491779e-04 6.684675055693050164e-03 9.999999999999998890e-01
DSC_8242.JPG_max_x: 1263.21
DSC_8242.JPG_min_x: 408.886
DSC_8242.JPG_max_y: 1901.59
DSC_8242.JPG_min_y: 1316.72
DSC_8309.JPG_max_x: 1013.74
DSC_8309.JPG_min_x: 218.384
DSC_8309.JPG_max_y: 701.075
DSC_8309.JPG_min_y: 355.021
