7.645481200751092388e+00 1.646106251230349038e+00 -6.745434425758939142e+03
-1.089570008669066559e-01 6.941308315973279797e+00 -6.369549701219499184e+03
3.966850091774166455e-03 2.000257250397121083e-03 1.000000000000000000e+00
DSC_8234.JPG_max_x: 1293.74
DSC_8234.JPG_min_x: 852.233
DSC_8234.JPG_max_y: 1335.91
DSC_8234.JPG_min_y: 1000.63
DSC_8365.JPG_max_x: 646.416
DSC_8365.JPG_min_x: 239.023
DSC_8365.JPG_max_y: 577.401
DSC_8365.JPG_min_y: 51.8307
