1.191835354394908064e+00 -1.529660898663779689e-01 2.095503881406480389e+02
2.412343638219369146e-01 9.538062581192907619e-01 2.071153530895932349e+01
2.605456572995803175e-04 -1.881943822028986780e-04 1.000000000000000000e+00
DSC_8254.JPG_max_x: 1241.01
DSC_8254.JPG_min_x: 14.0953
DSC_8254.JPG_max_y: 1455.07
DSC_8254.JPG_min_y: 525.589
DSC_8286.JPG_max_x: 1328.03
DSC_8286.JPG_min_x: 179.689
DSC_8286.JPG_max_y: 1626.45
DSC_8286.JPG_min_y: 568.995
