1.003097680917174328e+00 3.462387410164532997e-02 8.219880267593676626e-01
-1.412789706216797947e-01 7.533348541595183967e-01 2.215114049187504293e+02
-1.236130058699252705e-04 -1.585312285686235319e-04 9.999999999999998890e-01
DSC_8202.JPG_max_x: 904.52
DSC_8202.JPG_min_x: 25.3172
DSC_8202.JPG_max_y: 1557.44
DSC_8202.JPG_min_y: 787.39
DSC_8222.JPG_max_x: 1260.73
DSC_8222.JPG_min_x: 84.8618
DSC_8222.JPG_max_y: 1918.42
DSC_8222.JPG_min_y: 910.26
