1.004950085527808401e+00 -1.554181152088255358e-01 3.550619948908807828e+02
4.157495323077085581e-01 4.409081685555601426e-01 7.176465293345818282e+02
2.793371023664230086e-04 -2.708559173779848507e-04 1.000000000000000000e+00
DSC_8304.JPG_max_x: 1123.95
DSC_8304.JPG_min_x: 355.093
DSC_8304.JPG_max_y: 1378.26
DSC_8304.JPG_min_y: 446.406
DSC_8464.JPG_max_x: 1330.46
DSC_8464.JPG_min_x: 458.534
DSC_8464.JPG_max_y: 1932.76
DSC_8464.JPG_min_y: 1104.04
