1.182674316530347713e+00 6.433155859579355873e-01 -1.913101070878517021e+03
8.495655197983852380e-01 -1.317314056912289033e-01 -6.575277714981073132e+02
1.817908835665591220e-03 -2.035232253325592374e-03 1.000000000000000000e+00
DSC_8200.JPG_max_x: 1304.22
DSC_8200.JPG_min_x: 626.455
DSC_8200.JPG_max_y: 1427.14
DSC_8200.JPG_min_y: 1131.58
DSC_8367.JPG_max_x: 1038.13
DSC_8367.JPG_min_x: 46.1837
DSC_8367.JPG_max_y: 541.355
DSC_8367.JPG_min_y: 184.846
