-2.351142618234872117e+01 -7.152001777986107811e+00 1.932889534985460341e+04
5.589873926079856892e-01 -3.281598899863442398e+01 3.859796836331873783e+04
3.316008918882221244e-03 -9.712313571511746110e-03 1.000000000000000000e+00
DSC_8200.JPG_max_x: 885.066
DSC_8200.JPG_min_x: 407.854
DSC_8200.JPG_max_y: 1520.86
DSC_8200.JPG_min_y: 1350.2
DSC_8253.JPG_max_x: 1208.06
DSC_8253.JPG_min_x: 35.2053
DSC_8253.JPG_max_y: 913.008
DSC_8253.JPG_min_y: 530.356
