-2.630822868744689913e+01 -4.760218907813976053e+00 1.678934928597601538e+04
-6.114463299326329260e-01 -2.991153323964650212e+01 3.538633239103046071e+04
-1.520849236164904588e-03 -7.766847965100756590e-03 1.000000000000000000e+00
DSC_8398.JPG_max_x: 817.832
DSC_8398.JPG_min_x: 410.618
DSC_8398.JPG_max_y: 1772.71
DSC_8398.JPG_min_y: 1182.54
DSC_8449.JPG_max_x: 1099.77
DSC_8449.JPG_min_x: 26.2546
DSC_8449.JPG_max_y: 1343.26
DSC_8449.JPG_min_y: 50.4836
