-1.545511038079685762e-01 -3.700927568618939123e-02 2.174591981155931251e+02
-8.815150970500950089e-01 -1.026605040937164648e-01 1.081946449737969488e+03
-8.197106684047877597e-04 -8.987371852082086984e-05 1.000000000000000000e+00
DSC_8352.JPG_max_x: 1309.02
DSC_8352.JPG_min_x: 1028.57
DSC_8352.JPG_max_y: 1837.79
DSC_8352.JPG_min_y: 867.135
DSC_8454.JPG_max_x: 1247.65
DSC_8454.JPG_min_x: 22.3987
DSC_8454.JPG_max_y: 1505.61
DSC_8454.JPG_min_y: 913.568
