-4.591448008358524069e-01 -1.494067430314398037e-01 6.953721429887945078e+02
-5.896089619518414260e-01 -5.164209864840613173e-01 1.204313190039497840e+03
-8.139661897387473434e-04 -1.931133835249643021e-04 1.000000000000000000e+00
DSC_8246.JPG_max_x: 1327.95
DSC_8246.JPG_min_x: 557.194
DSC_8246.JPG_max_y: 1731.76
DSC_8246.JPG_min_y: 941.17
DSC_8331.JPG_max_x: 716.54
DSC_8331.JPG_min_x: 37.0861
DSC_8331.JPG_max_y: 1284.76
DSC_8331.JPG_min_y: 164.214
