3.212367730058775628e+00 2.517835815076365780e+00 -1.665474073522927256e+03
-6.191852463349479807e-01 4.144671702291659265e+00 -3.348181919393393400e+03
-4.861930534524030382e-04 2.363874332588678569e-03 1.000000000000000000e+00
DSC_8202.JPG_max_x: 1022.35
DSC_8202.JPG_min_x: 49.3993
DSC_8202.JPG_max_y: 1592.07
DSC_8202.JPG_min_y: 974.716
DSC_8367.JPG_max_x: 1320.7
DSC_8367.JPG_min_x: 329.289
DSC_8367.JPG_max_y: 632.61
DSC_8367.JPG_min_y: 184.846
