1.523161115539357180e+00 5.182126267064195435e-01 -1.449804869052450940e+01
-6.707762939451664130e-02 2.680719799817607996e+00 -2.457696081235938436e+03
-3.521177960290590111e-04 1.080218325813469497e-03 1.000000000000000000e+00
DSC_8312.JPG_max_x: 1247.53
DSC_8312.JPG_min_x: 213.121
DSC_8312.JPG_max_y: 1658.85
DSC_8312.JPG_min_y: 929.952
DSC_8477.JPG_max_x: 1280.25
DSC_8477.JPG_min_x: 395.074
DSC_8477.JPG_max_y: 752.804
DSC_8477.JPG_min_y: 23.4908
