1.147371640868257492e+00 1.529711549605661525e-01 1.053418746377807793e+03
1.458956513708043190e-01 1.940355345122888542e+00 2.825104565420660947e+02
-3.475143076394658160e-04 7.189501602517192223e-04 1.000000000000000000e+00
DSC_8297.JPG_max_x: 277.474
DSC_8297.JPG_min_x: 46.7241
DSC_8297.JPG_max_y: 409.825
DSC_8297.JPG_min_y: 198.242
DSC_8325.JPG_max_x: 1265.98
DSC_8325.JPG_min_x: 975.587
DSC_8325.JPG_max_y: 867.84
DSC_8325.JPG_min_y: 615.303
