7.019844832956939618e-01 -1.686958050391825503e-01 4.879024129266416594e+02
-7.787256847550697025e-02 6.669574484205994525e-01 3.895032089031387841e+02
-7.508492335072107938e-05 -8.411851954873129054e-05 1.000000000000000000e+00
DSC_8305.JPG_max_x: 1150.39
DSC_8305.JPG_min_x: 10.0029
DSC_8305.JPG_max_y: 1618.01
DSC_8305.JPG_min_y: 131.007
DSC_8465.JPG_max_x: 1327.01
DSC_8465.JPG_min_x: 278.327
DSC_8465.JPG_max_y: 1699.01
DSC_8465.JPG_min_y: 466.359
