-2.131336860168658198e+00 -6.485137923602034560e-01 2.304899130927306942e+03
-9.316171003793168870e-01 -9.214113167832003182e-01 7.216999294054911616e+02
-2.361338267318201581e-03 4.495850150182136820e-04 9.999999999999998890e-01
DSC_8353.JPG_max_x: 1325.14
DSC_8353.JPG_min_x: 1038.44
DSC_8353.JPG_max_y: 925.843
DSC_8353.JPG_min_y: 82.9357
DSC_8429.JPG_max_x: 646.589
DSC_8429.JPG_min_x: 12.6435
DSC_8429.JPG_max_y: 826.822
DSC_8429.JPG_min_y: 216.646
