5.800260982490726969e-01 -8.973149862987346570e-02 9.755613244178596233e+02
8.319220394803628071e-02 7.778946171570263468e-01 -9.581757781722983225e+01
-7.004248288944504202e-05 3.099044974662616583e-04 1.000000000000000000e+00
DSC_8337.JPG_max_x: 573.466
DSC_8337.JPG_min_x: 41.41
DSC_8337.JPG_max_y: 890.531
DSC_8337.JPG_min_y: 217.786
DSC_8379.JPG_max_x: 1254.28
DSC_8379.JPG_min_x: 764.525
DSC_8379.JPG_max_y: 480.707
DSC_8379.JPG_min_y: 117.502
