1.648411401496668205e+00 -6.877227831946451653e-02 5.588626247536891611e+01
2.215230160128197623e-01 1.403189375266254757e+00 -4.800789200494817237e+02
1.831072130736482507e-04 -9.415059288883795773e-05 9.999999999999998890e-01
DSC_8200.JPG_max_x: 798.106
DSC_8200.JPG_min_x: 85.7765
DSC_8200.JPG_max_y: 1473.47
DSC_8200.JPG_min_y: 848.391
DSC_8432.JPG_max_x: 1224.2
DSC_8432.JPG_min_x: 143.093
DSC_8432.JPG_max_y: 1776.9
DSC_8432.JPG_min_y: 784.146
