2.964864785643765432e-01 -5.617943216712879551e-01 8.265968417374297132e+02
-4.910627757390729764e-01 9.512467720827376683e-01 1.338174896667026587e+03
-4.129918396077863216e-04 1.204100952984857444e-04 9.999999999999998890e-01
DSC_8211.JPG_max_x: 541.981
DSC_8211.JPG_min_x: 34.3458
DSC_8211.JPG_max_y: 845.834
DSC_8211.JPG_min_y: 382.443
DSC_8382.JPG_max_x: 928.396
DSC_8382.JPG_min_x: 360.144
DSC_8382.JPG_max_y: 1972.23
DSC_8382.JPG_min_y: 1739.83
