1.128894755754565660e+00 3.734300148477185388e-01 -3.923562527433501828e+02
-3.693446250415393650e-01 1.777505096950040775e+00 -1.778390767009837418e+03
6.295889038774030971e-06 5.310043737467716636e-04 1.000000000000000000e+00
DSC_8438.JPG_max_x: 1315.06
DSC_8438.JPG_min_x: 567.101
DSC_8438.JPG_max_y: 1961.53
DSC_8438.JPG_min_y: 1310.14
DSC_8459.JPG_max_x: 919.87
DSC_8459.JPG_min_x: 460.123
DSC_8459.JPG_max_y: 718.574
DSC_8459.JPG_min_y: 106.373
