2.954683929681138910e+00 1.448949502998356231e-02 -1.868477595355103176e+03
2.549953714884990452e-01 2.702386156707269116e+00 -2.157976433236577577e+03
5.651392076765856566e-04 3.983987563005762051e-04 1.000000000000000000e+00
DSC_8294.JPG_max_x: 1320.06
DSC_8294.JPG_min_x: 646.98
DSC_8294.JPG_max_y: 1818.79
DSC_8294.JPG_min_y: 1054.68
DSC_8443.JPG_max_x: 938.845
DSC_8443.JPG_min_x: 35.0888
DSC_8443.JPG_max_y: 1380.29
DSC_8443.JPG_min_y: 473.064
