8.003736199995080014e+00 -1.466389785935071355e-01 -8.435350405219240201e+03
2.023931355923160424e+00 6.949507966882340071e+00 -6.295796195979959521e+03
1.779307948375454061e-03 2.518405769475438454e-05 1.000000000000000000e+00
DSC_8344.JPG_max_x: 1329.12
DSC_8344.JPG_min_x: 1079.0
DSC_8344.JPG_max_y: 1470.46
DSC_8344.JPG_min_y: 656.019
DSC_8386.JPG_max_x: 618.943
DSC_8386.JPG_min_x: 15.5257
DSC_8386.JPG_max_y: 1978.25
DSC_8386.JPG_min_y: 277.368
