6.912405149453310083e-01 -6.196217159035399824e-02 2.716332426677941498e+02
-4.344099224828152361e-01 1.098973507968878272e+00 2.857237338369856730e+02
-5.247529550392621579e-04 2.753013943216200466e-04 1.000000000000000000e+00
DSC_8274.JPG_max_x: 1032.21
DSC_8274.JPG_min_x: 11.504
DSC_8274.JPG_max_y: 1354.0
DSC_8274.JPG_min_y: 597.799
DSC_8444.JPG_max_x: 1065.23
DSC_8444.JPG_min_x: 166.49
DSC_8444.JPG_max_y: 1543.27
DSC_8444.JPG_min_y: 819.852
