2.894526736643153519e+00 1.099130041750575160e+00 -1.180640666825205017e+03
-4.165766601271626013e-01 3.736306655928710363e+00 -3.906666877119012042e+03
-4.863428819542337249e-04 1.165937817873497363e-03 9.999999999999998890e-01
DSC_8200.JPG_max_x: 820.433
DSC_8200.JPG_min_x: 118.825
DSC_8200.JPG_max_y: 1649.86
DSC_8200.JPG_min_y: 1106.98
DSC_8351.JPG_max_x: 1234.76
DSC_8351.JPG_min_x: 165.063
DSC_8351.JPG_max_y: 772.172
DSC_8351.JPG_min_y: 43.0601
