5.122203218764558724e-02 -7.572440744000986934e-02 1.460515821794726605e+02
-7.786593813460470637e-01 -1.216491906425204786e-02 1.248429572754864921e+03
-5.142048758921879742e-04 -1.342130476621134025e-04 9.999999999999998890e-01
DSC_8226.JPG_max_x: 1310.55
DSC_8226.JPG_min_x: 280.162
DSC_8226.JPG_max_y: 1822.25
DSC_8226.JPG_min_y: 383.57
DSC_8426.JPG_max_x: 984.711
DSC_8426.JPG_min_x: 102.62
DSC_8426.JPG_max_y: 1771.93
DSC_8426.JPG_min_y: 821.796
