7.031052543789402254e-01 -1.426292839049043415e-01 2.226760012471589221e+02
-5.018414747476467042e-02 4.971554871467180892e-01 7.133664619456180844e+02
-3.106964810502696797e-06 -2.097888072517563036e-04 1.000000000000000000e+00
DSC_8320.JPG_max_x: 1331.56
DSC_8320.JPG_min_x: 111.206
DSC_8320.JPG_max_y: 1373.75
DSC_8320.JPG_min_y: 633.076
DSC_8466.JPG_max_x: 1318.77
DSC_8466.JPG_min_x: 260.42
DSC_8466.JPG_max_y: 1868.22
DSC_8466.JPG_min_y: 1120.07
