5.006443421933534088e-01 -2.608110259179250434e-01 9.557177920349057842e+01
-8.301912777077170846e-02 5.390238725869849201e-01 -2.200071584928950017e+02
-1.939703006383520102e-04 -2.434168016614507522e-04 9.999999999999998890e-01
DSC_8276.JPG_max_x: 1326.99
DSC_8276.JPG_min_x: 737.296
DSC_8276.JPG_max_y: 1470.62
DSC_8276.JPG_min_y: 533.869
DSC_8441.JPG_max_x: 1030.15
DSC_8441.JPG_min_x: 383.637
DSC_8441.JPG_max_y: 1135.09
DSC_8441.JPG_min_y: 83.4345
