-2.257186754059867240e-01 3.474237517633490535e-01 -2.925113020234080068e+02
-1.429263745392746199e-01 -1.184642695829502879e+00 1.402700651141521803e+03
-5.877723737220635729e-04 -7.496036478085809198e-04 9.999999999999998890e-01
DSC_8200.JPG_max_x: 1304.22
DSC_8200.JPG_min_x: 105.283
DSC_8200.JPG_max_y: 1292.46
DSC_8200.JPG_min_y: 1087.11
DSC_8397.JPG_max_x: 1303.61
DSC_8397.JPG_min_x: 115.851
DSC_8397.JPG_max_y: 952.043
DSC_8397.JPG_min_y: 219.766
