1.263337830623280453e-03 1.691034184159314058e-01 1.123268478769553212e+03
-5.807678855961194708e-01 8.214528516569671313e-01 3.840846710906614589e+02
-5.631294308822281129e-04 1.678348760228184195e-04 1.000000000000000000e+00
DSC_8258.JPG_max_x: 366.25
DSC_8258.JPG_min_x: 11.0801
DSC_8258.JPG_max_y: 1597.79
DSC_8258.JPG_min_y: 676.163
DSC_8452.JPG_max_x: 1325.02
DSC_8452.JPG_min_x: 1117.14
DSC_8452.JPG_max_y: 1370.54
DSC_8452.JPG_min_y: 842.112
