1.418070087263017254e-01 3.491165072512326939e-02 -1.890922239206810218e+02
2.705757979780600286e-01 -2.777792617817510523e-01 1.954463958089797586e+02
-8.613935149557969552e-05 -5.693109377464236533e-04 1.000000000000000000e+00
DSC_8272.JPG_max_x: 1326.72
DSC_8272.JPG_min_x: 935.414
DSC_8272.JPG_max_y: 1615.13
DSC_8272.JPG_min_y: 730.342
DSC_8322.JPG_max_x: 655.446
DSC_8322.JPG_min_x: 15.9226
DSC_8322.JPG_max_y: 1180.03
DSC_8322.JPG_min_y: 649.628
