-5.466704351875394385e-01 -1.748231058186702491e-01 6.322937660677044960e+02
-7.936175360158675973e-01 -5.553237098019222495e-01 8.672983173234539436e+02
-1.180559606117130523e-03 -2.042527581255776240e-04 1.000000000000000000e+00
DSC_8339.JPG_max_x: 1329.1
DSC_8339.JPG_min_x: 48.3496
DSC_8339.JPG_max_y: 1229.49
DSC_8339.JPG_min_y: 280.632
DSC_8341.JPG_max_x: 365.717
DSC_8341.JPG_min_x: 6.08263
DSC_8341.JPG_max_y: 1403.93
DSC_8341.JPG_min_y: 470.291
