8.983701345464127908e-01 -2.681605541855017760e-01 7.359546607076670455e+01
-1.226761798405413481e-02 6.996434315319981501e-01 1.212422679910843272e+03
-3.651552470625005269e-05 -1.797515356695557982e-04 9.999999999999998890e-01
DSC_8355.JPG_max_x: 962.46
DSC_8355.JPG_min_x: 204.298
DSC_8355.JPG_max_y: 688.333
DSC_8355.JPG_min_y: 388.663
DSC_8382.JPG_max_x: 912.252
DSC_8382.JPG_min_x: 116.02
DSC_8382.JPG_max_y: 1979.82
DSC_8382.JPG_min_y: 1609.39
