1.007770003521170077e+00 -1.731066953977708767e-01 4.264522034543950895e+02
5.102228991921795714e-02 6.062682391582590036e-01 2.475637099451354288e+02
3.002046484010195498e-04 -1.534721570843212556e-04 1.000000000000000000e+00
DSC_8425.JPG_max_x: 1236.47
DSC_8425.JPG_min_x: 210.051
DSC_8425.JPG_max_y: 1886.12
DSC_8425.JPG_min_y: 12.0327
DSC_8457.JPG_max_x: 1245.73
DSC_8457.JPG_min_x: 634.539
DSC_8457.JPG_max_y: 1313.43
DSC_8457.JPG_min_y: 244.52
