5.047363628527399282e-01 -1.549912586084267740e-01 2.736136744119260129e+02
5.994656426112990322e-02 1.597190167111166847e-01 1.012344504853354124e+03
5.100151323284578448e-05 -2.208750335278890581e-04 1.000000000000000000e+00
DSC_8229.JPG_max_x: 1010.81
DSC_8229.JPG_min_x: 365.029
DSC_8229.JPG_max_y: 734.985
DSC_8229.JPG_min_y: 209.15
DSC_8276.JPG_max_x: 752.188
DSC_8276.JPG_min_x: 404.049
DSC_8276.JPG_max_y: 1343.92
DSC_8276.JPG_min_y: 1105.26
