6.321199571226784331e-01 -5.374007527286804586e-02 1.149981795376535700e+02
3.372508530655493608e-02 4.776817386738667071e-01 5.529435861450008360e+02
7.409450432299329134e-05 1.557719388828117637e-05 1.000000000000000000e+00
DSC_8205.JPG_max_x: 930.119
DSC_8205.JPG_min_x: 99.0118
DSC_8205.JPG_max_y: 1018.47
DSC_8205.JPG_min_y: 149.811
DSC_8383.JPG_max_x: 646.132
DSC_8383.JPG_min_x: 156.025
DSC_8383.JPG_max_y: 991.577
DSC_8383.JPG_min_y: 609.536
