-9.760812176483930624e-01 -1.212486780780975548e-01 7.020373826386604605e+02
-2.064686172915579210e+00 -1.398771387192541349e+00 2.628030072814206505e+03
-1.328832221394670669e-03 -3.619657617820738987e-04 9.999999999999998890e-01
DSC_8310.JPG_max_x: 1314.01
DSC_8310.JPG_min_x: 145.598
DSC_8310.JPG_max_y: 1655.1
DSC_8310.JPG_min_y: 436.593
DSC_8440.JPG_max_x: 1131.03
DSC_8440.JPG_min_x: 19.0775
DSC_8440.JPG_max_y: 1934.37
DSC_8440.JPG_min_y: 710.855
