1.704517238841247506e+00 6.810939012253532931e-01 -1.487360020438694619e+03
-4.490718448905788307e-01 3.384908851804252272e+00 -2.652325427035911162e+03
-1.273632371977476184e-03 9.275075326004043668e-04 1.000000000000000000e+00
DSC_8246.JPG_max_x: 831.265
DSC_8246.JPG_min_x: 704.431
DSC_8246.JPG_max_y: 1081.54
DSC_8246.JPG_min_y: 882.1
DSC_8407.JPG_max_x: 703.285
DSC_8407.JPG_min_x: 353.43
DSC_8407.JPG_max_y: 659.672
DSC_8407.JPG_min_y: 15.3563
