-9.504521441411487581e-01 -4.258972371490216124e-01 1.026982359354080700e+03
-3.060602806796571818e-01 6.049559920707661687e-02 9.688219637663097217e+01
-1.023770468223642602e-03 -3.695773782810806698e-04 9.999999999999998890e-01
DSC_8276.JPG_max_x: 1314.03
DSC_8276.JPG_min_x: 67.2677
DSC_8276.JPG_max_y: 1262.51
DSC_8276.JPG_min_y: 801.566
DSC_8475.JPG_max_x: 1178.4
DSC_8475.JPG_min_x: 47.2223
DSC_8475.JPG_max_y: 664.631
DSC_8475.JPG_min_y: 193.8
