-3.620700700940816752e+00 -9.302812266833344612e-01 4.725783562472399353e+03
3.606346235418282364e-01 -3.550905282014837017e+00 3.525485771703157297e+03
-9.523657879563989610e-04 -9.798781001013499511e-04 1.000000000000000000e+00
DSC_8230.JPG_max_x: 1244.19
DSC_8230.JPG_min_x: 915.659
DSC_8230.JPG_max_y: 1933.55
DSC_8230.JPG_min_y: 1124.95
DSC_8361.JPG_max_x: 670.725
DSC_8361.JPG_min_x: 218.829
DSC_8361.JPG_max_y: 1706.96
DSC_8361.JPG_min_y: 53.2475
