4.365896714053067562e+00 1.348530897862608935e+00 -5.272423712535267441e+03
-2.935954702027715468e-01 5.563453210075147481e+00 -4.373246112134681425e+03
5.604991195575994992e-04 1.437433225080180085e-03 1.000000000000000000e+00
DSC_8276.JPG_max_x: 1326.5
DSC_8276.JPG_min_x: 949.51
DSC_8276.JPG_max_y: 1470.62
DSC_8276.JPG_min_y: 839.018
DSC_8313.JPG_max_x: 593.301
DSC_8313.JPG_min_x: 17.0322
DSC_8313.JPG_max_y: 918.659
DSC_8313.JPG_min_y: 11.5066
