3.448067354957117248e-01 -2.752280934580055849e-01 1.137439455390802777e+03
-1.818016418248274424e-01 7.501752737723934583e-01 -4.864064655253707201e+02
-6.721403377980521157e-04 2.561038809162982243e-04 9.999999999999998890e-01
DSC_8210.JPG_max_x: 616.233
DSC_8210.JPG_min_x: 63.2732
DSC_8210.JPG_max_y: 1875.6
DSC_8210.JPG_min_y: 1430.34
DSC_8355.JPG_max_x: 985.34
DSC_8355.JPG_min_x: 456.379
DSC_8355.JPG_max_y: 718.994
DSC_8355.JPG_min_y: 491.027
