2.522825860107947182e+00 -4.217953507962389104e+00 1.046360004341396007e+03
2.601262907070462482e+00 -4.487006695827260749e+00 1.130783876403079148e+03
2.419877098460298040e-03 -4.035138046598100124e-03 1.000000000000000000e+00
DSC_8237.JPG_max_x: 354.264
DSC_8237.JPG_min_x: 41.6343
DSC_8237.JPG_max_y: 481.987
DSC_8237.JPG_min_y: 240.019
DSC_8267.JPG_max_x: 1207.21
DSC_8267.JPG_min_x: 737.352
DSC_8267.JPG_max_y: 1360.69
DSC_8267.JPG_min_y: 14.3534
