1.730714938878781695e+00 5.621947581937110083e-01 -3.588034391799921536e+02
-1.038595671194856296e-01 2.044035015704246394e+00 -2.411007576905775295e+03
7.622381631583927098e-05 7.582579371574368595e-04 1.000000000000000000e+00
DSC_8240.JPG_max_x: 1157.1
DSC_8240.JPG_min_x: 49.293
DSC_8240.JPG_max_y: 1722.96
DSC_8240.JPG_min_y: 1307.09
DSC_8307.JPG_max_x: 1124.23
DSC_8307.JPG_min_x: 251.61
DSC_8307.JPG_max_y: 468.371
DSC_8307.JPG_min_y: 104.62
