1.022715093646815232e+00 5.466971310905476278e-01 -1.435875089397159400e+03
-2.772020705044257460e-01 7.736940229099942279e-01 -4.375407266935628741e+02
9.389306922214890432e-05 6.063187387387973526e-05 1.000000000000000000e+00
DSC_8204.JPG_max_x: 1200.26
DSC_8204.JPG_min_x: 408.092
DSC_8204.JPG_max_y: 1978.69
DSC_8204.JPG_min_y: 1578.15
DSC_8211.JPG_max_x: 541.981
DSC_8211.JPG_min_x: 21.2479
DSC_8211.JPG_max_y: 845.834
DSC_8211.JPG_min_y: 382.443
