1.208905821723683882e+00 2.004210815891716846e-01 -7.731451919776590103e+02
-3.714135793467781416e-02 1.421960292969355333e+00 -8.349431514451192697e+02
-2.494671748306795443e-05 3.699157986218105129e-04 1.000000000000000000e+00
DSC_8306.JPG_max_x: 1315.52
DSC_8306.JPG_min_x: 707.091
DSC_8306.JPG_max_y: 1459.33
DSC_8306.JPG_min_y: 721.249
DSC_8445.JPG_max_x: 756.205
DSC_8445.JPG_min_x: 198.917
DSC_8445.JPG_max_y: 783.789
DSC_8445.JPG_min_y: 121.416
