-5.593834443433445269e-01 -7.077474457268397023e-02 7.739615792884171697e+02
-1.030972731253355867e+00 -1.836184284359036745e-01 1.475895335592547781e+03
-7.224254263062853667e-04 -9.156480201743657306e-05 1.000000000000000000e+00
DSC_8348.JPG_max_x: 1328.72
DSC_8348.JPG_min_x: 196.968
DSC_8348.JPG_max_y: 1217.04
DSC_8348.JPG_min_y: 847.89
DSC_8468.JPG_max_x: 899.908
DSC_8468.JPG_min_x: 635.719
DSC_8468.JPG_max_y: 1907.81
DSC_8468.JPG_min_y: 1101.57
