6.833001750099627625e-01 -2.598761549176111796e-01 1.368551092488090717e+03
5.464462014275800472e-02 1.281432156212616524e+00 -3.676213885874342395e+02
-3.895908324740936083e-04 1.926478985116257254e-04 1.000000000000000000e+00
DSC_8407.JPG_max_x: 312.142
DSC_8407.JPG_min_x: 45.351
DSC_8407.JPG_max_y: 1645.72
DSC_8407.JPG_min_y: 749.082
DSC_8409.JPG_max_x: 1258.24
DSC_8409.JPG_min_x: 769.637
DSC_8409.JPG_max_y: 1452.78
DSC_8409.JPG_min_y: 553.718
