2.650968231692385935e+00 -1.033438543502880752e-01 -9.124929237298521230e+02
3.243592710408098601e-01 2.547301094558071188e+00 -1.884603023681437890e+03
1.830992988176678108e-04 2.254361268656800176e-05 1.000000000000000000e+00
DSC_8398.JPG_max_x: 969.618
DSC_8398.JPG_min_x: 392.658
DSC_8398.JPG_max_y: 1533.24
DSC_8398.JPG_min_y: 974.083
DSC_8448.JPG_max_x: 1293.63
DSC_8448.JPG_min_x: 8.19525
DSC_8448.JPG_max_y: 1957.08
DSC_8448.JPG_min_y: 661.641
