1.119440143060153492e+00 -7.873294168308403451e-02 -9.531969098312858435e+00
-4.247941339855119680e-01 1.261935087242272102e+00 5.257677191714680731e+01
-4.649162079832719406e-04 1.158839323716755003e-04 1.000000000000000000e+00
DSC_8294.JPG_max_x: 862.501
DSC_8294.JPG_min_x: 80.4357
DSC_8294.JPG_max_y: 1149.5
DSC_8294.JPG_min_y: 663.182
DSC_8338.JPG_max_x: 1190.57
DSC_8338.JPG_min_x: 21.8973
DSC_8338.JPG_max_y: 1498.97
DSC_8338.JPG_min_y: 820.859
