3.746254681302688128e-01 -1.708104956893759852e+00 1.574340525694791040e+03
-3.887843134637920112e-02 -1.692244002161136907e+00 1.857023141514104509e+03
7.828687877903745332e-04 -1.252419009776976812e-03 1.000000000000000000e+00
DSC_8220.JPG_max_x: 479.6
DSC_8220.JPG_min_x: 133.754
DSC_8220.JPG_max_y: 1206.37
DSC_8220.JPG_min_y: 829.395
DSC_8283.JPG_max_x: 1290.36
DSC_8283.JPG_min_x: 959.66
DSC_8283.JPG_max_y: 1294.66
DSC_8283.JPG_min_y: 133.814
