1.009634089066320906e+00 -3.129423661866059109e-02 2.844435119622234538e+02
-3.484495529806305725e-02 1.183828095877020870e+00 1.086509143216456863e+02
-4.306850085989971931e-05 1.135467469548610215e-05 1.000000000000000000e+00
DSC_8198.JPG_max_x: 700.068
DSC_8198.JPG_min_x: 10.5129
DSC_8198.JPG_max_y: 1468.81
DSC_8198.JPG_min_y: 670.263
DSC_8376.JPG_max_x: 970.521
DSC_8376.JPG_min_x: 276.239
DSC_8376.JPG_max_y: 1832.44
DSC_8376.JPG_min_y: 922.141
