4.783502394254777634e+00 1.397968165450579781e+00 -2.443641329463257534e+03
-2.575868889582717536e-01 5.513447539988784563e+00 -6.636497474414399221e+03
-3.980146962750097768e-05 1.604116498026074205e-03 1.000000000000000000e+00
DSC_8364.JPG_max_x: 904.047
DSC_8364.JPG_min_x: 333.467
DSC_8364.JPG_max_y: 1706.49
DSC_8364.JPG_min_y: 1262.95
DSC_8417.JPG_max_x: 1167.81
DSC_8417.JPG_min_x: 333.792
DSC_8417.JPG_max_y: 700.722
DSC_8417.JPG_min_y: 66.497
