-5.630013624680350048e+00 -1.178864503332806901e+00 7.199010676186506316e+03
-1.820459201840047836e-01 -6.084360606025499330e+00 5.674139832645855677e+03
-1.914543060751545825e-03 -1.750424866494541690e-03 1.000000000000000000e+00
DSC_8218.JPG_max_x: 1327.04
DSC_8218.JPG_min_x: 1097.33
DSC_8218.JPG_max_y: 1181.72
DSC_8218.JPG_min_y: 957.686
DSC_8433.JPG_max_x: 462.43
DSC_8433.JPG_min_x: 62.5597
DSC_8433.JPG_max_y: 504.644
DSC_8433.JPG_min_y: 123.695
