-3.712792177680644956e-01 5.141108080647859013e-02 8.014997823016395273e+01
-2.229250141684217645e+00 -1.670932900502581253e+00 3.228588256161855952e+03
-1.450917521877358304e-03 -3.431028295602846917e-04 1.000000000000000000e+00
DSC_8338.JPG_max_x: 1301.41
DSC_8338.JPG_min_x: 203.54
DSC_8338.JPG_max_y: 1589.84
DSC_8338.JPG_min_y: 871.419
DSC_8442.JPG_max_x: 828.354
DSC_8442.JPG_min_x: 34.1055
DSC_8442.JPG_max_y: 1870.06
DSC_8442.JPG_min_y: 857.008
