-6.664774293906283731e-01 -8.824744698774128482e-02 8.555759129506421914e+02
-1.395265728278343609e+00 -6.261661028216261027e-01 1.712994925924772815e+03
-1.377067651878472691e-03 3.151480341737053817e-05 1.000000000000000000e+00
DSC_8238.JPG_max_x: 1317.65
DSC_8238.JPG_min_x: 1196.64
DSC_8238.JPG_max_y: 1472.31
DSC_8238.JPG_min_y: 734.001
DSC_8258.JPG_max_x: 296.118
DSC_8258.JPG_min_x: 21.5194
DSC_8258.JPG_max_y: 1362.1
DSC_8258.JPG_min_y: 683.347
