6.305022485823646328e+00 5.724504023191108182e-01 -7.532126615722466340e+03
7.293946762608131129e-01 7.182280628258993715e+00 -5.213833656066231015e+03
8.162957758174603810e-04 8.240348119479295368e-04 1.000000000000000000e+00
DSC_8198.JPG_max_x: 1318.02
DSC_8198.JPG_min_x: 1171.65
DSC_8198.JPG_max_y: 1157.65
DSC_8198.JPG_min_y: 795.203
DSC_8318.JPG_max_x: 471.49
DSC_8318.JPG_min_x: 135.859
DSC_8318.JPG_max_y: 1357.92
DSC_8318.JPG_min_y: 529.475
