6.599944761547382743e-01 1.955313776542625531e-02 -3.249736520277232898e+02
1.430349080664859440e-01 7.436401301916490958e-01 2.843548832529236847e+02
9.778980648097115196e-05 -8.281156716012722982e-05 1.000000000000000000e+00
DSC_8330.JPG_max_x: 1159.79
DSC_8330.JPG_min_x: 585.307
DSC_8330.JPG_max_y: 1207.59
DSC_8330.JPG_min_y: 577.759
DSC_8362.JPG_max_x: 450.786
DSC_8362.JPG_min_x: 76.8867
DSC_8362.JPG_max_y: 1333.05
DSC_8362.JPG_min_y: 786.852
