-2.751021411285555635e-02 -6.000902327757958732e-01 6.027530860769643368e+02
-1.204776095854985518e-02 -1.266948888770560444e-01 1.295239198846530257e+02
-3.253746607641288700e-05 -1.000649562567792854e-03 1.000000000000000000e+00
DSC_8218.JPG_max_x: 1275.64
DSC_8218.JPG_min_x: 59.8124
DSC_8218.JPG_max_y: 1057.33
DSC_8218.JPG_min_y: 875.493
DSC_8437.JPG_max_x: 1307.22
DSC_8437.JPG_min_x: 528.43
DSC_8437.JPG_max_y: 855.044
DSC_8437.JPG_min_y: 112.694
