-7.165493941504570419e-01 -2.997369433063684641e-01 1.036584880469805967e+03
-1.086233743688234554e+00 -3.934094632123906199e-01 1.479582285342386967e+03
-6.910798718316637623e-04 -2.992960806326407032e-04 1.000000000000000000e+00
DSC_8320.JPG_max_x: 937.355
DSC_8320.JPG_min_x: 537.913
DSC_8320.JPG_max_y: 1526.9
DSC_8320.JPG_min_y: 988.931
DSC_8470.JPG_max_x: 1320.69
DSC_8470.JPG_min_x: 309.676
DSC_8470.JPG_max_y: 1916.92
DSC_8470.JPG_min_y: 1415.44
