4.146313141870294761e-01 2.556207674836065147e-01 -6.179769113818107229e+01
-2.126684538056630436e-01 6.987333724437265747e-01 1.282249406767554774e+03
-2.692478490264111731e-05 1.052973021078589167e-04 1.000000000000000000e+00
DSC_8271.JPG_max_x: 1318.43
DSC_8271.JPG_min_x: 150.39
DSC_8271.JPG_max_y: 1036.93
DSC_8271.JPG_min_y: 38.5152
DSC_8292.JPG_max_x: 687.085
DSC_8292.JPG_min_x: 202.408
DSC_8292.JPG_max_y: 1772.86
DSC_8292.JPG_min_y: 1149.75
