-7.161255556627483809e-01 -7.764459868038925405e-01 1.200527818619526670e+03
-4.837816808942343449e-01 -1.782258128510263884e+00 1.782176185180307584e+03
-4.234929013767883442e-04 -9.668888997034631554e-04 1.000000000000000000e+00
DSC_8196.JPG_max_x: 1318.32
DSC_8196.JPG_min_x: 860.269
DSC_8196.JPG_max_y: 1314.1
DSC_8196.JPG_min_y: 810.141
DSC_8438.JPG_max_x: 1202.52
DSC_8438.JPG_min_x: 565.968
DSC_8438.JPG_max_y: 1642.72
DSC_8438.JPG_min_y: 838.971
