1.402866995200309219e+00 -1.330461026423515603e-01 -1.189213388320769582e+03
6.638351566172623341e-01 2.011283430118976923e-01 1.151554877669609141e+03
5.615946798151855938e-04 -7.535329465805478940e-04 1.000000000000000000e+00
DSC_8471.JPG_max_x: 1318.18
DSC_8471.JPG_min_x: 957.5
DSC_8471.JPG_max_y: 769.02
DSC_8471.JPG_min_y: 112.361
DSC_8472.JPG_max_x: 455.657
DSC_8472.JPG_min_x: 72.4881
DSC_8472.JPG_max_y: 1943.16
DSC_8472.JPG_min_y: 1245.36
