-8.251517725122724523e-01 1.474184528882925171e+00 3.160886845764937902e+01
-8.456726827027709614e-01 -1.115184339950685999e+00 6.561529751008301901e+02
-1.494685417912904740e-03 -1.160157003247889356e-03 1.000000000000000000e+00
DSC_8399.JPG_max_x: 1327.97
DSC_8399.JPG_min_x: 505.073
DSC_8399.JPG_max_y: 524.714
DSC_8399.JPG_min_y: 129.041
DSC_8415.JPG_max_x: 1095.58
DSC_8415.JPG_min_x: 17.078
DSC_8415.JPG_max_y: 1122.25
DSC_8415.JPG_min_y: 550.078
