1.838667912599877940e+00 5.397849094280289250e-01 -7.506520574394861569e+02
-2.422803292806424424e-01 2.334154414595454696e+00 -2.149929050163383636e+03
-1.108279137665073126e-04 6.190586056771825831e-04 1.000000000000000000e+00
DSC_8330.JPG_max_x: 1185.29
DSC_8330.JPG_min_x: 50.0028
DSC_8330.JPG_max_y: 1991.68
DSC_8330.JPG_min_y: 1029.63
DSC_8331.JPG_max_x: 1214.5
DSC_8331.JPG_min_x: 80.3499
DSC_8331.JPG_max_y: 1078.56
DSC_8331.JPG_min_y: 83.4891
