3.736366507719331320e+00 1.171741505052030785e+00 -2.220858107421556724e+03
-2.398642639613662586e-01 4.371549713876261123e+00 -5.407504324812332925e+03
2.074955372833976885e-05 1.576201576977895097e-03 1.000000000000000000e+00
DSC_8200.JPG_max_x: 1228.0
DSC_8200.JPG_min_x: 260.454
DSC_8200.JPG_max_y: 1787.17
DSC_8200.JPG_min_y: 1327.81
DSC_8201.JPG_max_x: 1234.59
DSC_8201.JPG_min_x: 143.16
DSC_8201.JPG_max_y: 604.643
DSC_8201.JPG_min_y: 85.7417
