2.920711814810985185e+00 9.072717596327173339e-01 -1.423219846082533195e+03
1.655764717626854315e-02 3.411690497660195831e+00 -3.300207849233570414e+03
4.124176512947313951e-05 1.253977695618994784e-03 1.000000000000000000e+00
DSC_8452.JPG_max_x: 933.49
DSC_8452.JPG_min_x: 193.202
DSC_8452.JPG_max_y: 1985.02
DSC_8452.JPG_min_y: 1124.63
DSC_8453.JPG_max_x: 931.058
DSC_8453.JPG_min_x: 196.156
DSC_8453.JPG_max_y: 997.522
DSC_8453.JPG_min_y: 218.396
