4.842918762535331489e-01 6.094999267064871336e-03 -1.658160292611659372e+02
-2.095956083292118688e-01 2.314783717969891852e-01 5.475216727322069801e+02
-2.599568186287995030e-04 -1.261133743364866843e-04 1.000000000000000000e+00
DSC_8290.JPG_max_x: 1256.37
DSC_8290.JPG_min_x: 407.054
DSC_8290.JPG_max_y: 1689.43
DSC_8290.JPG_min_y: 291.045
DSC_8336.JPG_max_x: 820.287
DSC_8336.JPG_min_x: 39.7831
DSC_8336.JPG_max_y: 1322.14
DSC_8336.JPG_min_y: 620.627
