5.747474103484544461e-01 -1.636006844551852746e-01 1.107030839428045283e+03
7.808363129329726204e-02 9.863980606555584618e-01 1.264403304464338440e+01
-2.918924991676008929e-04 2.671932832718800616e-04 1.000000000000000000e+00
DSC_8325.JPG_max_x: 625.829
DSC_8325.JPG_min_x: 15.0606
DSC_8325.JPG_max_y: 809.151
DSC_8325.JPG_min_y: 456.773
DSC_8429.JPG_max_x: 1330.27
DSC_8429.JPG_min_x: 822.08
DSC_8429.JPG_max_y: 800.495
DSC_8429.JPG_min_y: 432.002
