3.602780263051263976e+00 5.147170150175353065e-01 -2.159099652432014409e+03
-5.096489441667878539e-02 4.048061835997913249e+00 -3.668287508376524329e+03
2.733071837393683695e-04 1.055132822611990319e-03 9.999999999999998890e-01
DSC_8308.JPG_max_x: 1326.7
DSC_8308.JPG_min_x: 472.83
DSC_8308.JPG_max_y: 1762.6
DSC_8308.JPG_min_y: 1177.8
DSC_8325.JPG_max_x: 1187.5
DSC_8325.JPG_min_x: 84.5953
DSC_8325.JPG_max_y: 1076.74
DSC_8325.JPG_min_y: 422.966
