3.215630229610218216e-02 -5.477961718203091523e-01 9.661825177370583333e+02
-7.822169824440551589e-02 5.839719323674112950e-01 1.017657941060183617e+02
-6.216418195553305350e-04 1.512481835179602541e-04 9.999999999999998890e-01
DSC_8227.JPG_max_x: 753.143
DSC_8227.JPG_min_x: 18.2423
DSC_8227.JPG_max_y: 1549.75
DSC_8227.JPG_min_y: 383.828
DSC_8339.JPG_max_x: 1285.72
DSC_8339.JPG_min_x: 112.992
DSC_8339.JPG_max_y: 834.748
DSC_8339.JPG_min_y: 377.217
