8.284046607047812483e-01 -3.509782951380528981e-01 8.762292130950784212e+02
1.743270744656760241e-01 7.671465053052031191e-01 -6.329076536702169733e+02
-9.878981419889586429e-05 -2.072512330867227253e-05 1.000000000000000000e+00
DSC_8244.JPG_max_x: 762.098
DSC_8244.JPG_min_x: 40.2122
DSC_8244.JPG_max_y: 1608.75
DSC_8244.JPG_min_y: 990.629
DSC_8443.JPG_max_x: 1171.67
DSC_8443.JPG_min_x: 268.304
DSC_8443.JPG_max_y: 791.354
DSC_8443.JPG_min_y: 155.022
