1.582760837438202284e+00 -2.403697290632064165e-01 5.281362743480976718e+01
1.550047988439137714e-01 1.261957331061766663e+00 -1.637919200319809931e+02
4.606208426163923821e-05 -2.726936344074947036e-04 1.000000000000000000e+00
DSC_8248.JPG_max_x: 639.388
DSC_8248.JPG_min_x: 77.3718
DSC_8248.JPG_max_y: 1171.79
DSC_8248.JPG_min_y: 595.265
DSC_8420.JPG_max_x: 1094.82
DSC_8420.JPG_min_x: 25.4897
DSC_8420.JPG_max_y: 1961.59
DSC_8420.JPG_min_y: 735.777
