3.373400069669416634e-01 -2.358987848837329204e-01 4.670543626670205981e+02
-6.864624992544467999e-04 1.267051255624438155e-01 -1.394420282659712882e+02
1.483639709852062360e-04 -4.570693778436846146e-04 1.000000000000000000e+00
DSC_8240.JPG_max_x: 769.086
DSC_8240.JPG_min_x: 45.1835
DSC_8240.JPG_max_y: 1825.96
DSC_8240.JPG_min_y: 1396.97
DSC_8473.JPG_max_x: 855.404
DSC_8473.JPG_min_x: 295.373
DSC_8473.JPG_max_y: 545.125
DSC_8473.JPG_min_y: 70.925
