-6.226640935565613821e-01 -4.013094338213682999e-01 7.009923755825908529e+02
-5.662354955130025402e+00 6.341855766276104589e+00 1.503210558732680056e+03
-3.775617357597388975e-03 4.477612600240161132e-03 1.000000000000000000e+00
DSC_8351.JPG_max_x: 1266.39
DSC_8351.JPG_min_x: 278.127
DSC_8351.JPG_max_y: 515.6
DSC_8351.JPG_min_y: 141.358
DSC_8414.JPG_max_x: 805.909
DSC_8414.JPG_min_x: 26.4256
DSC_8414.JPG_max_y: 1690.08
DSC_8414.JPG_min_y: 1075.49
