5.397769899583790831e-01 2.449277315207573635e-01 -4.414994748147163364e+02
-8.660023405895528326e-02 6.455025114673469400e-01 1.046916603260960073e+03
-2.060783369263872902e-05 1.509299171854011190e-04 1.000000000000000000e+00
DSC_8227.JPG_max_x: 1299.55
DSC_8227.JPG_min_x: 642.245
DSC_8227.JPG_max_y: 828.186
DSC_8227.JPG_min_y: 226.921
DSC_8276.JPG_max_x: 404.049
DSC_8276.JPG_min_x: 21.8324
DSC_8276.JPG_max_y: 1343.92
DSC_8276.JPG_min_y: 1093.7
