1.021444034941838908e+01 4.204294441699915730e+00 -1.156885371242237125e+04
-7.415337690257121084e-01 1.410761435187323443e+01 -1.555959195233192258e+04
-8.126431855221336173e-04 5.339008768869170710e-03 1.000000000000000000e+00
DSC_8232.JPG_max_x: 971.035
DSC_8232.JPG_min_x: 570.065
DSC_8232.JPG_max_y: 1855.13
DSC_8232.JPG_min_y: 1265.84
DSC_8315.JPG_max_x: 582.116
DSC_8315.JPG_min_x: 81.754
DSC_8315.JPG_max_y: 979.317
DSC_8315.JPG_min_y: 242.042
