1.587089267613535304e+00 2.432929197649064956e-01 -7.776042172559817800e+02
1.746746989788240945e-01 1.333536633495066681e+00 -2.342235948502850533e+02
2.311811778487414656e-04 6.413737009746229244e-05 1.000000000000000000e+00
DSC_8414.JPG_max_x: 1316.51
DSC_8414.JPG_min_x: 269.477
DSC_8414.JPG_max_y: 1660.94
DSC_8414.JPG_min_y: 1017.14
DSC_8472.JPG_max_x: 1210.67
DSC_8472.JPG_min_x: 124.539
DSC_8472.JPG_max_y: 1627.68
DSC_8472.JPG_min_y: 981.179
