1.364163049396101002e+00 -3.066429978001085632e-01 1.219425009091056822e+01
1.701329761120741468e-01 1.476460873370122329e+00 -5.499591506122259261e+02
7.778175216926990875e-05 6.270873144242073414e-05 9.999999999999998890e-01
DSC_8242.JPG_max_x: 1215.82
DSC_8242.JPG_min_x: 238.405
DSC_8242.JPG_max_y: 1591.93
DSC_8242.JPG_min_y: 587.084
DSC_8354.JPG_max_x: 1180.76
DSC_8354.JPG_min_x: 8.73949
DSC_8354.JPG_max_y: 1637.44
DSC_8354.JPG_min_y: 405.969
