1.793394893837178650e+00 3.535687797118306636e-02 -5.984929028543730283e+02
9.016663096403858269e-02 1.724814500826242325e+00 -1.675798607687025310e+01
5.265417827717833312e-05 1.229401658506398744e-04 1.000000000000000000e+00
DSC_8417.JPG_max_x: 1160.91
DSC_8417.JPG_min_x: 341.311
DSC_8417.JPG_max_y: 981.77
DSC_8417.JPG_min_y: 1.7702
DSC_8449.JPG_max_x: 1324.92
DSC_8449.JPG_min_x: 26.2546
DSC_8449.JPG_max_y: 1486.3
DSC_8449.JPG_min_y: 66.0472
