2.186131501645925734e+00 8.757893838861455782e-01 -1.927159962803730650e+03
-3.071173606408389434e-01 2.818026358586978475e+00 -3.084429488437245254e+03
-5.169319164665710570e-06 9.391821780082709866e-04 1.000000000000000000e+00
DSC_8446.JPG_max_x: 1232.02
DSC_8446.JPG_min_x: 273.725
DSC_8446.JPG_max_y: 1590.79
DSC_8446.JPG_min_y: 1253.57
DSC_8473.JPG_max_x: 855.404
DSC_8473.JPG_min_x: 51.5658
DSC_8473.JPG_max_y: 524.26
DSC_8473.JPG_min_y: 70.925
