-1.077158097740320031e+01 -3.338330778731700033e+00 7.223687509815867088e+03
-1.269902252807801624e+01 -6.831543263812100975e+00 1.841602837463017522e+03
-1.023583484996750184e-02 -1.028983509048110980e-03 9.999999999999998890e-01
DSC_8267.JPG_max_x: 1295.49
DSC_8267.JPG_min_x: 740.957
DSC_8267.JPG_max_y: 1321.77
DSC_8267.JPG_min_y: 108.539
DSC_8432.JPG_max_x: 779.299
DSC_8432.JPG_min_x: 219.532
DSC_8432.JPG_max_y: 1906.56
DSC_8432.JPG_min_y: 1252.39
