7.138543876835772295e-01 1.754405749225589062e-02 2.362332475909695120e+02
-8.831005687422881223e-02 7.842634079506599631e-01 2.290794955513095772e+02
-1.039189919037160272e-04 4.069292269936925800e-05 1.000000000000000000e+00
DSC_8320.JPG_max_x: 1325.13
DSC_8320.JPG_min_x: 29.0476
DSC_8320.JPG_max_y: 1528.42
DSC_8320.JPG_min_y: 507.265
DSC_8336.JPG_max_x: 1313.19
DSC_8336.JPG_min_x: 265.648
DSC_8336.JPG_max_y: 1334.24
DSC_8336.JPG_min_y: 627.916
