3.835215701584718806e-01 -8.946912146496706353e-02 -2.234483854744317455e+02
6.271708798182751288e-01 -5.773672710562208765e-01 2.171321944223562070e+02
5.999115875897815826e-04 -1.310165358581319222e-03 1.000000000000000000e+00
DSC_8325.JPG_max_x: 1277.47
DSC_8325.JPG_min_x: 155.964
DSC_8325.JPG_max_y: 1048.43
DSC_8325.JPG_min_y: 606.516
DSC_8457.JPG_max_x: 1203.87
DSC_8457.JPG_min_x: 91.0424
DSC_8457.JPG_max_y: 1332.29
DSC_8457.JPG_min_y: 639.429
