-8.858095798167231472e-01 5.226888363315737029e-01 5.227319951774442188e+02
-3.060870935061259512e+00 1.555772857831116962e+00 1.736350884718407769e+03
-1.765388719847034524e-03 1.017205255786043797e-03 1.000000000000000000e+00
DSC_8375.JPG_max_x: 1222.9
DSC_8375.JPG_min_x: 651.521
DSC_8375.JPG_max_y: 1466.71
DSC_8375.JPG_min_y: 21.025
DSC_8386.JPG_max_x: 835.751
DSC_8386.JPG_min_x: 238.06
DSC_8386.JPG_max_y: 1978.25
DSC_8386.JPG_min_y: 717.208
