4.910048665253505806e-01 -5.562393264036058493e-01 1.118374946318034290e+03
1.806943846955164357e-01 -1.785045693572140380e-01 1.349207900758141932e+03
3.538734831751541343e-05 -3.773334348032841845e-04 1.000000000000000000e+00
DSC_8209.JPG_max_x: 527.765
DSC_8209.JPG_min_x: 13.518
DSC_8209.JPG_max_y: 660.081
DSC_8209.JPG_min_y: 284.369
DSC_8396.JPG_max_x: 1324.98
DSC_8396.JPG_min_x: 1044.19
DSC_8396.JPG_max_y: 1662.61
DSC_8396.JPG_min_y: 1479.46
