7.140911663299257528e-01 7.714026109978437684e-02 -9.100755808916490253e+01
1.117145593995636094e-01 7.327979560831797690e-01 5.264398332388892641e+02
1.052062240234171895e-04 7.312643020101255368e-05 1.000000000000000000e+00
DSC_8254.JPG_max_x: 1319.1
DSC_8254.JPG_min_x: 334.402
DSC_8254.JPG_max_y: 1798.29
DSC_8254.JPG_min_y: 572.395
DSC_8430.JPG_max_x: 773.534
DSC_8430.JPG_min_x: 235.268
DSC_8430.JPG_max_y: 1581.76
DSC_8430.JPG_min_y: 932.408
