6.850784039267254766e-01 -2.310606135313989784e-01 1.694759725374632353e+02
5.613600359127787071e-02 2.049825379287558702e-01 1.202866654616812866e+03
-2.677195796613479159e-05 -3.271975058908619619e-04 1.000000000000000000e+00
DSC_8249.JPG_max_x: 467.994
DSC_8249.JPG_min_x: 13.6617
DSC_8249.JPG_max_y: 560.216
DSC_8249.JPG_min_y: 69.725
DSC_8264.JPG_max_x: 473.855
DSC_8264.JPG_min_x: 63.0795
DSC_8264.JPG_max_y: 1634.8
DSC_8264.JPG_min_y: 1280.35
