1.993339849437152367e+00 -1.235405811401154991e-01 1.420529068621445276e+03
3.489593140955807860e-01 2.686058279734668375e+00 -3.082802904996246525e+03
-3.696292048492444545e-04 3.070376679126465445e-04 1.000000000000000000e+00
DSC_8362.JPG_max_x: 243.15
DSC_8362.JPG_min_x: 67.5699
DSC_8362.JPG_max_y: 1667.89
DSC_8362.JPG_min_y: 1201.64
DSC_8405.JPG_max_x: 1298.55
DSC_8405.JPG_min_x: 951.943
DSC_8405.JPG_max_y: 987.37
DSC_8405.JPG_min_y: 122.592
