-4.838011136073624985e-01 7.493762100794199021e-02 3.913055994045775492e+02
-1.892516614809747644e+00 1.766959018794572178e-01 1.358350369679231790e+03
-1.575403607649569727e-03 3.122852456418962917e-04 1.000000000000000000e+00
DSC_8290.JPG_max_x: 1316.83
DSC_8290.JPG_min_x: 740.341
DSC_8290.JPG_max_y: 1756.39
DSC_8290.JPG_min_y: 848.236
DSC_8472.JPG_max_x: 946.422
DSC_8472.JPG_min_x: 72.4881
DSC_8472.JPG_max_y: 1726.16
DSC_8472.JPG_min_y: 1012.01
