-3.584260837367639674e+00 -1.095542697038782709e+00 3.233410607090687790e+03
-1.543286024626994601e+00 -3.661378577093826525e+00 4.580428143767951951e+03
-1.226334726657919098e-03 -1.110539570243428229e-03 9.999999999999998890e-01
DSC_8214.JPG_max_x: 1073.4
DSC_8214.JPG_min_x: 461.058
DSC_8214.JPG_max_y: 1938.58
DSC_8214.JPG_min_y: 860.596
DSC_8359.JPG_max_x: 1166.55
DSC_8359.JPG_min_x: 240.866
DSC_8359.JPG_max_y: 1766.34
DSC_8359.JPG_min_y: 89.4707
