2.270919016898285125e-01 1.839764311460506951e-01 8.369948358308793104e+02
-5.628369962194895715e-01 1.094201299322426602e+00 1.571786122191996924e+02
-5.325935822950434969e-04 1.642646601887580568e-04 1.000000000000000000e+00
DSC_8324.JPG_max_x: 575.617
DSC_8324.JPG_min_x: 15.067
DSC_8324.JPG_max_y: 1606.96
DSC_8324.JPG_min_y: 1253.82
DSC_8444.JPG_max_x: 1324.92
DSC_8444.JPG_min_x: 895.563
DSC_8444.JPG_max_y: 1544.08
DSC_8444.JPG_min_y: 1272.48
