5.232790276866498003e-01 -1.112271856724626196e-01 9.437119577139998228e+01
-7.496229147837875362e-02 2.986322539684304611e-01 8.105409213268268331e+02
-8.873080489545365874e-05 -1.851439441639401453e-04 1.000000000000000000e+00
DSC_8257.JPG_max_x: 701.612
DSC_8257.JPG_min_x: 6.02175
DSC_8257.JPG_max_y: 1061.25
DSC_8257.JPG_min_y: 135.239
DSC_8306.JPG_max_x: 474.482
DSC_8306.JPG_min_x: 44.9129
DSC_8306.JPG_max_y: 1410.1
DSC_8306.JPG_min_y: 873.434
