1.884869254872209854e-01 -3.095385308710125183e-01 1.113367720966322395e+03
-2.145026856647752056e-01 1.422773623904886597e-01 1.304488288014058526e+03
-2.162378367842253358e-04 -1.691156613369110522e-04 1.000000000000000000e+00
DSC_8225.JPG_max_x: 515.941
DSC_8225.JPG_min_x: 7.60321
DSC_8225.JPG_max_y: 848.3
DSC_8225.JPG_min_y: 220.42
DSC_8414.JPG_max_x: 1327.8
DSC_8414.JPG_min_x: 1044.73
DSC_8414.JPG_max_y: 1708.44
DSC_8414.JPG_min_y: 1399.49
