-1.363235648043934711e+00 2.826316437419772454e-01 1.409413340308095940e+03
-3.362556186098790256e+00 4.268803867082563208e+00 1.830638579486002982e+03
-1.965280000866303795e-03 2.990946369429166914e-03 1.000000000000000000e+00
DSC_8237.JPG_max_x: 1228.25
DSC_8237.JPG_min_x: 392.734
DSC_8237.JPG_max_y: 308.242
DSC_8237.JPG_min_y: 151.497
DSC_8254.JPG_max_x: 838.491
DSC_8254.JPG_min_x: 95.9133
DSC_8254.JPG_max_y: 1893.18
DSC_8254.JPG_min_y: 1594.96
