1.086160405333855383e+00 -1.701744410713153244e-01 1.474594877573142639e+02
-1.272224816197311537e-01 1.602159416263484459e+00 2.152478838377720649e+02
-2.472917268004633067e-04 9.055614370737547240e-04 1.000000000000000000e+00
DSC_8286.JPG_max_x: 1114.83
DSC_8286.JPG_min_x: 63.6418
DSC_8286.JPG_max_y: 1934.44
DSC_8286.JPG_min_y: 830.805
DSC_8352.JPG_max_x: 556.276
DSC_8352.JPG_min_x: 41.4926
DSC_8352.JPG_max_y: 1272.52
DSC_8352.JPG_min_y: 896.146
