8.459772348708885503e-02 -2.202215129853587749e-01 5.540263842783888322e+02
-6.703565574521437587e-02 -3.134572882598644084e-01 1.204977274408318635e+03
-5.635650530161833105e-05 -3.449153831180006491e-04 1.000000000000000000e+00
DSC_8289.JPG_max_x: 1116.74
DSC_8289.JPG_min_x: 498.211
DSC_8289.JPG_max_y: 1513.12
DSC_8289.JPG_min_y: 259.339
DSC_8398.JPG_max_x: 705.406
DSC_8398.JPG_min_x: 605.11
DSC_8398.JPG_max_y: 1552.69
DSC_8398.JPG_min_y: 1238.66
