1.837578277016287676e-01 -6.851350204823297707e-01 1.110632197861411669e+03
-2.404174426018631516e-01 -5.336406163299978189e-01 9.658635390136344085e+02
-3.252287349946292430e-05 -5.972995652920747890e-04 1.000000000000000000e+00
DSC_8428.JPG_max_x: 634.473
DSC_8428.JPG_min_x: 4.60722
DSC_8428.JPG_max_y: 1820.17
DSC_8428.JPG_min_y: 938.797
DSC_8452.JPG_max_x: 1317.22
DSC_8452.JPG_min_x: 326.272
DSC_8452.JPG_max_y: 1742.23
DSC_8452.JPG_min_y: 842.356
