5.747515191029487491e-01 -1.877500977858683473e-01 1.971665109540425362e+02
1.390061369133580582e-01 1.168115312056530047e-01 1.135783201742659458e+03
8.209467415119915624e-05 -2.835514515569376713e-04 1.000000000000000000e+00
DSC_8335.JPG_max_x: 1304.64
DSC_8335.JPG_min_x: 267.671
DSC_8335.JPG_max_y: 1113.99
DSC_8335.JPG_min_y: 22.4676
DSC_8364.JPG_max_x: 904.047
DSC_8364.JPG_min_x: 336.044
DSC_8364.JPG_max_y: 1830.78
DSC_8364.JPG_min_y: 1164.0
