1.497392790841096666e+00 -3.281709083897097617e-02 -1.060250454559416085e+03
4.274333444696520878e-01 1.297741188643866561e+00 -2.645556484455245823e+02
3.978821166098060768e-04 -6.557848954712647066e-05 1.000000000000000000e+00
DSC_8194.JPG_max_x: 1329.0
DSC_8194.JPG_min_x: 781.539
DSC_8194.JPG_max_y: 1537.62
DSC_8194.JPG_min_y: 347.891
DSC_8196.JPG_max_x: 614.192
DSC_8196.JPG_min_x: 50.9566
DSC_8196.JPG_max_y: 1710.13
DSC_8196.JPG_min_y: 456.022
