-2.196335268215662140e+01 4.238189212236781467e-01 6.362099862243492680e+03
-1.546902431701119696e+01 -1.425919692539532591e+01 2.617421912957481709e+03
-1.354889448964172703e-02 -2.822727184086628455e-03 1.000000000000000000e+00
DSC_8197.JPG_max_x: 1015.12
DSC_8197.JPG_min_x: 478.541
DSC_8197.JPG_max_y: 1062.35
DSC_8197.JPG_min_y: 76.5793
DSC_8246.JPG_max_x: 1209.71
DSC_8246.JPG_min_x: 752.613
DSC_8246.JPG_max_y: 1882.19
DSC_8246.JPG_min_y: 1025.05
