7.171833796521480675e-01 1.048339306939182203e-01 5.211370740463090101e+01
-4.726116070266576097e-01 5.048683781989786734e-01 3.484505547194141286e+02
-3.572730662047289476e-04 -1.363844342693997381e-04 1.000000000000000000e+00
DSC_8380.JPG_max_x: 770.712
DSC_8380.JPG_min_x: 39.2375
DSC_8380.JPG_max_y: 1709.49
DSC_8380.JPG_min_y: 1085.3
DSC_8430.JPG_max_x: 1314.05
DSC_8430.JPG_min_x: 270.29
DSC_8430.JPG_max_y: 1662.28
DSC_8430.JPG_min_y: 939.06
