8.291200507003564368e-01 4.255135679011364663e-02 7.458107652100737823e+02
1.840980938561397051e-02 8.418403829960734441e-01 9.592286678382773601e+00
3.673485217551434239e-05 7.179898066960778164e-05 1.000000000000000000e+00
DSC_8224.JPG_max_x: 796.018
DSC_8224.JPG_min_x: 12.0383
DSC_8224.JPG_max_y: 1262.05
DSC_8224.JPG_min_y: 724.034
DSC_8306.JPG_max_x: 1312.53
DSC_8306.JPG_min_x: 741.528
DSC_8306.JPG_max_y: 981.97
DSC_8306.JPG_min_y: 587.867
