4.178958023348812389e+00 4.824838354151873565e-01 -1.143015739089720455e+03
2.395297269397928197e+00 2.985620139963398145e+00 -2.141649005704290175e+03
1.551762189091830235e-03 1.812260731257108929e-05 9.999999999999998890e-01
DSC_8430.JPG_max_x: 846.464
DSC_8430.JPG_min_x: 270.29
DSC_8430.JPG_max_y: 1453.66
DSC_8430.JPG_min_y: 932.408
DSC_8466.JPG_max_x: 1318.77
DSC_8466.JPG_min_x: 356.159
DSC_8466.JPG_max_y: 1830.79
DSC_8466.JPG_min_y: 1121.42
