8.928923719036409024e-01 -5.410274892958191056e-02 -2.401554437610468540e+02
1.121826425563468566e-01 9.266769038263199532e-01 1.604500497160074417e+02
5.476601449469911209e-05 5.120144214385120797e-05 1.000000000000000000e+00
DSC_8340.JPG_max_x: 1137.73
DSC_8340.JPG_min_x: 373.918
DSC_8340.JPG_max_y: 1972.21
DSC_8340.JPG_min_y: 511.019
DSC_8410.JPG_max_x: 576.308
DSC_8410.JPG_min_x: 26.7454
DSC_8410.JPG_max_y: 1811.74
DSC_8410.JPG_min_y: 691.238
