-4.156539545562183968e-01 -1.342773618446349744e-02 4.741550337548458742e+02
-1.162913508589951794e+00 -2.475157765705738033e-01 1.410940788067062385e+03
-9.636755560205399317e-04 -4.381128498461530579e-06 1.000000000000000000e+00
DSC_8278.JPG_max_x: 1322.66
DSC_8278.JPG_min_x: 959.201
DSC_8278.JPG_max_y: 1007.48
DSC_8278.JPG_min_y: 561.329
DSC_8434.JPG_max_x: 873.142
DSC_8434.JPG_min_x: 135.065
DSC_8434.JPG_max_y: 1630.34
DSC_8434.JPG_min_y: 756.194
