1.417265952823773878e+00 3.218488071372462012e-02 -1.416902191975090375e+02
1.005143737701557401e-03 1.503957039603958989e+00 -2.247842349671316811e+02
-3.662930046218252999e-05 1.249485475626526060e-04 1.000000000000000000e+00
DSC_8433.JPG_max_x: 1066.77
DSC_8433.JPG_min_x: 229.151
DSC_8433.JPG_max_y: 1287.56
DSC_8433.JPG_min_y: 155.86
DSC_8449.JPG_max_x: 1319.94
DSC_8449.JPG_min_x: 177.194
DSC_8449.JPG_max_y: 1492.26
DSC_8449.JPG_min_y: 10.5925
