4.422320461665118607e+00 1.290509385558050948e+00 -4.261186674468850470e+03
-1.976024275085958015e-01 2.596574894910522957e+00 5.103835340172384463e+02
9.298665642404566620e-04 1.085922882190627043e-04 1.000000000000000000e+00
DSC_8267.JPG_max_x: 1318.24
DSC_8267.JPG_min_x: 947.768
DSC_8267.JPG_max_y: 935.333
DSC_8267.JPG_min_y: 132.648
DSC_8305.JPG_max_x: 1004.7
DSC_8305.JPG_min_x: 393.031
DSC_8305.JPG_max_y: 1258.32
DSC_8305.JPG_min_y: 248.329
