2.299338066144121506e-01 -8.934871513971809343e-01 1.159611048732590007e+03
-3.622140176994763650e-01 -3.900843768414493096e-01 1.383400948862639780e+03
-3.610322191480360983e-04 -5.693731874891358414e-04 1.000000000000000000e+00
DSC_8339.JPG_max_x: 215.265
DSC_8339.JPG_min_x: 39.8304
DSC_8339.JPG_max_y: 665.359
DSC_8339.JPG_min_y: 269.45
DSC_8366.JPG_max_x: 1231.67
DSC_8366.JPG_min_x: 952.141
DSC_8366.JPG_max_y: 1836.51
DSC_8366.JPG_min_y: 1523.84
