9.429886227244885788e-01 -5.711962217442537737e-01 1.694917466487223237e+03
7.097191805298339595e-01 1.429967121633816562e+00 2.606968049598889934e+02
-2.024836865432315457e-04 3.228687378667011968e-04 9.999999999999998890e-01
DSC_8253.JPG_max_x: 229.62
DSC_8253.JPG_min_x: 4.4818
DSC_8253.JPG_max_y: 1268.88
DSC_8253.JPG_min_y: 540.238
DSC_8267.JPG_max_x: 1311.09
DSC_8267.JPG_min_x: 853.485
DSC_8267.JPG_max_y: 1628.33
DSC_8267.JPG_min_y: 899.599
