-7.353751634772485168e-01 -9.184784612942186177e-01 1.472169511297755662e+03
-2.823532325934794210e-02 -1.150321490401867042e+00 1.061619076839488798e+03
-4.191045529201174649e-04 -1.033041693129777916e-03 9.999999999999998890e-01
DSC_8336.JPG_max_x: 1308.01
DSC_8336.JPG_min_x: 454.708
DSC_8336.JPG_max_y: 1393.12
DSC_8336.JPG_min_y: 984.891
DSC_8453.JPG_max_x: 746.486
DSC_8453.JPG_min_x: 184.074
DSC_8453.JPG_max_y: 930.323
DSC_8453.JPG_min_y: 218.396
