1.038657021501746103e+00 -7.707549076642379593e-02 -1.250859562879309124e+02
1.081917403943802869e-01 1.009654842374815731e+00 2.784938596122918497e+01
8.487987502566437853e-05 -1.551815219554751558e-05 1.000000000000000000e+00
DSC_8366.JPG_max_x: 1330.53
DSC_8366.JPG_min_x: 254.21
DSC_8366.JPG_max_y: 1860.81
DSC_8366.JPG_min_y: 1021.32
DSC_8380.JPG_max_x: 1057.36
DSC_8380.JPG_min_x: 34.6355
DSC_8380.JPG_max_y: 1913.08
DSC_8380.JPG_min_y: 1090.46
