1.029796057651379826e+00 -6.499842597874248840e-02 -1.666320538402694069e+02
5.191579858989570084e-02 9.462509098646243455e-01 5.005255318279248655e+01
4.106085968059549935e-05 -9.499078439312943586e-06 1.000000000000000000e+00
DSC_8454.JPG_max_x: 1315.97
DSC_8454.JPG_min_x: 262.201
DSC_8454.JPG_max_y: 1721.68
DSC_8454.JPG_min_y: 705.709
DSC_8474.JPG_max_x: 1052.69
DSC_8474.JPG_min_x: 19.6454
DSC_8474.JPG_max_y: 1691.05
DSC_8474.JPG_min_y: 741.706
