4.640561523610191030e-01 -6.073968962168495578e-01 8.067357657436500631e+02
1.104447594857265180e-01 8.514356337883915993e-02 4.112310929306887175e+01
1.559874860849074147e-04 -5.894653393081131362e-04 9.999999999999998890e-01
DSC_8260.JPG_max_x: 1172.38
DSC_8260.JPG_min_x: 173.741
DSC_8260.JPG_max_y: 1397.96
DSC_8260.JPG_min_y: 901.337
DSC_8443.JPG_max_x: 1318.26
DSC_8443.JPG_min_x: 535.614
DSC_8443.JPG_max_y: 791.354
DSC_8443.JPG_min_y: 245.593
