7.056960682411127506e-01 1.344596772576429899e-01 -2.399085863971593540e+02
-8.381592325822503908e-02 1.047150818674265293e+00 2.051610828009030740e+02
1.905965451177048031e-05 1.710337166450269725e-04 1.000000000000000000e+00
DSC_8338.JPG_max_x: 1190.57
DSC_8338.JPG_min_x: 91.7443
DSC_8338.JPG_max_y: 1495.36
DSC_8338.JPG_min_y: 820.859
DSC_8474.JPG_max_x: 627.787
DSC_8474.JPG_min_x: 19.6454
DSC_8474.JPG_max_y: 1384.04
DSC_8474.JPG_min_y: 911.54
