7.198994122672418561e-01 -1.383761077600884348e-01 1.993061166440835166e+02
-2.346718307256830810e-02 3.259966730240464461e-01 1.176031574221223991e+03
-4.166071866137174303e-05 -2.905923854468423027e-04 1.000000000000000000e+00
DSC_8353.JPG_max_x: 1325.14
DSC_8353.JPG_min_x: 24.4407
DSC_8353.JPG_max_y: 595.67
DSC_8353.JPG_min_y: 101.25
DSC_8414.JPG_max_x: 1289.18
DSC_8414.JPG_min_x: 174.541
DSC_8414.JPG_max_y: 1708.91
DSC_8414.JPG_min_y: 1253.05
