1.718713986887122402e+00 -3.898096243024849750e-02 -1.326285327930619133e+03
-1.264520461571895793e-01 2.031484977026721594e+00 -5.349766435342568229e+02
-2.560260216810800995e-05 1.149676490182171792e-04 1.000000000000000000e+00
DSC_8232.JPG_max_x: 1047.76
DSC_8232.JPG_min_x: 805.63
DSC_8232.JPG_max_y: 1359.53
DSC_8232.JPG_min_y: 814.265
DSC_8418.JPG_max_x: 404.587
DSC_8418.JPG_min_x: 24.2192
DSC_8418.JPG_max_y: 1852.92
DSC_8418.JPG_min_y: 935.17
