1.372135727319781229e-01 1.831029197230917005e-01 -1.636633252538775594e+02
5.057218623935740842e-01 -1.654084473323136795e+00 1.395039735975869462e+03
2.957601720918399653e-04 -1.181949460467641077e-03 1.000000000000000000e+00
DSC_8209.JPG_max_x: 1294.59
DSC_8209.JPG_min_x: 47.924
DSC_8209.JPG_max_y: 891.69
DSC_8209.JPG_min_y: 334.264
DSC_8442.JPG_max_x: 841.738
DSC_8442.JPG_min_x: 14.4047
DSC_8442.JPG_max_y: 1816.48
DSC_8442.JPG_min_y: 864.451
