3.820372348954402586e+00 7.586367214705675988e-01 -1.461001045818027478e+03
7.672011121733915973e-01 1.222374607566278915e+00 4.458377871055879496e+02
3.144419579804692399e-03 -1.222285488447665328e-04 9.999999999999998890e-01
DSC_8283.JPG_max_x: 1290.36
DSC_8283.JPG_min_x: 538.412
DSC_8283.JPG_max_y: 1768.87
DSC_8283.JPG_min_y: 126.406
DSC_8335.JPG_max_x: 900.416
DSC_8335.JPG_min_x: 530.596
DSC_8335.JPG_max_y: 963.09
DSC_8335.JPG_min_y: 327.807
