3.331337845033482958e-01 -6.172215945706862467e-02 3.871029192878730214e+02
-1.840244051556987892e-01 3.419334809989212354e-01 1.131649631150203277e+03
-1.441530169010492724e-04 -4.898872642042325010e-05 1.000000000000000000e+00
DSC_8257.JPG_max_x: 857.932
DSC_8257.JPG_min_x: 151.797
DSC_8257.JPG_max_y: 1134.51
DSC_8257.JPG_min_y: 220.074
DSC_8472.JPG_max_x: 748.59
DSC_8472.JPG_min_x: 385.823
DSC_8472.JPG_max_y: 1601.13
DSC_8472.JPG_min_y: 1222.81
