7.757111125212606817e-01 1.691934052387028820e-01 -2.788211841124100943e+02
-8.823654763141846047e-01 4.584856771197641234e-01 1.354099452425170739e+03
-1.257593093868916484e-04 -1.095471418190192695e-04 1.000000000000000000e+00
DSC_8283.JPG_max_x: 1188.12
DSC_8283.JPG_min_x: 423.488
DSC_8283.JPG_max_y: 1567.39
DSC_8283.JPG_min_y: 324.983
DSC_8465.JPG_max_x: 1327.01
DSC_8465.JPG_min_x: 274.651
DSC_8465.JPG_max_y: 1756.21
DSC_8465.JPG_min_y: 712.743
