9.147509350160012431e-01 -9.533815651850438555e-02 4.660283723864059766e+02
3.120054285081927826e-03 6.682575343138940083e-01 3.533012348617249359e+02
1.408169585085126915e-05 -1.536128188884420198e-04 1.000000000000000000e+00
DSC_8220.JPG_max_x: 784.309
DSC_8220.JPG_min_x: 14.9286
DSC_8220.JPG_max_y: 1534.24
DSC_8220.JPG_min_y: 753.937
DSC_8416.JPG_max_x: 1230.71
DSC_8416.JPG_min_x: 453.291
DSC_8416.JPG_max_y: 1784.81
DSC_8416.JPG_min_y: 952.602
