9.815928522011698742e-01 -2.082107124548929558e-02 -2.156069201594807510e+02
-1.051933650492091754e-01 1.010844780044213520e+00 -2.787937359496662637e+01
-9.024508276430193664e-05 -1.838657095518686315e-05 1.000000000000000000e+00
DSC_8260.JPG_max_x: 1242.53
DSC_8260.JPG_min_x: 239.136
DSC_8260.JPG_max_y: 1672.52
DSC_8260.JPG_min_y: 521.917
DSC_8310.JPG_max_x: 1111.54
DSC_8310.JPG_min_x: 17.0567
DSC_8310.JPG_max_y: 1737.86
DSC_8310.JPG_min_y: 454.068
