-4.453221732140427491e+00 -1.321443687010093182e+00 6.373710941367866326e+03
-5.354072747628747519e-01 -6.086146011631491604e+00 7.450711541609156484e+03
-3.117381417709129236e-03 -1.863365976944042664e-03 1.000000000000000000e+00
DSC_8346.JPG_max_x: 1316.41
DSC_8346.JPG_min_x: 920.603
DSC_8346.JPG_max_y: 1934.2
DSC_8346.JPG_min_y: 1144.31
DSC_8377.JPG_max_x: 276.15
DSC_8377.JPG_min_x: 42.8343
DSC_8377.JPG_max_y: 867.384
DSC_8377.JPG_min_y: 37.3033
