-1.830193549941752096e+00 -1.643519529784966127e-01 2.135801677452580861e+03
-2.439173649853450421e+00 -1.656174944934027282e+00 2.219136649912956273e+03
-2.626350773139371486e-03 -1.780190847314258053e-04 9.999999999999998890e-01
DSC_8202.JPG_max_x: 1204.01
DSC_8202.JPG_min_x: 1040.17
DSC_8202.JPG_max_y: 1765.5
DSC_8202.JPG_min_y: 679.294
DSC_8354.JPG_max_x: 127.437
DSC_8354.JPG_min_x: 8.4345
DSC_8354.JPG_max_y: 1511.82
DSC_8354.JPG_min_y: 801.159
