-2.106526604431381566e-01 -4.422458113109136169e-01 1.145175998726051148e+03
-4.137062654446569399e-01 2.342866887791131003e-01 4.098054013301779719e+02
-4.749901182775791955e-04 -2.385523579088155157e-04 1.000000000000000000e+00
DSC_8213.JPG_max_x: 766.356
DSC_8213.JPG_min_x: 58.5776
DSC_8213.JPG_max_y: 1296.75
DSC_8213.JPG_min_y: 639.003
DSC_8325.JPG_max_x: 1280.94
DSC_8325.JPG_min_x: 885.405
DSC_8325.JPG_max_y: 1043.56
DSC_8325.JPG_min_y: 47.2284
