1.043755561219773531e+00 1.035384384794285212e-01 6.806607863891895249e+02
7.504257927017099483e-02 9.691074191097518442e-01 -9.564428314285141823e+02
2.937658612050639446e-04 2.404409385029484733e-04 1.000000000000000000e+00
DSC_8268.JPG_max_x: 1307.78
DSC_8268.JPG_min_x: 16.8477
DSC_8268.JPG_max_y: 1654.14
DSC_8268.JPG_min_y: 1015.34
DSC_8433.JPG_max_x: 1322.75
DSC_8433.JPG_min_x: 628.402
DSC_8433.JPG_max_y: 459.447
DSC_8433.JPG_min_y: 81.008
