-1.061628355891272157e+01 -2.515703490574846768e+00 1.022603984308132203e+04
-5.648138677046121714e+00 -9.617884541360753659e+00 1.027895681376293214e+04
-5.587718080684316198e-03 -1.863784927076860866e-03 1.000000000000000000e+00
DSC_8396.JPG_max_x: 1245.3
DSC_8396.JPG_min_x: 725.339
DSC_8396.JPG_max_y: 1635.12
DSC_8396.JPG_min_y: 1056.58
DSC_8444.JPG_max_x: 744.571
DSC_8444.JPG_min_x: 66.8888
DSC_8444.JPG_max_y: 1539.66
DSC_8444.JPG_min_y: 830.683
