7.461594857235501754e-01 -3.127463925332649164e-02 -1.518850897920724776e+02
-2.027215591833661790e-01 8.262620607298827302e-01 2.752547996088283071e+02
-1.621400053401385853e-04 -6.079598136999679725e-07 1.000000000000000000e+00
DSC_8260.JPG_max_x: 1194.61
DSC_8260.JPG_min_x: 401.222
DSC_8260.JPG_max_y: 1617.81
DSC_8260.JPG_min_y: 527.813
DSC_8456.JPG_max_x: 864.278
DSC_8456.JPG_min_x: 125.6
DSC_8456.JPG_max_y: 1662.7
DSC_8456.JPG_min_y: 668.461
