1.916484918973632379e+00 -6.337569843986909368e-02 -1.423370272380840333e+03
1.135505126240548668e+00 1.772979564586466550e+00 -7.905211775816032969e+02
9.807998407683909698e-04 -2.332306035352581079e-04 1.000000000000000000e+00
DSC_8216.JPG_max_x: 1313.88
DSC_8216.JPG_min_x: 791.345
DSC_8216.JPG_max_y: 1450.04
DSC_8216.JPG_min_y: 693.852
DSC_8376.JPG_max_x: 511.053
DSC_8376.JPG_min_x: 23.916
DSC_8376.JPG_max_y: 1843.82
DSC_8376.JPG_min_y: 859.395
