-2.514344553316354425e+00 1.250207329643177045e+00 9.327277709421287000e+02
-1.259270561359164153e+00 9.598478806943692154e-01 4.332168839062209145e+02
-2.668720158361301796e-03 1.229361624789559711e-03 1.000000000000000000e+00
DSC_8417.JPG_max_x: 1035.59
DSC_8417.JPG_min_x: 297.781
DSC_8417.JPG_max_y: 562.778
DSC_8417.JPG_min_y: 30.2427
DSC_8469.JPG_max_x: 1302.51
DSC_8469.JPG_min_x: 808.317
DSC_8469.JPG_max_y: 1347.67
DSC_8469.JPG_min_y: 166.369
