1.222344355469774380e+00 -1.180097123034560047e+00 5.670406180086168888e+02
1.241134972387857305e+00 -1.915889645603170210e+00 1.343425365559076681e+03
7.271108854428457759e-04 -1.347691669870318106e-03 1.000000000000000000e+00
DSC_8383.JPG_max_x: 836.682
DSC_8383.JPG_min_x: 162.551
DSC_8383.JPG_max_y: 976.528
DSC_8383.JPG_min_y: 439.494
DSC_8412.JPG_max_x: 1209.01
DSC_8412.JPG_min_x: 76.9411
DSC_8412.JPG_max_y: 1758.69
DSC_8412.JPG_min_y: 1306.22
