9.123090015021471100e-01 2.574510065038487089e-02 -8.460277360339803181e+02
2.615826491063569792e-01 2.783320040421888297e-01 1.095367771437886859e+03
2.587412905897324474e-04 -3.745792116024709438e-04 1.000000000000000000e+00
DSC_8443.JPG_max_x: 1318.76
DSC_8443.JPG_min_x: 913.955
DSC_8443.JPG_max_y: 881.893
DSC_8443.JPG_min_y: 565.223
DSC_8476.JPG_max_x: 329.777
DSC_8476.JPG_min_x: 8.55728
DSC_8476.JPG_max_y: 1716.89
DSC_8476.JPG_min_y: 1432.63
