8.517622319495593564e-01 1.983836175179403555e-02 1.209570486234793947e+02
-6.629593780256101687e-02 9.974950015400563252e-01 -6.876189208976869338e+01
-8.648559643213303474e-05 4.824392006099863256e-05 1.000000000000000000e+00
DSC_8194.JPG_max_x: 1311.85
DSC_8194.JPG_min_x: 661.897
DSC_8194.JPG_max_y: 1986.84
DSC_8194.JPG_min_y: 336.089
DSC_8214.JPG_max_x: 1332.01
DSC_8214.JPG_min_x: 697.438
DSC_8214.JPG_max_y: 1813.55
DSC_8214.JPG_min_y: 226.16
