-5.763276252704964131e-01 -3.458553041939680384e-01 9.283512980533921564e+02
-9.619643914854928424e-01 -1.717168535357132542e-01 8.857248035787423532e+02
-8.142633095944671077e-04 -3.364544573494037110e-04 1.000000000000000000e+00
DSC_8222.JPG_max_x: 1070.44
DSC_8222.JPG_min_x: 130.728
DSC_8222.JPG_max_y: 1489.51
DSC_8222.JPG_min_y: 1084.17
DSC_8320.JPG_max_x: 1315.06
DSC_8320.JPG_min_x: 685.714
DSC_8320.JPG_max_y: 1444.72
DSC_8320.JPG_min_y: 950.706
