7.049815976304805165e-01 -2.672813470197916708e-01 -9.135289183282995396e+01
-1.431691115666083869e-01 6.423461194041266697e-01 4.078445589993480667e+02
-1.995370502043919241e-04 -1.005345546999786684e-04 1.000000000000000000e+00
DSC_8297.JPG_max_x: 1323.75
DSC_8297.JPG_min_x: 390.675
DSC_8297.JPG_max_y: 1381.28
DSC_8297.JPG_min_y: 318.096
DSC_8477.JPG_max_x: 926.182
DSC_8477.JPG_min_x: 63.5583
DSC_8477.JPG_max_y: 1845.51
DSC_8477.JPG_min_y: 608.222
