8.114346226595428035e-01 -1.342400229960644675e-01 8.898708097851950072e+01
-3.566677730249667722e-02 6.383469905748635487e-01 4.793536918073676816e+02
-2.948543458254992861e-05 -1.645463370575482467e-04 9.999999999999998890e-01
DSC_8354.JPG_max_x: 1140.9
DSC_8354.JPG_min_x: 242.99
DSC_8354.JPG_max_y: 1553.15
DSC_8354.JPG_min_y: 423.394
DSC_8382.JPG_max_x: 1111.6
DSC_8382.JPG_min_x: 114.013
DSC_8382.JPG_max_y: 1989.11
DSC_8382.JPG_min_y: 789.948
