-4.496574057659171508e+00 -1.733263605764142623e+00 1.846195814667001969e+03
-1.747201501811220359e+00 -3.084330457197131281e+00 3.479208180954028194e+03
-2.622115716754035847e-03 -2.335946579217363078e-03 1.000000000000000000e+00
DSC_8220.JPG_max_x: 821.017
DSC_8220.JPG_min_x: 68.4452
DSC_8220.JPG_max_y: 1543.47
DSC_8220.JPG_min_y: 829.512
DSC_8351.JPG_max_x: 1227.11
DSC_8351.JPG_min_x: 306.56
DSC_8351.JPG_max_y: 597.558
DSC_8351.JPG_min_y: 41.6965
