1.278452263232979114e+00 5.076536132749305263e-01 -1.000133004851247733e+03
1.036953813378710260e-01 1.322718057319449247e+00 1.288535954008370332e+01
4.849947353310794860e-04 2.907744943029836270e-04 1.000000000000000000e+00
DSC_8427.JPG_max_x: 1041.22
DSC_8427.JPG_min_x: 594.727
DSC_8427.JPG_max_y: 992.216
DSC_8427.JPG_min_y: 636.186
DSC_8457.JPG_max_x: 452.07
DSC_8457.JPG_min_x: 92.1711
DSC_8457.JPG_max_y: 820.986
DSC_8457.JPG_min_y: 568.291
