-2.060395379169578600e+00 -4.125063453741247277e-01 2.131524349702818199e+03
-1.460204413193264994e+00 -2.692841667250585491e+00 2.588386591051877986e+03
-1.632278389259882818e-03 -9.989810442220651600e-04 1.000000000000000000e+00
DSC_8222.JPG_max_x: 1254.33
DSC_8222.JPG_min_x: 826.772
DSC_8222.JPG_max_y: 1348.64
DSC_8222.JPG_min_y: 788.728
DSC_8258.JPG_max_x: 426.54
DSC_8258.JPG_min_x: 40.7926
DSC_8258.JPG_max_y: 1362.1
DSC_8258.JPG_min_y: 696.959
