1.395643893751531972e-01 -6.736995331498937811e-02 7.964071855509960187e+02
-2.058951137036823531e-01 1.024676269795916417e+00 -1.052732025154233781e+02
-2.582660109360661771e-04 3.330597795819999039e-05 1.000000000000000000e+00
DSC_8232.JPG_max_x: 1295.08
DSC_8232.JPG_min_x: 188.603
DSC_8232.JPG_max_y: 1424.36
DSC_8232.JPG_min_y: 800.071
DSC_8298.JPG_max_x: 1302.79
DSC_8298.JPG_min_x: 679.714
DSC_8298.JPG_max_y: 1310.69
DSC_8298.JPG_min_y: 623.3
