1.140232599781501399e+01 2.604360401910290168e+00 -6.761249499919155824e+03
6.089661593496517589e-02 1.289540814024315374e+01 -1.494266926112063447e+04
5.412047664099793078e-04 3.527950952263987465e-03 1.000000000000000000e+00
DSC_8364.JPG_max_x: 828.697
DSC_8364.JPG_min_x: 344.992
DSC_8364.JPG_max_y: 1655.46
DSC_8364.JPG_min_y: 1169.61
DSC_8433.JPG_max_x: 978.852
DSC_8433.JPG_min_x: 86.2485
DSC_8433.JPG_max_y: 887.218
DSC_8433.JPG_min_y: 25.1964
