2.802401938077884735e-01 -1.087056942015933586e-01 1.053308552141726068e+03
-3.384358579734710881e-01 7.800941092104591856e-01 1.045395769721857732e+03
-3.534481827735612815e-04 1.195942312890246152e-04 1.000000000000000000e+00
DSC_8211.JPG_max_x: 735.491
DSC_8211.JPG_min_x: 21.2479
DSC_8211.JPG_max_y: 1139.17
DSC_8211.JPG_min_y: 485.993
DSC_8338.JPG_max_x: 1319.5
DSC_8338.JPG_min_x: 894.209
DSC_8338.JPG_max_y: 1899.03
DSC_8338.JPG_min_y: 1386.17
