7.267492485221508369e-01 -5.824772549835728619e-02 4.531347749995663321e+02
-3.983735805978114164e-02 7.008249719840010661e-01 3.920441948961379239e+02
-4.441956042127129554e-05 -6.563224254473567696e-05 1.000000000000000000e+00
DSC_8306.JPG_max_x: 1080.26
DSC_8306.JPG_min_x: 15.432
DSC_8306.JPG_max_y: 1332.18
DSC_8306.JPG_min_y: 583.882
DSC_8452.JPG_max_x: 1325.02
DSC_8452.JPG_min_x: 445.6
DSC_8452.JPG_max_y: 1462.91
DSC_8452.JPG_min_y: 827.082
