1.457782168896531338e+00 5.382694306790528627e-01 -6.695382162965164525e+02
-1.028323629764695962e-01 1.622274032674759114e+00 -1.672331823531709006e+03
3.989451780747710710e-04 6.770424772384759380e-04 1.000000000000000000e+00
DSC_8318.JPG_max_x: 923.682
DSC_8318.JPG_min_x: 213.494
DSC_8318.JPG_max_y: 1986.3
DSC_8318.JPG_min_y: 1131.88
DSC_8351.JPG_max_x: 638.562
DSC_8351.JPG_min_x: 184.017
DSC_8351.JPG_max_y: 541.319
DSC_8351.JPG_min_y: 43.0601
