1.304914696659585704e+00 -4.746677350508546334e-02 2.861164053037232406e+02
-1.255776783068261182e-01 1.284769541439428675e+00 -3.771562550910187497e+02
-1.418039651395604456e-04 -7.549644037264764619e-05 1.000000000000000000e+00
DSC_8200.JPG_max_x: 673.607
DSC_8200.JPG_min_x: 85.7765
DSC_8200.JPG_max_y: 1456.34
DSC_8200.JPG_min_y: 846.376
DSC_8334.JPG_max_x: 1327.31
DSC_8334.JPG_min_x: 384.282
DSC_8334.JPG_max_y: 1727.58
DSC_8334.JPG_min_y: 743.379
