2.625345083323752604e+00 7.577624820026744867e-01 -1.206282978824577413e+03
-2.921478399830984007e-01 3.081367814588559462e+00 -3.677854710668968437e+03
-1.179498198300882214e-04 9.746258481203981441e-04 1.000000000000000000e+00
DSC_8404.JPG_max_x: 1239.05
DSC_8404.JPG_min_x: 271.764
DSC_8404.JPG_max_y: 1983.0
DSC_8404.JPG_min_y: 1348.0
DSC_8405.JPG_max_x: 1318.7
DSC_8405.JPG_min_x: 288.58
DSC_8405.JPG_max_y: 793.473
DSC_8405.JPG_min_y: 122.592
