6.155172562497424060e-01 1.603258154340542196e-01 3.934374204969813604e+02
-4.204482795001585060e-02 5.720777843992489453e-01 1.268442036528129847e+03
-6.214873286819755382e-05 -7.360526721600068050e-05 1.000000000000000000e+00
DSC_8243.JPG_max_x: 1153.21
DSC_8243.JPG_min_x: 149.943
DSC_8243.JPG_max_y: 780.174
DSC_8243.JPG_min_y: 152.799
DSC_8258.JPG_max_x: 1293.94
DSC_8258.JPG_min_x: 580.17
DSC_8258.JPG_max_y: 1899.11
DSC_8258.JPG_min_y: 1423.29
