-1.899816611405103772e-01 -4.977047783912415257e-02 2.141217930951741266e+02
-1.150207216046553071e+00 -3.317947295815303899e-01 1.220836118599616839e+03
-1.087598162803300739e-03 -1.045617139976891014e-04 1.000000000000000000e+00
DSC_8236.JPG_max_x: 1211.51
DSC_8236.JPG_min_x: 833.859
DSC_8236.JPG_max_y: 1683.71
DSC_8236.JPG_min_y: 656.077
DSC_8414.JPG_max_x: 1161.9
DSC_8414.JPG_min_x: 26.4766
DSC_8414.JPG_max_y: 1638.09
DSC_8414.JPG_min_y: 967.199
