1.521042882481254743e+00 -3.540149637758412959e-01 1.130212401490701495e+03
8.237957967559085271e-01 6.771519326569283015e-01 2.697064027563162014e+01
8.675082095715975052e-04 -5.665991658542516793e-05 1.000000000000000000e+00
DSC_8327.JPG_max_x: 546.755
DSC_8327.JPG_min_x: 11.4804
DSC_8327.JPG_max_y: 1159.61
DSC_8327.JPG_min_y: 96.8222
DSC_8475.JPG_max_x: 1315.62
DSC_8475.JPG_min_x: 905.424
DSC_8475.JPG_max_y: 913.584
DSC_8475.JPG_min_y: 135.249
