6.611387481480922590e-01 -3.742921240758321777e-01 7.095258825449999449e+02
7.963999547535157708e-01 -2.923181597330601345e-01 1.268298562658270612e+03
4.652827250961312716e-04 -4.731540001127794589e-04 1.000000000000000000e+00
DSC_8421.JPG_max_x: 806.53
DSC_8421.JPG_min_x: 27.3481
DSC_8421.JPG_max_y: 850.955
DSC_8421.JPG_min_y: 142.481
DSC_8458.JPG_max_x: 980.856
DSC_8458.JPG_min_x: 652.156
DSC_8458.JPG_max_y: 1688.97
DSC_8458.JPG_min_y: 1366.5
