1.356146559887314140e+00 -2.035952630084550408e-01 -6.471173809927604452e+02
7.853183377854904279e-01 9.060113257591034808e-01 -1.434571136588548654e+02
4.952091630490123696e-04 -3.069934051681578470e-04 1.000000000000000000e+00
DSC_8308.JPG_max_x: 1310.68
DSC_8308.JPG_min_x: 756.614
DSC_8308.JPG_max_y: 1544.29
DSC_8308.JPG_min_y: 537.716
DSC_8426.JPG_max_x: 705.792
DSC_8426.JPG_min_x: 88.4189
DSC_8426.JPG_max_y: 1960.1
DSC_8426.JPG_min_y: 811.117
