4.180682551921606915e+01 1.695464599423703689e+01 -1.130657559921835673e+04
2.311621304544244637e+01 4.324714423180670764e+01 -3.325750993029331585e+04
1.618615178420587664e-02 1.168499239040730539e-02 1.000000000000000000e+00
DSC_8238.JPG_max_x: 539.526
DSC_8238.JPG_min_x: 215.916
DSC_8238.JPG_max_y: 1484.89
DSC_8238.JPG_min_y: 787.28
DSC_8286.JPG_max_x: 1317.42
DSC_8286.JPG_min_x: 965.467
DSC_8286.JPG_max_y: 1645.08
DSC_8286.JPG_min_y: 720.97
