1.217549903253594579e+00 1.381742606307366505e-01 -4.138433525350289983e+02
-2.647956455785922536e-01 8.468273434088156026e-01 2.598209584609691092e+02
-1.583066308864955907e-04 -1.241856200844447468e-04 1.000000000000000000e+00
DSC_8327.JPG_max_x: 992.407
DSC_8327.JPG_min_x: 243.479
DSC_8327.JPG_max_y: 1159.61
DSC_8327.JPG_min_y: 461.812
DSC_8343.JPG_max_x: 1108.96
DSC_8343.JPG_min_x: 11.2296
DSC_8343.JPG_max_y: 1450.85
DSC_8343.JPG_min_y: 486.89
