5.457400986858231828e-01 7.826469060670661337e-02 4.530975741098449703e+02
-1.343671110839849692e-01 5.663784998356684586e-01 9.397932799347522632e+02
-1.068564605486460893e-04 -4.249802869944742606e-05 1.000000000000000000e+00
DSC_8427.JPG_max_x: 1059.02
DSC_8427.JPG_min_x: 15.3641
DSC_8427.JPG_max_y: 943.028
DSC_8427.JPG_min_y: 504.659
DSC_8474.JPG_max_x: 1254.37
DSC_8474.JPG_min_x: 514.793
DSC_8474.JPG_max_y: 1569.09
DSC_8474.JPG_min_y: 1254.44
