-1.870770070241291327e-01 -1.441284508275855469e-01 3.654540763109048953e+02
-1.797535601405776395e-01 -1.145626202827459972e-01 3.225572558799737521e+02
-5.710304314042942723e-04 -3.506023485447786934e-04 1.000000000000000000e+00
DSC_8220.JPG_max_x: 1327.87
DSC_8220.JPG_min_x: 88.8239
DSC_8220.JPG_max_y: 1468.09
DSC_8220.JPG_min_y: 1095.45
DSC_8353.JPG_max_x: 375.753
DSC_8353.JPG_min_x: 48.4257
DSC_8353.JPG_max_y: 554.95
DSC_8353.JPG_min_y: 134.65
