4.416362843995671916e+00 -2.323237873836482059e+00 1.276751179731326374e+03
6.585850740538607084e+00 -3.864651212033984873e+00 2.980797727282219057e+03
4.771128186115795866e-03 -1.976828420825660695e-03 1.000000000000000000e+00
DSC_8400.JPG_max_x: 1308.97
DSC_8400.JPG_min_x: 8.26983
DSC_8400.JPG_max_y: 1714.37
DSC_8400.JPG_min_y: 919.74
DSC_8404.JPG_max_x: 1296.07
DSC_8404.JPG_min_x: 748.195
DSC_8404.JPG_max_y: 1781.97
DSC_8404.JPG_min_y: 705.99
