3.023860164448124999e-01 -4.002005746373210604e-01 7.141262358625793922e+02
-2.314229118018917841e-01 6.400987563995537144e-01 5.871170198450235489e+01
-6.016804661131930181e-04 -1.766188076659953041e-04 1.000000000000000000e+00
DSC_8327.JPG_max_x: 456.623
DSC_8327.JPG_min_x: 44.1133
DSC_8327.JPG_max_y: 973.365
DSC_8327.JPG_min_y: 572.307
DSC_8411.JPG_max_x: 881.568
DSC_8411.JPG_min_x: 452.723
DSC_8411.JPG_max_y: 900.354
DSC_8411.JPG_min_y: 513.748
