8.777779489778374522e-01 -1.106991004600868939e-01 1.068178079127002320e+03
-6.254967397077203228e-02 1.132485383149758329e+00 -9.307298996262750279e+01
-5.967078868143973249e-05 -9.971478392219193195e-06 9.999999999999998890e-01
DSC_8278.JPG_max_x: 319.505
DSC_8278.JPG_min_x: 120.75
DSC_8278.JPG_max_y: 1608.48
DSC_8278.JPG_min_y: 454.542
DSC_8296.JPG_max_x: 1295.53
DSC_8296.JPG_min_x: 1100.85
DSC_8296.JPG_max_y: 1769.3
DSC_8296.JPG_min_y: 435.155
