3.006049629476901797e-01 -1.724206261210836921e-01 1.497323178451140109e+02
-8.334645672925021787e-01 6.840284698322083301e-01 2.275561180773066496e+02
-9.674211053963245816e-04 -1.673974466535019549e-04 1.000000000000000000e+00
DSC_8198.JPG_max_x: 700.641
DSC_8198.JPG_min_x: 133.083
DSC_8198.JPG_max_y: 1024.23
DSC_8198.JPG_min_y: 712.697
DSC_8436.JPG_max_x: 1160.77
DSC_8436.JPG_min_x: 74.1653
DSC_8436.JPG_max_y: 1819.32
DSC_8436.JPG_min_y: 695.898
