2.827768465294775435e+00 7.594380558125249925e-01 -7.751107632536351275e+02
2.012485296665244561e-01 3.788171052111320325e+00 -3.768791085749364811e+03
5.215038970033026742e-04 1.096643015964230165e-03 9.999999999999998890e-01
DSC_8198.JPG_max_x: 452.598
DSC_8198.JPG_min_x: 13.6996
DSC_8198.JPG_max_y: 1725.51
DSC_8198.JPG_min_y: 1119.23
DSC_8377.JPG_max_x: 565.477
DSC_8377.JPG_min_x: 160.54
DSC_8377.JPG_max_y: 941.803
DSC_8377.JPG_min_y: 223.207
