-1.554995010550274692e+01 -4.608792935023057424e+00 1.278956748544249240e+04
-9.827034093867389672e-03 -1.978422854058009150e+01 2.094249265200331865e+04
3.039629343593490212e-04 -6.986286395067405411e-03 1.000000000000000000e+00
DSC_8232.JPG_max_x: 999.749
DSC_8232.JPG_min_x: 411.207
DSC_8232.JPG_max_y: 1855.13
DSC_8232.JPG_min_y: 1067.89
DSC_8421.JPG_max_x: 1158.89
DSC_8421.JPG_min_x: 16.5302
DSC_8421.JPG_max_y: 1346.32
DSC_8421.JPG_min_y: 28.4881
