2.258311410425791976e+00 2.537082638286624281e+00 1.139363839380617037e+03
-4.602244075262832412e-01 5.644626311643465399e+00 -5.829320905669485001e+03
-1.703469884087449072e-03 2.352418456976900982e-03 1.000000000000000000e+00
DSC_8442.JPG_max_x: 238.496
DSC_8442.JPG_min_x: 12.7953
DSC_8442.JPG_max_y: 1780.11
DSC_8442.JPG_min_y: 1453.53
DSC_8445.JPG_max_x: 1325.61
DSC_8445.JPG_min_x: 1103.45
DSC_8445.JPG_max_y: 821.787
DSC_8445.JPG_min_y: 545.629
