-3.223311222135658016e-01 -5.460839674596779103e-01 1.082697129900046775e+03
-4.654060467061106876e-01 -7.324628402335605637e-01 1.459038901662337821e+03
-3.258542443548909096e-04 -5.012546171023158845e-04 1.000000000000000000e+00
DSC_8254.JPG_max_x: 1163.11
DSC_8254.JPG_min_x: 199.479
DSC_8254.JPG_max_y: 1863.6
DSC_8254.JPG_min_y: 1090.99
DSC_8470.JPG_max_x: 1320.69
DSC_8470.JPG_min_x: 831.747
DSC_8470.JPG_max_y: 1628.56
DSC_8470.JPG_min_y: 1373.58
