-1.919292995452338335e+00 -5.548149511560507285e-01 1.781951130594756478e+03
-7.122100281484403106e-02 -1.183295445082688246e+00 1.225189738835545768e+03
-1.358855274187691390e-03 -2.833557318281975973e-04 1.000000000000000000e+00
DSC_8246.JPG_max_x: 1182.25
DSC_8246.JPG_min_x: 698.311
DSC_8246.JPG_max_y: 1798.58
DSC_8246.JPG_min_y: 991.736
DSC_8375.JPG_max_x: 1299.96
DSC_8375.JPG_min_x: 482.39
DSC_8375.JPG_max_y: 1461.06
DSC_8375.JPG_min_y: 21.025
