-3.689088340384651943e-01 -1.997657983667698034e-01 3.841287623289294970e+02
-1.432935017365421226e-01 -1.186620183689692576e+00 1.564901195144976100e+03
-1.115156238588273148e-04 -7.917354522873038631e-04 1.000000000000000000e+00
DSC_8220.JPG_max_x: 703.098
DSC_8220.JPG_min_x: 308.463
DSC_8220.JPG_max_y: 1498.03
DSC_8220.JPG_min_y: 1338.37
DSC_8269.JPG_max_x: 1025.33
DSC_8269.JPG_min_x: 92.9953
DSC_8269.JPG_max_y: 1171.13
DSC_8269.JPG_min_y: 877.623
