6.364555494081637343e-01 -5.150326039426598168e-01 2.856100867667919943e+02
-9.474937721177428829e-01 -1.508192882791039358e+00 1.706057528098968533e+03
-5.725784008955687142e-04 -9.474037470090016216e-04 1.000000000000000000e+00
DSC_8333.JPG_max_x: 760.846
DSC_8333.JPG_min_x: 233.987
DSC_8333.JPG_max_y: 1544.69
DSC_8333.JPG_min_y: 64.6425
DSC_8436.JPG_max_x: 1195.68
DSC_8436.JPG_min_x: 29.4143
DSC_8436.JPG_max_y: 1819.32
DSC_8436.JPG_min_y: 551.097
