9.341850681320342797e-01 1.828837169043735222e-01 -1.923241528354783725e+02
-3.795243851241578148e-02 1.111736735630167727e+00 -1.245878280619472889e+03
1.696250909367315503e-04 1.152203081577532191e-04 1.000000000000000000e+00
DSC_8314.JPG_max_x: 502.014
DSC_8314.JPG_min_x: 73.834
DSC_8314.JPG_max_y: 1949.76
DSC_8314.JPG_min_y: 1173.9
DSC_8265.JPG_max_x: 466.854
DSC_8265.JPG_min_x: 17.5958
DSC_8265.JPG_max_y: 705.209
DSC_8265.JPG_min_y: 20.1876
