3.181956319080488926e-01 5.053865100001096733e-02 9.039621458359580402e+02
-8.674931560205053627e-01 1.782583244915882492e+00 -5.452483248219513143e+02
-9.996446445872757530e-04 1.445428294036938364e-04 1.000000000000000000e+00
DSC_8236.JPG_max_x: 332.211
DSC_8236.JPG_min_x: 4.26007
DSC_8236.JPG_max_y: 1231.39
DSC_8236.JPG_min_y: 721.669
DSC_8266.JPG_max_x: 1309.75
DSC_8266.JPG_min_x: 847.914
DSC_8266.JPG_max_y: 1556.86
DSC_8266.JPG_min_y: 648.303
