7.601494767974369404e-01 4.626916044053835941e-02 6.217431284488319534e+02
-2.056793770819219380e-02 7.596628726008886057e-01 2.250177954469792496e+01
2.482146505851280598e-05 4.250114694574705246e-05 1.000000000000000000e+00
DSC_8208.JPG_max_x: 861.825
DSC_8208.JPG_min_x: 19.8479
DSC_8208.JPG_max_y: 1661.15
DSC_8208.JPG_min_y: 816.895
DSC_8322.JPG_max_x: 1239.58
DSC_8322.JPG_min_x: 658.515
DSC_8322.JPG_max_y: 1161.19
DSC_8322.JPG_min_y: 610.462
