-4.626509990139775486e-01 -3.340973862940954109e-01 8.481900594049914162e+02
-6.252080850585203242e-01 -5.742950263037304159e-01 1.252986808574782117e+03
-5.451836142441249386e-04 -3.926178695002699058e-04 1.000000000000000000e+00
DSC_8218.JPG_max_x: 1323.19
DSC_8218.JPG_min_x: 22.1676
DSC_8218.JPG_max_y: 1502.79
DSC_8218.JPG_min_y: 764.395
DSC_8282.JPG_max_x: 999.295
DSC_8282.JPG_min_x: 652.478
DSC_8282.JPG_max_y: 1530.53
DSC_8282.JPG_min_y: 480.669
