5.827604285550292973e-01 -2.420356253876043140e-01 2.019072396720944198e+02
4.066325122408689235e-02 5.110163969194417982e-02 1.087461134094703311e+03
-1.013225714268180999e-06 -3.786015693872352801e-04 9.999999999999998890e-01
DSC_8245.JPG_max_x: 760.588
DSC_8245.JPG_min_x: 117.162
DSC_8245.JPG_max_y: 656.086
DSC_8245.JPG_min_y: 24.8589
DSC_8276.JPG_max_x: 643.744
DSC_8276.JPG_min_x: 261.726
DSC_8276.JPG_max_y: 1519.72
DSC_8276.JPG_min_y: 1106.76
