7.873272116157645772e-01 1.453804996854592135e-01 5.069126623272510415e+02
1.943733154547546416e-01 3.651884637357577512e-01 1.387080947205420216e+03
1.425890081298157358e-04 -1.039631108335383586e-04 1.000000000000000000e+00
DSC_8205.JPG_max_x: 977.097
DSC_8205.JPG_min_x: 120.291
DSC_8205.JPG_max_y: 1025.9
DSC_8205.JPG_min_y: 151.395
DSC_8338.JPG_max_x: 1302.73
DSC_8338.JPG_min_x: 687.156
DSC_8338.JPG_max_y: 1899.03
DSC_8338.JPG_min_y: 1453.61
