7.792523668129234249e-01 -1.396045031049243830e-02 1.277396063061740051e+03
3.123341749795550126e-01 9.507464168088438639e-01 1.138350558288696561e+02
-1.573370110764175760e-05 1.766351499316553533e-04 1.000000000000000000e+00
DSC_8228.JPG_max_x: 652.558
DSC_8228.JPG_min_x: 42.7133
DSC_8228.JPG_max_y: 1905.19
DSC_8228.JPG_min_y: 913.336
DSC_8308.JPG_max_x: 1310.68
DSC_8308.JPG_min_x: 972.632
DSC_8308.JPG_max_y: 1572.86
DSC_8308.JPG_min_y: 902.455
