8.721714801863017508e-01 4.228699612617001780e-01 2.185597244092780045e+02
-1.325714387224398785e-02 8.143941738458432278e-01 2.194720386236657816e+02
7.075020139494942188e-05 3.992176978558953544e-04 1.000000000000000000e+00
DSC_8203.JPG_max_x: 1235.3
DSC_8203.JPG_min_x: 131.717
DSC_8203.JPG_max_y: 782.669
DSC_8203.JPG_min_y: 16.777
DSC_8381.JPG_max_x: 1181.63
DSC_8381.JPG_min_x: 343.677
DSC_8381.JPG_max_y: 654.231
DSC_8381.JPG_min_y: 218.081
