9.382222178090166009e-01 1.685569335421678305e-01 -7.598020997717880221e+01
3.272140853807874450e-01 1.039704949607689555e+00 9.862213718948638075e+01
3.262178409048578556e-04 1.065816719324976268e-04 1.000000000000000000e+00
DSC_8338.JPG_max_x: 1190.57
DSC_8338.JPG_min_x: 39.8866
DSC_8338.JPG_max_y: 1495.36
DSC_8338.JPG_min_y: 820.859
DSC_8454.JPG_max_x: 849.325
DSC_8454.JPG_min_x: 99.3171
DSC_8454.JPG_max_y: 1347.46
DSC_8454.JPG_min_y: 891.375
