4.517818972105655639e+00 1.488389522693811307e+00 -2.501876224190649282e+03
-2.779433522170602910e-01 5.092815608334348987e+00 -6.286896031423595559e+03
-6.143474221725814851e-05 2.069173512298047406e-03 1.000000000000000000e+00
DSC_8382.JPG_max_x: 1111.05
DSC_8382.JPG_min_x: 116.02
DSC_8382.JPG_max_y: 1996.36
DSC_8382.JPG_min_y: 1609.39
DSC_8383.JPG_max_x: 1109.8
DSC_8383.JPG_min_x: 151.482
DSC_8383.JPG_max_y: 727.899
DSC_8383.JPG_min_y: 430.989
