6.360566478667675772e-02 -4.808163192139891517e-01 7.874689734224000404e+02
-2.089558362175483464e-01 4.617911848554935306e-01 -3.512206281541496651e+02
-6.686368607934792610e-04 -1.183125953021315523e-04 1.000000000000000000e+00
DSC_8222.JPG_max_x: 815.531
DSC_8222.JPG_min_x: 180.537
DSC_8222.JPG_max_y: 1667.19
DSC_8222.JPG_min_y: 1124.05
DSC_8473.JPG_max_x: 844.244
DSC_8473.JPG_min_x: 87.7071
DSC_8473.JPG_max_y: 934.047
DSC_8473.JPG_min_y: 70.925
