7.551381097123369690e-01 -8.043072076460898445e-02 -3.325128865870906907e+02
-8.645841617785467170e-02 8.785330737442390570e-01 4.813440794920537655e+02
-1.099118344850591228e-04 1.809243863795343898e-05 1.000000000000000000e+00
DSC_8322.JPG_max_x: 1222.28
DSC_8322.JPG_min_x: 529.042
DSC_8322.JPG_max_y: 1296.91
DSC_8322.JPG_min_y: 610.462
DSC_8368.JPG_max_x: 533.665
DSC_8368.JPG_min_x: 3.90275
DSC_8368.JPG_max_y: 1722.47
DSC_8368.JPG_min_y: 1031.41
