4.485302887115964476e-01 2.630909819285152662e-01 -2.260174315206218125e+02
-5.618020190113648393e-01 3.171892480887911203e-01 9.701130056586773662e+02
-2.546495726959514469e-04 -3.036212711321324914e-04 1.000000000000000000e+00
DSC_8299.JPG_max_x: 1047.18
DSC_8299.JPG_min_x: 140.303
DSC_8299.JPG_max_y: 1153.96
DSC_8299.JPG_min_y: 46.6871
DSC_8331.JPG_max_x: 1060.51
DSC_8331.JPG_min_x: 25.9445
DSC_8331.JPG_max_y: 1831.77
DSC_8331.JPG_min_y: 710.41
