7.468759190337878606e-02 -1.851820423559148165e-01 4.338964580349278322e+02
-2.167647842305901393e-02 5.630592843118917279e-02 1.619402776076451005e+02
-1.025868737254014332e-04 -3.626717597330739347e-04 1.000000000000000000e+00
DSC_8289.JPG_max_x: 1116.74
DSC_8289.JPG_min_x: 464.972
DSC_8289.JPG_max_y: 842.824
DSC_8289.JPG_min_y: 259.339
DSC_8365.JPG_max_x: 605.341
DSC_8365.JPG_min_x: 485.655
DSC_8365.JPG_max_y: 320.522
DSC_8365.JPG_min_y: 191.606
