-1.079862129495041234e+00 1.172324829421756698e-01 8.422188849510208684e+02
-2.497725501496908862e+00 1.154104948641012207e+00 9.681471892871132923e+01
-2.001071688625268019e-03 2.056490789875329271e-04 1.000000000000000000e+00
DSC_8250.JPG_max_x: 1074.62
DSC_8250.JPG_min_x: 26.9108
DSC_8250.JPG_max_y: 1388.22
DSC_8250.JPG_min_y: 503.334
DSC_8264.JPG_max_x: 1323.06
DSC_8264.JPG_min_x: 198.71
DSC_8264.JPG_max_y: 1484.79
DSC_8264.JPG_min_y: 540.739
