-1.826584121666784188e+00 -3.363710747844765314e-01 1.304728227952885845e+03
-7.540016538806549873e-01 6.610444378356803430e-01 2.647050235428839642e+02
-1.839491319310002657e-03 1.362972180058091918e-04 1.000000000000000000e+00
DSC_8339.JPG_max_x: 699.746
DSC_8339.JPG_min_x: 40.4556
DSC_8339.JPG_max_y: 872.093
DSC_8339.JPG_min_y: 269.45
DSC_8367.JPG_max_x: 1270.16
DSC_8367.JPG_min_x: 270.743
DSC_8367.JPG_max_y: 892.353
DSC_8367.JPG_min_y: 311.877
