-5.974400539672141974e+01 -4.474606552668559090e+01 5.655998759091539250e+04
1.033676321801342013e+01 -7.381715625582020834e+01 8.092560683531516406e+04
5.926177287742646037e-03 -4.382310808522187767e-02 1.000000000000000000e+00
DSC_8380.JPG_max_x: 1142.43
DSC_8380.JPG_min_x: 78.2255
DSC_8380.JPG_max_y: 1887.64
DSC_8380.JPG_min_y: 1295.53
DSC_8397.JPG_max_x: 1314.47
DSC_8397.JPG_min_x: 186.697
DSC_8397.JPG_max_y: 666.852
DSC_8397.JPG_min_y: 199.709
