5.046393036299740009e-01 -1.337954621404509326e-01 9.567140628878687494e+02
-1.998990478698856044e-01 6.675238180937880239e-01 4.935357873810865499e+02
-2.379660422161500549e-04 -6.420738302980121242e-05 1.000000000000000000e+00
DSC_8322.JPG_max_x: 501.625
DSC_8322.JPG_min_x: 34.6769
DSC_8322.JPG_max_y: 1428.98
DSC_8322.JPG_min_y: 600.921
DSC_8430.JPG_max_x: 1322.95
DSC_8430.JPG_min_x: 888.726
DSC_8430.JPG_max_y: 1682.7
DSC_8430.JPG_min_y: 938.55
