-2.423254629398267079e-01 -9.537608472034913021e-01 8.087211860694828829e+02
-9.744780023442901618e-01 -1.409506704976031699e+00 1.608097418067642593e+03
-5.882283867803680347e-04 -1.004475573136274016e-03 1.000000000000000000e+00
DSC_8347.JPG_max_x: 859.181
DSC_8347.JPG_min_x: 400.723
DSC_8347.JPG_max_y: 859.379
DSC_8347.JPG_min_y: 22.2157
DSC_8360.JPG_max_x: 1280.99
DSC_8360.JPG_min_x: 679.098
DSC_8360.JPG_max_y: 1711.67
DSC_8360.JPG_min_y: 932.298
