1.210547734826654231e+00 -1.194736066492227966e-01 -5.741042619734480468e+02
-7.203694233925587165e-01 7.091375849271031040e-01 4.883414351968863798e+02
-4.976257069584957794e-04 -2.341613893580566296e-04 1.000000000000000000e+00
DSC_8262.JPG_max_x: 882.643
DSC_8262.JPG_min_x: 664.298
DSC_8262.JPG_max_y: 1044.14
DSC_8262.JPG_min_y: 658.034
DSC_8374.JPG_max_x: 1038.18
DSC_8374.JPG_min_x: 281.124
DSC_8374.JPG_max_y: 1828.1
DSC_8374.JPG_min_y: 811.699
