1.264093347146341140e+00 -2.014783030606656367e-01 2.286854686740033458e+02
1.432727977319348811e-01 9.402207093678672800e-01 3.372142987830870453e+01
7.240680465846000490e-05 -2.262397973148025734e-04 1.000000000000000000e+00
DSC_8330.JPG_max_x: 851.541
DSC_8330.JPG_min_x: 65.1475
DSC_8330.JPG_max_y: 1243.14
DSC_8330.JPG_min_y: 591.681
DSC_8404.JPG_max_x: 1314.95
DSC_8404.JPG_min_x: 130.152
DSC_8404.JPG_max_y: 1674.09
DSC_8404.JPG_min_y: 722.868
