6.979029802550131834e-01 2.240361571893378645e-01 5.364277675632021101e+02
-1.018291032409956165e-01 1.046814113288929926e+00 3.083719633915000600e+02
-1.637302564308787617e-04 4.520556870654311135e-04 9.999999999999998890e-01
DSC_8221.JPG_max_x: 590.122
DSC_8221.JPG_min_x: 163.202
DSC_8221.JPG_max_y: 562.037
DSC_8221.JPG_min_y: 225.935
DSC_8399.JPG_max_x: 984.506
DSC_8399.JPG_min_x: 640.157
DSC_8399.JPG_max_y: 729.086
DSC_8399.JPG_min_y: 490.596
