2.130534618370277800e-01 -4.525905320453462721e-01 1.184104298828423907e+03
-4.859305863867809938e-01 3.607228814889003043e-01 1.141254186568416117e+03
-4.294311695365796828e-04 -2.160781139233675118e-04 1.000000000000000000e+00
DSC_8455.JPG_max_x: 261.181
DSC_8455.JPG_min_x: 9.261
DSC_8455.JPG_max_y: 655.307
DSC_8455.JPG_min_y: 149.914
DSC_8472.JPG_max_x: 1325.6
DSC_8472.JPG_min_x: 1081.53
DSC_8472.JPG_max_y: 1626.03
DSC_8472.JPG_min_y: 1242.16
