9.590295862953249206e-02 -3.800005608494006482e-01 7.886852311823504351e+02
-5.069491809307882235e-01 1.301196411064493019e-01 1.154913925096465391e+03
-5.051188673096430881e-04 -2.006954748773228780e-04 1.000000000000000000e+00
DSC_8217.JPG_max_x: 767.733
DSC_8217.JPG_min_x: 507.708
DSC_8217.JPG_max_y: 969.915
DSC_8217.JPG_min_y: 70.6084
DSC_8246.JPG_max_x: 1298.48
DSC_8246.JPG_min_x: 859.783
DSC_8246.JPG_max_y: 1874.93
DSC_8246.JPG_min_y: 1260.97
