-3.836630605422433060e-01 -1.940037689314738634e-01 3.912072812148108483e+02
1.227157834535907155e-01 -1.089508071828697577e+00 1.193649848077100387e+03
2.334843427674006811e-05 -1.011584286213749150e-03 1.000000000000000000e+00
DSC_8332.JPG_max_x: 1298.56
DSC_8332.JPG_min_x: 147.692
DSC_8332.JPG_max_y: 1993.76
DSC_8332.JPG_min_y: 795.806
DSC_8333.JPG_max_x: 1138.93
DSC_8333.JPG_min_x: 26.3321
DSC_8333.JPG_max_y: 1769.12
DSC_8333.JPG_min_y: 64.6425
