5.913526933321568535e+00 1.051308692917630516e+00 -4.502201237099440732e+03
-7.093979914539713660e-02 5.084792878416594775e+00 -4.786666515617151163e+03
2.833293774424416270e-03 1.349185236399190945e-03 1.000000000000000000e+00
DSC_8234.JPG_max_x: 1305.76
DSC_8234.JPG_min_x: 852.233
DSC_8234.JPG_max_y: 1331.05
DSC_8234.JPG_min_y: 990.932
DSC_8399.JPG_max_x: 708.314
DSC_8399.JPG_min_x: 342.493
DSC_8399.JPG_max_y: 318.252
DSC_8399.JPG_min_y: 26.0445
