3.087272916163393277e-01 -6.877400734756872192e-02 -4.636520890102740822e+01
2.404245772260825142e-01 6.399225583078926860e-02 -1.737864986507050560e+02
6.987741462745019391e-04 -8.937026972760318518e-04 1.000000000000000000e+00
DSC_8260.JPG_max_x: 1028.85
DSC_8260.JPG_min_x: 106.439
DSC_8260.JPG_max_y: 1591.7
DSC_8260.JPG_min_y: 1168.29
DSC_8297.JPG_max_x: 1173.88
DSC_8297.JPG_min_x: 44.2973
DSC_8297.JPG_max_y: 854.045
DSC_8297.JPG_min_y: 78.6126
