9.984332041491802978e-02 -2.236745163258872099e-02 1.205934541385760070e+02
-4.275339573261160431e-01 3.560960966742132139e-01 1.652216807560266076e+01
-5.899055840263404699e-04 -3.320502251787933842e-04 1.000000000000000000e+00
DSC_8278.JPG_max_x: 816.558
DSC_8278.JPG_min_x: 316.532
DSC_8278.JPG_max_y: 1578.84
DSC_8278.JPG_min_y: 944.311
DSC_8347.JPG_max_x: 1130.63
DSC_8347.JPG_min_x: 395.609
DSC_8347.JPG_max_y: 1567.66
DSC_8347.JPG_min_y: 210.702
