9.484993886518300332e-01 2.071364242186325977e-01 3.451528874140400660e+01
-1.352317740935561619e-01 1.022679148476282052e+00 2.123578029189883409e+02
-4.164290355380766660e-05 -9.005891413883350199e-05 1.000000000000000000e+00
DSC_8219.JPG_max_x: 546.776
DSC_8219.JPG_min_x: 19.0358
DSC_8219.JPG_max_y: 1097.73
DSC_8219.JPG_min_y: 623.276
DSC_8349.JPG_max_x: 816.049
DSC_8349.JPG_min_x: 197.957
DSC_8349.JPG_max_y: 1444.57
DSC_8349.JPG_min_y: 896.139
