2.538460370087481377e-01 3.350585519590259520e-01 -5.282771270700530977e+02
6.867752729572199621e-01 -4.047591677036898594e-01 2.309651997801800860e+02
4.233364000435989555e-04 -9.259507191357052320e-04 1.000000000000000000e+00
DSC_8292.JPG_max_x: 1327.23
DSC_8292.JPG_min_x: 21.5034
DSC_8292.JPG_max_y: 1406.59
DSC_8292.JPG_min_y: 702.906
DSC_8412.JPG_max_x: 1079.43
DSC_8412.JPG_min_x: 3.32491
DSC_8412.JPG_max_y: 1500.3
DSC_8412.JPG_min_y: 859.46
