-1.686930293452409274e-02 -4.030099072863763676e-01 4.940114998056290574e+02
-1.395271930364268449e-02 -1.197692434863631306e+00 1.437749483196280153e+03
-6.027985285967544153e-06 -8.355839420838858224e-04 9.999999999999998890e-01
DSC_8272.JPG_max_x: 1038.1
DSC_8272.JPG_min_x: 585.736
DSC_8272.JPG_max_y: 1684.72
DSC_8272.JPG_min_y: 681.284
DSC_8380.JPG_max_x: 1142.83
DSC_8380.JPG_min_x: 263.614
DSC_8380.JPG_max_y: 1830.7
DSC_8380.JPG_min_y: 1085.58
