-8.521087967368875526e-01 -2.284274978601365524e-01 8.635301765839757309e+02
7.663108812834434902e-02 7.492655849231061316e-02 -2.780421129093972468e+02
-9.258712040953687378e-04 -3.377008287707060027e-04 9.999999999999998890e-01
DSC_8288.JPG_max_x: 1211.83
DSC_8288.JPG_min_x: 681.363
DSC_8288.JPG_max_y: 1898.72
DSC_8288.JPG_min_y: 478.075
DSC_8449.JPG_max_x: 1075.76
DSC_8449.JPG_min_x: 539.959
DSC_8449.JPG_max_y: 946.765
DSC_8449.JPG_min_y: 32.0035
