1.009569568557874275e+00 -5.203978125877591898e-01 1.648342488121761562e+03
3.691599535669370935e-02 1.477471226171917618e+00 -1.472505333718683914e+03
-4.442218526714912085e-04 3.448633509325354130e-04 1.000000000000000000e+00
DSC_8340.JPG_max_x: 903.888
DSC_8340.JPG_min_x: 11.8831
DSC_8340.JPG_max_y: 1966.79
DSC_8340.JPG_min_y: 1468.88
DSC_8383.JPG_max_x: 1191.52
DSC_8383.JPG_min_x: 488.666
DSC_8383.JPG_max_y: 1154.17
DSC_8383.JPG_min_y: 518.642
