3.414246875603945131e-01 -7.305639374225274263e-02 6.351266684636470927e+02
-2.405445183083147753e-01 4.280061744044321159e-01 7.931804692383292377e+02
-2.032486640705569289e-04 -7.095982918341376712e-05 1.000000000000000000e+00
DSC_8272.JPG_max_x: 1076.67
DSC_8272.JPG_min_x: 215.026
DSC_8272.JPG_max_y: 1678.13
DSC_8272.JPG_min_y: 667.744
DSC_8466.JPG_max_x: 1318.77
DSC_8466.JPG_min_x: 711.679
DSC_8466.JPG_max_y: 1832.51
DSC_8466.JPG_min_y: 1120.07
