7.801577446897787205e-01 5.583168603410032516e-02 3.532951007681028273e+02
-1.475005884719420360e-02 7.408577178225511650e-01 8.844513582370129257e+01
8.835106147658206301e-06 3.074356333410818227e-05 1.000000000000000000e+00
DSC_8427.JPG_max_x: 1207.91
DSC_8427.JPG_min_x: 163.699
DSC_8427.JPG_max_y: 993.464
DSC_8427.JPG_min_y: 158.173
DSC_8475.JPG_max_x: 1285.65
DSC_8475.JPG_min_x: 489.867
DSC_8475.JPG_max_y: 821.961
DSC_8475.JPG_min_y: 193.8
