6.067706420135061229e+00 2.167225389238037536e+00 -6.601913551941931473e+03
-2.267324451427769894e-01 7.263996009491039629e+00 -9.267072668797476581e+03
3.216032151414122305e-04 2.680840193456984245e-03 1.000000000000000000e+00
DSC_8216.JPG_max_x: 1312.58
DSC_8216.JPG_min_x: 576.98
DSC_8216.JPG_max_y: 1881.94
DSC_8216.JPG_min_y: 1331.5
DSC_8233.JPG_max_x: 844.532
DSC_8233.JPG_min_x: 45.2107
DSC_8233.JPG_max_y: 668.565
DSC_8233.JPG_min_y: 38.724
