1.673642086249029104e+00 5.385313645674189020e-01 -5.580570414221036799e+02
-6.500241538412457332e-03 2.328122522031640607e+00 -1.116310412083773826e+03
2.545072048021181909e-05 6.182227762118301401e-04 1.000000000000000000e+00
DSC_8382.JPG_max_x: 1123.56
DSC_8382.JPG_min_x: 116.02
DSC_8382.JPG_max_y: 1946.78
DSC_8382.JPG_min_y: 1007.45
DSC_8394.JPG_max_x: 1072.28
DSC_8394.JPG_min_x: 296.359
DSC_8394.JPG_max_y: 1547.64
DSC_8394.JPG_min_y: 723.731
