4.594586587833413560e-01 -9.315700340053387207e-02 2.525770714869645417e+02
3.870383562351469020e-02 3.487556748623573122e-01 1.304200640025444216e+02
1.022840426650806954e-04 -1.897263178984254987e-04 9.999999999999998890e-01
DSC_8319.JPG_max_x: 1044.4
DSC_8319.JPG_min_x: 48.7236
DSC_8319.JPG_max_y: 1034.17
DSC_8319.JPG_min_y: 63.4736
DSC_8365.JPG_max_x: 697.77
DSC_8365.JPG_min_x: 267.733
DSC_8365.JPG_max_y: 589.607
DSC_8365.JPG_min_y: 157.107
