-6.744986086744246545e-02 -1.221712838347938229e-01 1.441800119483141600e+02
-6.973486962339860984e-01 -1.220761269681807759e+00 1.462671859364558486e+03
-4.790769810898912314e-04 -8.295437653296098765e-04 1.000000000000000000e+00
DSC_8235.JPG_max_x: 1304.8
DSC_8235.JPG_min_x: 97.4482
DSC_8235.JPG_max_y: 869.843
DSC_8235.JPG_min_y: 260.078
DSC_8236.JPG_max_x: 386.706
DSC_8236.JPG_min_x: 106.477
DSC_8236.JPG_max_y: 1909.83
DSC_8236.JPG_min_y: 1156.9
