2.432206969254506745e+00 8.158745383307469679e-01 -1.626858746950202203e+03
-2.056480060952057265e-01 2.830725998833232726e+00 -3.010848059231864681e+03
2.511670285222689135e-04 1.099092081044218726e-03 1.000000000000000000e+00
DSC_8334.JPG_max_x: 1319.49
DSC_8334.JPG_min_x: 418.335
DSC_8334.JPG_max_y: 1869.56
DSC_8334.JPG_min_y: 1110.19
DSC_8351.JPG_max_x: 925.033
DSC_8351.JPG_min_x: 165.063
DSC_8351.JPG_max_y: 628.017
DSC_8351.JPG_min_y: 6.69092
