3.956765370679241056e-01 -3.059354174286743056e-01 9.461376443014180495e+02
8.737355863620369090e-02 2.018269370520337502e-01 -9.079268290449236645e+01
5.679613249904504367e-05 -2.220190491803870610e-04 1.000000000000000000e+00
DSC_8224.JPG_max_x: 666.54
DSC_8224.JPG_min_x: 22.3592
DSC_8224.JPG_max_y: 1799.44
DSC_8224.JPG_min_y: 1232.51
DSC_8397.JPG_max_x: 1033.05
DSC_8397.JPG_min_x: 792.841
DSC_8397.JPG_max_y: 506.155
DSC_8397.JPG_min_y: 219.925
