-2.649905120096361344e+01 7.285232847173210402e+00 4.349381000783743730e+03
-4.001123056764668284e+00 1.672161828177298304e+01 -1.653114277435168697e+04
-3.599536063674119851e-02 1.141618300259298301e-02 1.000000000000000000e+00
DSC_8236.JPG_max_x: 807.48
DSC_8236.JPG_min_x: 127.807
DSC_8236.JPG_max_y: 1564.03
DSC_8236.JPG_min_y: 650.253
DSC_8283.JPG_max_x: 1290.36
DSC_8283.JPG_min_x: 618.994
DSC_8283.JPG_max_y: 1470.0
DSC_8283.JPG_min_y: 133.814
