-1.536757250220272875e+00 8.907164212403100023e-02 1.359903933755656453e+03
-2.099897790298193456e+00 8.543222855123380199e-01 5.974470479006578216e+02
-1.378054199337271600e-03 1.660037126224558803e-04 1.000000000000000000e+00
DSC_8242.JPG_max_x: 1095.01
DSC_8242.JPG_min_x: 50.5218
DSC_8242.JPG_max_y: 1877.15
DSC_8242.JPG_min_y: 783.535
DSC_8366.JPG_max_x: 1330.53
DSC_8366.JPG_min_x: 740.216
DSC_8366.JPG_max_y: 1803.62
DSC_8366.JPG_min_y: 1026.43
