1.327484515386977870e+00 -1.635554500125587507e-01 -3.938323419265950065e+02
-1.416327293032058621e-01 1.386270563320071592e+00 -2.660452057078778125e+02
-1.804399613490457370e-04 -1.097676089747477935e-04 1.000000000000000000e+00
DSC_8232.JPG_max_x: 1057.87
DSC_8232.JPG_min_x: 61.6252
DSC_8232.JPG_max_y: 1288.66
DSC_8232.JPG_min_y: 686.03
DSC_8420.JPG_max_x: 1199.23
DSC_8420.JPG_min_x: 18.4923
DSC_8420.JPG_max_y: 1961.59
DSC_8420.JPG_min_y: 735.777
