7.440433507579383710e-01 4.272817353575498328e-02 -2.594852166228263854e+02
8.224232825882317466e-02 1.021259748717472160e+00 -1.465726382778094035e+02
9.260273401983488235e-05 2.304104312267341625e-05 1.000000000000000000e+00
DSC_8232.JPG_max_x: 1322.11
DSC_8232.JPG_min_x: 334.418
DSC_8232.JPG_max_y: 1853.01
DSC_8232.JPG_min_y: 595.448
DSC_8264.JPG_max_x: 672.65
DSC_8264.JPG_min_x: 15.4324
DSC_8264.JPG_max_y: 1622.19
DSC_8264.JPG_min_y: 468.572
