-1.240326559174285137e+00 -2.287237010650909966e-02 9.295014459048646813e+02
-2.385447883568458050e+00 2.233771775443935126e-01 1.542921454312008336e+03
-1.452909093040199301e-03 5.938262368117892836e-05 1.000000000000000000e+00
DSC_8225.JPG_max_x: 763.13
DSC_8225.JPG_min_x: 193.424
DSC_8225.JPG_max_y: 1122.1
DSC_8225.JPG_min_y: 298.797
DSC_8366.JPG_max_x: 1047.04
DSC_8366.JPG_min_x: 651.799
DSC_8366.JPG_max_y: 1802.27
DSC_8366.JPG_min_y: 1350.2
