1.581706658498881923e+00 5.214106424405514639e-01 -3.412600663416527595e+02
6.012162895002719221e-03 1.721987809313171969e+00 -1.496585720614876664e+03
5.885172948076046147e-05 7.855766193733302542e-04 1.000000000000000000e+00
DSC_8204.JPG_max_x: 958.667
DSC_8204.JPG_min_x: 97.9989
DSC_8204.JPG_max_y: 1992.44
DSC_8204.JPG_min_y: 1444.38
DSC_8369.JPG_max_x: 857.553
DSC_8369.JPG_min_x: 292.718
DSC_8369.JPG_max_y: 743.433
DSC_8369.JPG_min_y: 456.694
