2.702777750425237713e+00 6.093688907706408531e-02 -3.078638349399070648e+03
9.503803499298806301e-01 2.661510601059317249e+00 -1.540652637138812679e+03
1.152211750062305008e-03 1.080836586846077542e-04 1.000000000000000000e+00
DSC_8258.JPG_max_x: 1324.59
DSC_8258.JPG_min_x: 1117.85
DSC_8258.JPG_max_y: 1891.83
DSC_8258.JPG_min_y: 596.914
DSC_8260.JPG_max_x: 219.418
DSC_8260.JPG_min_x: 10.125
DSC_8260.JPG_max_y: 1775.09
DSC_8260.JPG_min_y: 481.235
