-2.262789368390349054e+00 -1.009271174660446801e+00 3.213150869225094993e+03
1.818875728322287555e-01 -2.343927675094696017e+00 2.183368280703568416e+03
-8.260079727450919630e-04 -8.496325698910083121e-04 1.000000000000000000e+00
DSC_8214.JPG_max_x: 1327.11
DSC_8214.JPG_min_x: 910.719
DSC_8214.JPG_max_y: 1934.4
DSC_8214.JPG_min_y: 1028.04
DSC_8375.JPG_max_x: 887.676
DSC_8375.JPG_min_x: 481.754
DSC_8375.JPG_max_y: 1512.62
DSC_8375.JPG_min_y: 16.405
