1.471350593653718342e+01 -1.593215537309894847e+00 9.981666731694928103e+02
2.103031263536329831e+01 -2.325385697794755568e+00 1.479208629961472070e+03
1.441830225922570256e-02 -1.583335437149966350e-03 1.000000000000000000e+00
DSC_8236.JPG_max_x: 870.417
DSC_8236.JPG_min_x: 4.26007
DSC_8236.JPG_max_y: 1580.96
DSC_8236.JPG_min_y: 712.917
DSC_8468.JPG_max_x: 1162.85
DSC_8468.JPG_min_x: 595.919
DSC_8468.JPG_max_y: 1946.91
DSC_8468.JPG_min_y: 1073.07
