9.118133093148765855e-01 -2.383585071193927152e-01 8.393319239702001369e+02
2.627077733550374772e-01 1.046812822307442881e+00 -1.288954110855825164e+01
9.002985423068244795e-06 1.949495307859343970e-05 1.000000000000000000e+00
DSC_8324.JPG_max_x: 795.288
DSC_8324.JPG_min_x: 26.0354
DSC_8324.JPG_max_y: 1574.19
DSC_8324.JPG_min_y: 510.766
DSC_8412.JPG_max_x: 1200.4
DSC_8412.JPG_min_x: 498.033
DSC_8412.JPG_max_y: 1771.34
DSC_8412.JPG_min_y: 658.088
