-4.653600451422591489e-01 -1.340542321974081408e-01 5.509397875081002667e+02
-2.661567016545721698e-01 -4.515949725545283927e-02 2.738729330743386754e+02
-6.781458652881870285e-04 -3.386473891792167110e-04 1.000000000000000000e+00
DSC_8282.JPG_max_x: 1186.71
DSC_8282.JPG_min_x: 181.639
DSC_8282.JPG_max_y: 1582.68
DSC_8282.JPG_min_y: 880.785
DSC_8335.JPG_max_x: 1211.31
DSC_8335.JPG_min_x: 354.425
DSC_8335.JPG_max_y: 967.378
DSC_8335.JPG_min_y: 6.48226
