4.899383089684720693e-01 7.872210905644128412e-03 1.317778804123736052e+02
4.014181859172030048e-02 5.627562201239751927e-01 6.652103476026094313e+02
-1.059410039592692740e-05 4.339386388999114151e-05 1.000000000000000000e+00
DSC_8210.JPG_max_x: 1314.01
DSC_8210.JPG_min_x: 55.6575
DSC_8210.JPG_max_y: 1895.71
DSC_8210.JPG_min_y: 210.414
DSC_8442.JPG_max_x: 762.722
DSC_8442.JPG_min_x: 167.682
DSC_8442.JPG_max_y: 1604.86
DSC_8442.JPG_min_y: 864.764
