7.111633961500187784e-01 -3.156656784973588814e-01 6.624891370131046564e+00
-8.758630884235835481e-03 6.474959458236075882e-01 -1.247412635691902523e+02
-1.972076171868670136e-04 -2.139010927970290779e-04 1.000000000000000000e+00
DSC_8275.JPG_max_x: 1313.89
DSC_8275.JPG_min_x: 278.489
DSC_8275.JPG_max_y: 691.113
DSC_8275.JPG_min_y: 227.568
DSC_8295.JPG_max_x: 1242.46
DSC_8295.JPG_min_x: 30.7306
DSC_8295.JPG_max_y: 507.11
DSC_8295.JPG_min_y: 23.0786
