-6.160919467286123385e-01 -5.224425441620159094e-02 8.406690793464247236e+02
-1.745532173825140365e+00 -8.039899335571911720e-01 2.379499857764898479e+03
-1.918273958175729368e-03 5.896273107715498899e-04 9.999999999999998890e-01
DSC_8362.JPG_max_x: 1330.47
DSC_8362.JPG_min_x: 180.713
DSC_8362.JPG_max_y: 1240.88
DSC_8362.JPG_min_y: 819.223
DSC_8448.JPG_max_x: 780.374
DSC_8448.JPG_min_x: 12.3137
DSC_8448.JPG_max_y: 1212.86
DSC_8448.JPG_min_y: 744.806
