-9.079871032196873415e+00 -1.294470806997540357e+00 1.548085483603828379e+03
-5.293078475409401129e+00 -3.383988818155499345e+00 2.320640246887806370e+03
-6.680727077946602317e-03 -1.067011476238263323e-03 1.000000000000000000e+00
DSC_8196.JPG_max_x: 1138.5
DSC_8196.JPG_min_x: 190.043
DSC_8196.JPG_max_y: 1126.04
DSC_8196.JPG_min_y: 428.694
DSC_8358.JPG_max_x: 1253.0
DSC_8358.JPG_min_x: 1022.56
DSC_8358.JPG_max_y: 1693.61
DSC_8358.JPG_min_y: 509.493
