3.243690819511137580e+00 5.829641895924815298e-01 -6.247526018832104455e+02
7.129297778408683062e-01 1.798370454687181041e+00 -4.516216833720972659e+02
9.578543261055593935e-04 1.741370425525074329e-04 1.000000000000000000e+00
DSC_8202.JPG_max_x: 831.428
DSC_8202.JPG_min_x: 99.3266
DSC_8202.JPG_max_y: 1145.51
DSC_8202.JPG_min_y: 682.198
DSC_8292.JPG_max_x: 1315.75
DSC_8292.JPG_min_x: 276.106
DSC_8292.JPG_max_y: 1202.2
DSC_8292.JPG_min_y: 712.157
