-7.858748492832864363e-01 -2.845970515741468532e+00 1.290272241341673407e+03
-8.361159238553083073e-01 -3.120286971061749792e+00 1.423049067913947511e+03
-6.212661002278981222e-04 -2.197945201978611113e-03 1.000000000000000000e+00
DSC_8365.JPG_max_x: 627.988
DSC_8365.JPG_min_x: 11.5587
DSC_8365.JPG_max_y: 444.475
DSC_8365.JPG_min_y: 36.8249
DSC_8400.JPG_max_x: 1326.81
DSC_8400.JPG_min_x: 1019.53
DSC_8400.JPG_max_y: 1667.14
DSC_8400.JPG_min_y: 1174.9
