2.075478942945315985e+00 -6.911604529493434734e-01 -2.239606187749502340e+02
1.300299817862685225e+00 -6.269818131237506753e-01 4.672101432838327923e+02
2.841894863228648909e-03 -2.102419732945718343e-03 1.000000000000000000e+00
DSC_8271.JPG_max_x: 1032.76
DSC_8271.JPG_min_x: 397.466
DSC_8271.JPG_max_y: 951.75
DSC_8271.JPG_min_y: 50.302
DSC_8431.JPG_max_x: 552.023
DSC_8431.JPG_min_x: 260.301
DSC_8431.JPG_max_y: 1418.5
DSC_8431.JPG_min_y: 430.068
