1.317942070046067826e+01 2.448085844580049630e-01 -9.330628800432448770e+03
2.183068284221270083e+00 8.147767709734303310e+00 -6.765558877640144601e+03
1.941681563684976740e-03 3.810284560258278970e-05 1.000000000000000000e+00
DSC_8328.JPG_max_x: 871.873
DSC_8328.JPG_min_x: 693.359
DSC_8328.JPG_max_y: 1190.53
DSC_8328.JPG_min_y: 701.955
DSC_8386.JPG_max_x: 869.946
DSC_8386.JPG_min_x: 31.0933
DSC_8386.JPG_max_y: 1811.8
DSC_8386.JPG_min_y: 277.368
