-7.930375532168709718e-01 -3.610461157183628700e-01 3.270879487383584774e+02
-3.959334370043699480e-01 -2.633467274381228407e+00 2.666432549458539143e+03
-1.434080672016130418e-04 -1.152570602402242569e-03 1.000000000000000000e+00
DSC_8324.JPG_max_x: 646.682
DSC_8324.JPG_min_x: 23.0111
DSC_8324.JPG_max_y: 1440.15
DSC_8324.JPG_min_y: 1242.87
DSC_8368.JPG_max_x: 1227.24
DSC_8368.JPG_min_x: 270.701
DSC_8368.JPG_max_y: 1785.28
DSC_8368.JPG_min_y: 1522.09
