2.124981263980802737e+01 1.839197509735966685e-01 -3.302728668160896177e+03
2.228747297688381579e+01 8.296528901280614932e+00 -3.856973742569276965e+03
1.321225407659122088e-02 8.670362397640309603e-04 1.000000000000000000e+00
DSC_8329.JPG_max_x: 803.106
DSC_8329.JPG_min_x: 381.446
DSC_8329.JPG_max_y: 1087.79
DSC_8329.JPG_min_y: 37.2677
DSC_8440.JPG_max_x: 1165.03
DSC_8440.JPG_min_x: 733.703
DSC_8440.JPG_max_y: 1938.97
DSC_8440.JPG_min_y: 1182.76
