6.720889842690058735e-01 -2.832036882415079337e-01 4.582608225075002224e+02
1.699105594807402142e-01 8.613003021517711133e-01 8.618157878119227462e+02
4.934972183756152338e-05 1.240323268183973716e-04 1.000000000000000000e+00
DSC_8321.JPG_max_x: 976.993
DSC_8321.JPG_min_x: 51.0401
DSC_8321.JPG_max_y: 1091.06
DSC_8321.JPG_min_y: 179.93
DSC_8336.JPG_max_x: 997.468
DSC_8336.JPG_min_x: 171.448
DSC_8336.JPG_max_y: 1599.05
DSC_8336.JPG_min_y: 1093.98
