1.990265928188725164e+00 1.156903996342081853e-01 -2.091644012098672647e+03
9.336031574096989027e-01 1.900695209232548200e+00 -6.666834978038403960e+02
9.171935901245029327e-04 1.169914098487185807e-04 1.000000000000000000e+00
DSC_8308.JPG_max_x: 1326.7
DSC_8308.JPG_min_x: 985.578
DSC_8308.JPG_max_y: 1555.53
DSC_8308.JPG_min_y: 525.013
DSC_8456.JPG_max_x: 299.299
DSC_8456.JPG_min_x: 12.2566
DSC_8456.JPG_max_y: 1505.59
DSC_8456.JPG_min_y: 668.461
