6.180653732063134953e-01 -2.296031449571815652e-01 5.084039456625298499e+02
8.812293210471758287e-02 -3.890554138099055342e-02 1.469289928574244868e+03
6.910268599009974336e-05 -3.234402135108570861e-04 1.000000000000000000e+00
DSC_8237.JPG_max_x: 1017.71
DSC_8237.JPG_min_x: 102.699
DSC_8237.JPG_max_y: 648.133
DSC_8237.JPG_min_y: 166.2
DSC_8364.JPG_max_x: 1101.93
DSC_8364.JPG_min_x: 525.455
DSC_8364.JPG_max_y: 1824.85
DSC_8364.JPG_min_y: 1540.21
