-6.642335370907215264e-01 -6.406752927376886397e-01 1.228690371986728223e+03
-9.222294981536596215e-01 -5.234839656912382289e-01 1.190277699058157395e+03
-6.546329959583692057e-04 -4.948780583592903015e-04 1.000000000000000000e+00
DSC_8364.JPG_max_x: 894.992
DSC_8364.JPG_min_x: 39.7304
DSC_8364.JPG_max_y: 1476.8
DSC_8364.JPG_min_y: 1089.75
DSC_8400.JPG_max_x: 1330.75
DSC_8400.JPG_min_x: 850.943
DSC_8400.JPG_max_y: 1667.14
DSC_8400.JPG_min_y: 1242.49
