1.108933253771282823e+00 1.006888735899285764e-01 -2.482308831571113217e+01
3.367721137894963412e-01 1.048443854900422467e+00 2.545540191273292123e+02
2.937276739146593490e-04 1.364574485082159299e-04 1.000000000000000000e+00
DSC_8238.JPG_max_x: 1313.2
DSC_8238.JPG_min_x: 199.985
DSC_8238.JPG_max_y: 1531.03
DSC_8238.JPG_min_y: 734.649
DSC_8472.JPG_max_x: 1001.5
DSC_8472.JPG_min_x: 270.048
DSC_8472.JPG_max_y: 1490.95
DSC_8472.JPG_min_y: 980.052
