-1.078871470910628821e-01 -2.891779216478280179e-01 7.342614664409271654e+02
-4.563459252554143419e-01 -9.045115445919602037e-02 6.247245591230428090e+02
-4.398263121163216525e-04 -4.017488570890315864e-04 1.000000000000000000e+00
DSC_8269.JPG_max_x: 566.393
DSC_8269.JPG_min_x: 86.4602
DSC_8269.JPG_max_y: 1415.55
DSC_8269.JPG_min_y: 899.423
DSC_8449.JPG_max_x: 1196.42
DSC_8449.JPG_min_x: 735.503
DSC_8449.JPG_max_y: 1162.97
DSC_8449.JPG_min_y: 779.471
