3.104140380665342480e+00 -2.285449381626823429e-01 4.264740178318908761e+02
8.748280517120018418e-01 1.908618986453943123e+00 -2.506811009684388694e+02
9.424039711941479668e-04 -1.620532193315388811e-04 1.000000000000000000e+00
DSC_8280.JPG_max_x: 355.939
DSC_8280.JPG_min_x: 58.7256
DSC_8280.JPG_max_y: 981.927
DSC_8280.JPG_min_y: 364.734
DSC_8436.JPG_max_x: 1142.81
DSC_8436.JPG_min_x: 520.424
DSC_8436.JPG_max_y: 1824.85
DSC_8436.JPG_min_y: 532.864
