-8.377491370762022438e-01 -8.490805803416884290e-02 1.010531500704676318e+03
-1.948028506311676455e+00 -8.716069058340980558e-01 2.257510817301176303e+03
-1.593519928115958492e-03 -1.404622681532891764e-04 1.000000000000000000e+00
DSC_8330.JPG_max_x: 1284.11
DSC_8330.JPG_min_x: 79.3394
DSC_8330.JPG_max_y: 1944.3
DSC_8330.JPG_min_y: 720.119
DSC_8218.JPG_max_x: 1263.59
DSC_8218.JPG_min_x: 22.1676
DSC_8218.JPG_max_y: 1541.79
DSC_8218.JPG_min_y: 710.713
