3.640470408709854411e+01 1.396885385405626856e+01 -4.090295887323530769e+04
6.751472637726829706e-01 3.266047536891245073e+01 3.121292888862323593e+02
1.434156095572248525e-02 6.246441445424516861e-03 1.000000000000000000e+00
DSC_8195.JPG_max_x: 1327.37
DSC_8195.JPG_min_x: 872.994
DSC_8195.JPG_max_y: 1126.54
DSC_8195.JPG_min_y: 20.5026
DSC_8361.JPG_max_x: 851.819
DSC_8361.JPG_min_x: 218.829
DSC_8361.JPG_max_y: 1690.18
DSC_8361.JPG_min_y: 89.8313
