6.427422423255730877e-01 -1.306276023136816455e+00 6.538844383767127511e+02
4.362217576017549114e-01 -1.507339287590662380e+00 1.049395495571046467e+03
3.529318416874927195e-04 -1.463666403616943439e-03 1.000000000000000000e+00
DSC_8257.JPG_max_x: 1258.48
DSC_8257.JPG_min_x: 380.529
DSC_8257.JPG_max_y: 978.981
DSC_8257.JPG_min_y: 135.239
DSC_8352.JPG_max_x: 1169.0
DSC_8352.JPG_min_x: 740.84
DSC_8352.JPG_max_y: 1247.28
DSC_8352.JPG_min_y: 813.152
