8.885759033647457894e-01 7.728669553431636308e-01 -1.524002930182999478e+02
-1.128754458274985550e+00 4.023506517786092473e+00 1.343135251328206323e+03
-7.002959661704071372e-05 1.518142175255188285e-03 1.000000000000000000e+00
DSC_8207.JPG_max_x: 1216.24
DSC_8207.JPG_min_x: 444.311
DSC_8207.JPG_max_y: 1600.28
DSC_8207.JPG_min_y: 229.897
DSC_8426.JPG_max_x: 730.01
DSC_8426.JPG_min_x: 398.702
DSC_8426.JPG_max_y: 1975.18
DSC_8426.JPG_min_y: 923.473
