-1.846746212529328375e+02 1.004722943375706876e+02 6.322440636987309517e+03
-6.405461451734851153e+01 3.663448757465111782e+01 -7.675480806801398330e+02
-3.129885853582032862e-01 1.781594250050188566e-01 1.000000000000000000e+00
DSC_8288.JPG_max_x: 1127.83
DSC_8288.JPG_min_x: 215.787
DSC_8288.JPG_max_y: 1898.72
DSC_8288.JPG_min_y: 322.644
DSC_8433.JPG_max_x: 670.425
DSC_8433.JPG_min_x: 116.747
DSC_8433.JPG_max_y: 521.294
DSC_8433.JPG_min_y: 87.9042
