1.079644102581337695e+00 -1.795675578676466932e-01 4.819289267678153124e+02
1.696162643574367357e-01 5.803503617373347856e-01 -5.528060640372660828e+02
4.132658056938367424e-04 -2.676417389583196594e-04 1.000000000000000000e+00
DSC_8236.JPG_max_x: 452.706
DSC_8236.JPG_min_x: 19.0218
DSC_8236.JPG_max_y: 1666.03
DSC_8236.JPG_min_y: 1054.36
DSC_8417.JPG_max_x: 882.899
DSC_8417.JPG_min_x: 438.468
DSC_8417.JPG_max_y: 668.468
DSC_8417.JPG_min_y: 87.1959
