3.037570443446325763e-01 -5.900830908149325982e-01 7.568473681213160944e+02
6.958820417565018956e-02 -1.015757426544503378e-01 1.271109341969602156e+02
3.419242100406110038e-04 -7.716520903200565053e-04 1.000000000000000000e+00
DSC_8238.JPG_max_x: 1123.9
DSC_8238.JPG_min_x: 134.234
DSC_8238.JPG_max_y: 1631.05
DSC_8238.JPG_min_y: 1177.52
DSC_8321.JPG_max_x: 1182.09
DSC_8321.JPG_min_x: 202.025
DSC_8321.JPG_max_y: 695.128
DSC_8321.JPG_min_y: 16.3527
