1.178556109520682682e+00 8.912415543839292964e-02 2.968195813578690334e+01
1.393007324276486769e-01 9.593976757609851136e-01 1.036099156278438386e+03
6.704004750590454652e-05 -4.354797837431671086e-05 1.000000000000000000e+00
DSC_8367.JPG_max_x: 1117.52
DSC_8367.JPG_min_x: 187.267
DSC_8367.JPG_max_y: 597.963
DSC_8367.JPG_min_y: 184.846
DSC_8414.JPG_max_x: 1309.46
DSC_8414.JPG_min_x: 314.296
DSC_8414.JPG_max_y: 1680.51
DSC_8414.JPG_min_y: 1254.84
