9.147080413035973967e-01 -2.328421263202826857e-02 6.704015932820583146e+01
1.818593843193068438e-02 8.551570667991018615e-01 -1.332716150677688915e+02
1.274197802918110238e-05 -9.661807011100429833e-06 1.000000000000000000e+00
DSC_8369.JPG_max_x: 1267.63
DSC_8369.JPG_min_x: 40.3506
DSC_8369.JPG_max_y: 1480.19
DSC_8369.JPG_min_y: 450.176
DSC_8395.JPG_max_x: 1209.4
DSC_8395.JPG_min_x: 89.2336
DSC_8395.JPG_max_y: 1180.27
DSC_8395.JPG_min_y: 234.688
