3.583096788954272527e-01 2.588517672163355085e-02 -2.685138607137305371e+02
3.293464058559111285e-01 -9.800890621183960816e-01 8.146904134135304503e+02
8.422515598226963619e-05 -9.932894946312294856e-04 9.999999999999998890e-01
DSC_8257.JPG_max_x: 1258.48
DSC_8257.JPG_min_x: 230.972
DSC_8257.JPG_max_y: 1199.05
DSC_8257.JPG_min_y: 78.5979
DSC_8444.JPG_max_x: 887.388
DSC_8444.JPG_min_x: 11.9686
DSC_8444.JPG_max_y: 1676.88
DSC_8444.JPG_min_y: 1026.45
