-1.117420405734655287e+00 -2.037688997873744745e-02 1.038896347813645207e+03
-1.180963490670593474e+00 -5.275756122295196526e-01 1.486319716294411364e+03
-1.115592844285997337e-03 -7.343253284280787873e-05 9.999999999999998890e-01
DSC_8274.JPG_max_x: 1228.45
DSC_8274.JPG_min_x: 110.846
DSC_8274.JPG_max_y: 1171.14
DSC_8274.JPG_min_y: 485.452
DSC_8324.JPG_max_x: 1057.86
DSC_8324.JPG_min_x: 507.462
DSC_8324.JPG_max_y: 1373.91
DSC_8324.JPG_min_y: 499.996
