-2.369553221867219506e+00 1.650588125685976681e-01 1.964170199428229125e+03
-3.543872002222540285e+00 -2.360571608304687374e-01 2.820337948432335907e+03
-3.044213222753286343e-03 8.385370275405108721e-04 1.000000000000000000e+00
DSC_8414.JPG_max_x: 1316.51
DSC_8414.JPG_min_x: 244.179
DSC_8414.JPG_max_y: 1708.92
DSC_8414.JPG_min_y: 1018.44
DSC_8444.JPG_max_x: 950.015
DSC_8444.JPG_min_x: 31.2981
DSC_8444.JPG_max_y: 1630.42
DSC_8444.JPG_min_y: 819.852
