3.711614606465810873e+00 5.100967638254650938e-01 -3.140261397544497413e+03
2.404050811650025654e+00 4.869582325815103196e+00 -2.273204206843017346e+03
1.986298469960081758e-03 1.421762117976809337e-03 1.000000000000000000e+00
DSC_8204.JPG_max_x: 1158.88
DSC_8204.JPG_min_x: 595.592
DSC_8204.JPG_max_y: 1934.22
DSC_8204.JPG_min_y: 753.213
DSC_8340.JPG_max_x: 356.496
DSC_8340.JPG_min_x: 11.8831
DSC_8340.JPG_max_y: 1750.92
DSC_8340.JPG_min_y: 943.664
