3.593390762047487530e-01 -1.020491731165066862e-01 -5.170947311911297817e+01
6.367835142278571725e-01 -3.450688421091234470e-02 1.109117401869992591e+03
4.465321142386061777e-04 -3.778267949495688971e-04 1.000000000000000000e+00
DSC_8407.JPG_max_x: 692.465
DSC_8407.JPG_min_x: 353.43
DSC_8407.JPG_max_y: 659.672
DSC_8407.JPG_min_y: 15.3563
DSC_8438.JPG_max_x: 141.848
DSC_8438.JPG_min_x: 51.1778
DSC_8438.JPG_max_y: 1441.28
DSC_8438.JPG_min_y: 1157.79
