1.181064164669282324e+00 -9.711981574961277286e-02 -1.792075774230937952e+02
-1.523174879277359173e-01 1.270351797189034349e+00 -1.208925137751440957e+02
-1.489789614308952871e-04 6.565409889289192764e-06 1.000000000000000000e+00
DSC_8401.JPG_max_x: 1078.05
DSC_8401.JPG_min_x: 304.531
DSC_8401.JPG_max_y: 1332.86
DSC_8401.JPG_min_y: 426.183
DSC_8419.JPG_max_x: 1253.41
DSC_8419.JPG_min_x: 89.4842
DSC_8419.JPG_max_y: 1650.99
DSC_8419.JPG_min_y: 316.374
