-9.873323138259411380e-02 1.177334629245324060e-01 2.402327618306650692e+01
-7.051387452466146843e-01 5.032843671637479144e-01 5.154364593848341656e+02
-4.945182967077910380e-04 5.987293872322053835e-06 1.000000000000000000e+00
DSC_8296.JPG_max_x: 1327.4
DSC_8296.JPG_min_x: 104.946
DSC_8296.JPG_max_y: 1846.9
DSC_8296.JPG_min_y: 894.025
DSC_8439.JPG_max_x: 384.102
DSC_8439.JPG_min_x: 11.0149
DSC_8439.JPG_max_y: 1416.28
DSC_8439.JPG_min_y: 163.713
