2.272484522647773009e-01 -7.677730868465550973e-01 7.729961914093261157e+02
3.133220368959824254e-01 -1.014339509136982898e+00 1.016733599550371309e+03
2.265117730666294969e-04 -9.620678872242022445e-04 1.000000000000000000e+00
DSC_8398.JPG_max_x: 1059.66
DSC_8398.JPG_min_x: 394.471
DSC_8398.JPG_max_y: 1446.74
DSC_8398.JPG_min_y: 980.538
DSC_8464.JPG_max_x: 1315.89
DSC_8464.JPG_min_x: 24.1371
DSC_8464.JPG_max_y: 1932.72
DSC_8464.JPG_min_y: 925.161
