8.734194688847172205e-01 -2.495028900273654066e-02 1.750146156384464575e+02
4.448928849716281969e-02 7.477164914022175202e-01 2.205044569329901663e+02
9.134173963104894435e-05 -4.005496932398295039e-05 1.000000000000000000e+00
DSC_8425.JPG_max_x: 1265.35
DSC_8425.JPG_min_x: 46.7882
DSC_8425.JPG_max_y: 1907.18
DSC_8425.JPG_min_y: 12.0327
DSC_8441.JPG_max_x: 1179.99
DSC_8441.JPG_min_x: 200.486
DSC_8441.JPG_max_y: 1614.93
DSC_8441.JPG_min_y: 258.534
