1.068558728852266659e+00 -5.575522299502168322e-02 -4.215822430916782082e+01
1.137794201905066027e-01 9.132778899879918644e-01 3.702620693043839140e+01
1.600942676104728736e-04 -6.967016475578585277e-05 1.000000000000000000e+00
DSC_8319.JPG_max_x: 1325.33
DSC_8319.JPG_min_x: 69.3135
DSC_8319.JPG_max_y: 1540.86
DSC_8319.JPG_min_y: 39.5775
DSC_8449.JPG_max_x: 1176.68
DSC_8449.JPG_min_x: 10.4062
DSC_8449.JPG_max_y: 1486.3
DSC_8449.JPG_min_y: 103.284
