5.747094022422772897e-01 -5.084938579156664251e-02 3.924476130144767581e+02
9.406102905269332626e-02 6.959925507886555174e-01 -6.244512772980954196e+02
-1.456726909026202007e-04 8.132475429763567356e-05 1.000000000000000000e+00
DSC_8272.JPG_max_x: 1098.76
DSC_8272.JPG_min_x: 315.467
DSC_8272.JPG_max_y: 1650.05
DSC_8272.JPG_min_y: 947.558
DSC_8447.JPG_max_x: 1012.71
DSC_8447.JPG_min_x: 470.123
DSC_8447.JPG_max_y: 525.268
DSC_8447.JPG_min_y: 104.18
