-3.189849738639230492e-01 -2.835699157919109314e-01 6.474405551011059288e+02
-2.999081676945747343e-01 -3.090978680149774616e-01 6.771270529281571271e+02
-6.015224127606336743e-04 -3.840554676168193523e-04 1.000000000000000000e+00
DSC_8414.JPG_max_x: 1310.48
DSC_8414.JPG_min_x: 680.069
DSC_8414.JPG_max_y: 1518.01
DSC_8414.JPG_min_y: 1056.71
DSC_8445.JPG_max_x: 1220.37
DSC_8445.JPG_min_x: 44.7948
DSC_8445.JPG_max_y: 755.129
DSC_8445.JPG_min_y: 44.8467
