2.624324258439090674e+00 7.829737911506643444e-01 -1.255343051063500752e+03
-1.594532240935760958e-01 3.208943641282627990e+00 -3.280851914975507043e+03
-3.390016638342029012e-05 1.059270400873886563e-03 9.999999999999998890e-01
DSC_8350.JPG_max_x: 1227.7
DSC_8350.JPG_min_x: 288.484
DSC_8350.JPG_max_y: 1875.53
DSC_8350.JPG_min_y: 1071.07
DSC_8351.JPG_max_x: 1262.98
DSC_8351.JPG_min_x: 166.752
DSC_8351.JPG_max_y: 895.278
DSC_8351.JPG_min_y: 41.6965
