-4.707034255353897123e+01 3.431618445885011859e+00 3.062726527424305823e+04
-4.176672213737178652e+01 -1.673345526165085317e+01 3.671838633736816701e+04
-5.918319883223942951e-02 3.251704646834790297e-02 1.000000000000000000e+00
DSC_8195.JPG_max_x: 1320.22
DSC_8195.JPG_min_x: 260.324
DSC_8195.JPG_max_y: 1426.02
DSC_8195.JPG_min_y: 147.901
DSC_8197.JPG_max_x: 1199.4
DSC_8197.JPG_min_x: 67.6868
DSC_8197.JPG_max_y: 1097.54
DSC_8197.JPG_min_y: 25.1414
