3.970890504652873632e-01 7.258253056789502056e-01 -1.858126014349354875e+02
-1.062840009761482907e-01 8.799575553694120034e-01 3.580644092674842796e+02
2.828912117372332823e-04 9.129816077188613915e-05 1.000000000000000000e+00
DSC_8315.JPG_max_x: 868.982
DSC_8315.JPG_min_x: 71.3286
DSC_8315.JPG_max_y: 1682.69
DSC_8315.JPG_min_y: 104.045
DSC_8401.JPG_max_x: 1038.47
DSC_8401.JPG_min_x: 66.6834
DSC_8401.JPG_max_y: 1351.81
DSC_8401.JPG_min_y: 278.781
