6.879058179414142549e-01 -1.419762695508113709e-02 4.053281283445925851e+02
1.011643589499788554e-01 5.747149003593626793e-01 6.287866306338933100e+02
8.084677635644460427e-05 -3.154610859085823523e-05 9.999999999999998890e-01
DSC_8236.JPG_max_x: 1211.51
DSC_8236.JPG_min_x: 9.89303
DSC_8236.JPG_max_y: 1909.83
DSC_8236.JPG_min_y: 650.282
DSC_8364.JPG_max_x: 1140.11
DSC_8364.JPG_min_x: 401.961
DSC_8364.JPG_max_y: 1825.71
DSC_8364.JPG_min_y: 1027.96
