-4.581301926202816510e+00 -1.285913673266653845e+00 5.649944082787949810e+03
3.245042524782263960e-01 -5.037757848130791416e+00 4.926123781598551432e+03
-4.862628871984093029e-04 -1.515463476803671728e-03 1.000000000000000000e+00
DSC_8234.JPG_max_x: 1293.74
DSC_8234.JPG_min_x: 957.773
DSC_8234.JPG_max_y: 1319.09
DSC_8234.JPG_min_y: 1092.46
DSC_8465.JPG_max_x: 1253.73
DSC_8465.JPG_min_x: 131.065
DSC_8465.JPG_max_y: 794.38
DSC_8465.JPG_min_y: 237.91
