9.413431273562309354e-01 1.651195779943271102e-01 -5.743225000408892811e+02
9.663529471142952298e-02 9.880798323228855429e-01 2.425577851722700302e+02
2.686139653085889336e-04 4.078236857183751635e-05 1.000000000000000000e+00
DSC_8254.JPG_max_x: 1319.18
DSC_8254.JPG_min_x: 361.759
DSC_8254.JPG_max_y: 1619.4
DSC_8254.JPG_min_y: 567.93
DSC_8292.JPG_max_x: 607.051
DSC_8292.JPG_min_x: 94.5079
DSC_8292.JPG_max_y: 1566.23
DSC_8292.JPG_min_y: 684.183
