7.331062852082502745e-01 3.542584894834223397e-02 2.425403963257345907e+01
4.802363952236691769e-01 9.946410070503460821e-01 1.073789144999586824e+02
4.715810913030368508e-04 1.953802439139113562e-04 1.000000000000000000e+00
DSC_8422.JPG_max_x: 494.27
DSC_8422.JPG_min_x: 49.8445
DSC_8422.JPG_max_y: 1756.32
DSC_8422.JPG_min_y: 782.903
DSC_8458.JPG_max_x: 306.148
DSC_8458.JPG_min_x: 79.1329
DSC_8458.JPG_max_y: 1357.21
DSC_8458.JPG_min_y: 809.762
