-1.692820547482159696e-02 -4.368227716073510569e-01 7.627751828321398762e+02
-5.190932131603273048e-01 1.134423393626716181e-01 1.203999488668002414e+03
-4.760602077511254314e-04 -3.108167558117499378e-04 9.999999999999998890e-01
DSC_8331.JPG_max_x: 813.731
DSC_8331.JPG_min_x: 122.014
DSC_8331.JPG_max_y: 748.3
DSC_8331.JPG_min_y: 90.6062
DSC_8438.JPG_max_x: 1213.63
DSC_8438.JPG_min_x: 646.497
DSC_8438.JPG_max_y: 1773.99
DSC_8438.JPG_min_y: 1310.14
