5.624125737920484536e-01 -1.214428391758884673e-01 1.636558733177839713e+02
1.928383047327166325e-02 3.570575142277773173e-01 1.405190115009805822e+02
6.105408755662910386e-05 -3.160562843248591728e-04 1.000000000000000000e+00
DSC_8229.JPG_max_x: 831.036
DSC_8229.JPG_min_x: 90.6255
DSC_8229.JPG_max_y: 927.729
DSC_8229.JPG_min_y: 117.433
DSC_8277.JPG_max_x: 647.924
DSC_8277.JPG_min_x: 181.762
DSC_8277.JPG_max_y: 657.767
DSC_8277.JPG_min_y: 212.982
