4.696688107048095917e-01 -5.628224059308677141e-02 1.480377417870751628e+02
9.228968582151771821e-03 5.736259386415007988e-01 1.236860201997816375e+03
-2.939404473983923082e-05 1.163222031607911571e-04 1.000000000000000000e+00
DSC_8273.JPG_max_x: 1105.76
DSC_8273.JPG_min_x: 107.226
DSC_8273.JPG_max_y: 1102.37
DSC_8273.JPG_min_y: 107.163
DSC_8472.JPG_max_x: 653.31
DSC_8472.JPG_min_x: 124.539
DSC_8472.JPG_max_y: 1682.42
DSC_8472.JPG_min_y: 1305.66
