1.295789882534593396e+01 4.185193417496090085e+00 -6.364956739522441239e+03
-2.566369187476189029e-01 1.445195486173473043e+01 -1.600515181467671391e+04
6.316004052518179538e-04 4.788257686516815374e-03 1.000000000000000000e+00
DSC_8396.JPG_max_x: 654.28
DSC_8396.JPG_min_x: 256.81
DSC_8396.JPG_max_y: 1399.3
DSC_8396.JPG_min_y: 1259.13
DSC_8447.JPG_max_x: 986.802
DSC_8447.JPG_min_x: 341.166
DSC_8447.JPG_max_y: 499.295
DSC_8447.JPG_min_y: 275.676
