-7.482843485339434153e+01 5.723663928257549216e+00 6.031947067003960001e+03
-1.057885501373072969e+02 -6.700257344341954990e+01 5.425615223840770341e+04
-6.747134995046494277e-02 -3.254512684173480660e-03 1.000000000000000000e+00
DSC_8278.JPG_max_x: 815.049
DSC_8278.JPG_min_x: 228.702
DSC_8278.JPG_max_y: 916.18
DSC_8278.JPG_min_y: 512.926
DSC_8406.JPG_max_x: 812.43
DSC_8406.JPG_min_x: 342.093
DSC_8406.JPG_max_y: 1790.49
DSC_8406.JPG_min_y: 527.353
