5.471235239646008885e+00 1.726120637684651404e+00 -3.041251355162981781e+03
-4.189795303355741130e-01 7.224489930919140157e+00 -6.719512621810641576e+03
-1.568992800394297888e-03 2.433907635132760965e-03 1.000000000000000000e+00
DSC_8298.JPG_max_x: 835.631
DSC_8298.JPG_min_x: 282.18
DSC_8298.JPG_max_y: 1444.03
DSC_8298.JPG_min_y: 963.658
DSC_8423.JPG_max_x: 1329.19
DSC_8423.JPG_min_x: 94.3756
DSC_8423.JPG_max_y: 1009.01
DSC_8423.JPG_min_y: 14.3361
