6.742580681488102856e-01 -1.992333375071400348e-01 4.865133295319849367e+02
2.174859770450166679e-03 1.260273655814824201e-01 1.290374483347385876e+03
1.363332398587529468e-05 -2.971725599222287606e-04 9.999999999999998890e-01
DSC_8237.JPG_max_x: 1033.26
DSC_8237.JPG_min_x: 205.148
DSC_8237.JPG_max_y: 490.11
DSC_8237.JPG_min_y: 169.907
DSC_8350.JPG_max_x: 1219.28
DSC_8350.JPG_min_x: 624.724
DSC_8350.JPG_max_y: 1577.22
DSC_8350.JPG_min_y: 1374.17
