2.939680787749642255e-01 -4.194816171070258060e-01 1.178677197671503791e+03
-8.912997579331644049e-02 9.341921012769791588e-01 1.169291669060215533e+01
-4.453743721317032821e-04 2.960483799180473481e-05 9.999999999999998890e-01
DSC_8459.JPG_max_x: 717.358
DSC_8459.JPG_min_x: 169.942
DSC_8459.JPG_max_y: 1679.23
DSC_8459.JPG_min_y: 596.624
DSC_8477.JPG_max_x: 1315.48
DSC_8477.JPG_min_x: 739.802
DSC_8477.JPG_max_y: 1854.79
DSC_8477.JPG_min_y: 653.057
