-3.890908065652682324e-01 -2.688868068220995333e-01 6.456015921302347351e+02
-1.899422225975240242e-01 -4.616662416576149952e-01 7.784051188256255500e+02
-4.798443907820132436e-04 -5.316024611923546479e-04 1.000000000000000000e+00
DSC_8380.JPG_max_x: 1060.2
DSC_8380.JPG_min_x: 287.101
DSC_8380.JPG_max_y: 1709.49
DSC_8380.JPG_min_y: 1267.85
DSC_8429.JPG_max_x: 1294.55
DSC_8429.JPG_min_x: 228.089
DSC_8429.JPG_max_y: 670.165
DSC_8429.JPG_min_y: 67.8055
