1.896384141294357450e-01 -4.290058352288139698e-01 7.839016448124129965e+02
-6.793444049547597841e-02 2.567232932839335624e-01 4.175371169442648238e+02
-2.908632030188479725e-04 -2.303060369107342621e-04 1.000000000000000000e+00
DSC_8229.JPG_max_x: 778.222
DSC_8229.JPG_min_x: 56.0281
DSC_8229.JPG_max_y: 701.331
DSC_8229.JPG_min_y: 238.676
DSC_8443.JPG_max_x: 1162.5
DSC_8443.JPG_min_x: 739.327
DSC_8443.JPG_max_y: 841.681
DSC_8443.JPG_min_y: 521.1
