2.014973729860748963e-01 -2.332513676497784683e-01 4.171537290671980713e+02
-2.746778737268477655e-01 1.077234962175392941e-01 1.196699927343559239e+03
-2.632636121023831195e-04 -9.506612514655999951e-05 1.000000000000000000e+00
DSC_8273.JPG_max_x: 1105.76
DSC_8273.JPG_min_x: 130.912
DSC_8273.JPG_max_y: 1096.25
DSC_8273.JPG_min_y: 107.163
DSC_8430.JPG_max_x: 850.839
DSC_8430.JPG_min_x: 250.223
DSC_8430.JPG_max_y: 1529.9
DSC_8430.JPG_min_y: 1228.66
