2.299243254711761664e-01 -3.039784435427622111e-01 1.027485784370998545e+03
-5.097813432425395419e-01 4.328972462416920131e-01 1.013376024780517923e+03
-4.568973766256899990e-04 -2.243267644611832189e-04 1.000000000000000000e+00
DSC_8337.JPG_max_x: 341.593
DSC_8337.JPG_min_x: 13.6209
DSC_8337.JPG_max_y: 832.48
DSC_8337.JPG_min_y: 595.494
DSC_8432.JPG_max_x: 1314.87
DSC_8432.JPG_min_x: 965.733
DSC_8432.JPG_max_y: 1736.56
DSC_8432.JPG_min_y: 1513.14
