-8.444345566169505490e-01 -3.011567278392213720e-01 3.371280806193864237e+02
-3.791119114564477588e+00 -2.325237062776012831e+00 3.445337736500254778e+03
-1.452030689016141872e-03 -1.038985041402215939e-03 1.000000000000000000e+00
DSC_8363.JPG_max_x: 944.506
DSC_8363.JPG_min_x: 139.062
DSC_8363.JPG_max_y: 1828.0
DSC_8363.JPG_min_y: 114.009
DSC_8459.JPG_max_x: 1106.9
DSC_8459.JPG_min_x: 171.217
DSC_8459.JPG_max_y: 1920.36
DSC_8459.JPG_min_y: 231.985
