1.990624294277257289e-01 -1.038902914439056996e-02 6.562298307422854577e+02
-2.479683567716934461e-02 5.821185557550186962e-01 1.989475928187581927e-02
-5.544901063777711060e-04 3.873325176824476881e-04 1.000000000000000000e+00
DSC_8273.JPG_max_x: 612.911
DSC_8273.JPG_min_x: 127.004
DSC_8273.JPG_max_y: 1541.13
DSC_8273.JPG_min_y: 36.0511
DSC_8321.JPG_max_x: 958.887
DSC_8321.JPG_min_x: 524.488
DSC_8321.JPG_max_y: 636.659
DSC_8321.JPG_min_y: 17.1467
