-8.321491090125614498e-01 5.529889021735583388e-01 7.947788453214800484e+02
-2.214116699794502985e+00 2.167944342034814564e+00 -1.180272152673757944e+02
-2.199195460627703224e-03 4.673643824238156571e-04 1.000000000000000000e+00
DSC_8278.JPG_max_x: 282.735
DSC_8278.JPG_min_x: 127.724
DSC_8278.JPG_max_y: 976.026
DSC_8278.JPG_min_y: 587.398
DSC_8424.JPG_max_x: 1322.76
DSC_8424.JPG_min_x: 1022.87
DSC_8424.JPG_max_y: 1689.99
DSC_8424.JPG_min_y: 842.534
