-4.546761453048725476e-02 -2.358446302273451423e-01 4.503469937749372320e+02
-9.500401484990111944e-02 -1.456186708979043121e-01 3.490117244102607970e+02
-2.764606051140293787e-04 -4.163678597491137054e-04 1.000000000000000000e+00
DSC_8270.JPG_max_x: 1097.23
DSC_8270.JPG_min_x: 485.098
DSC_8270.JPG_max_y: 1772.06
DSC_8270.JPG_min_y: 1180.67
DSC_8415.JPG_max_x: 1119.57
DSC_8415.JPG_min_x: 298.889
DSC_8415.JPG_max_y: 484.908
DSC_8415.JPG_min_y: 287.483
