6.273370441865330216e-01 4.272230275971584251e-02 1.057651319229892124e+03
-1.185774316289526925e-01 6.621075181242825902e-01 5.215486334615087571e+02
-9.764107127125393605e-05 -5.293894323878120000e-06 1.000000000000000000e+00
DSC_8240.JPG_max_x: 248.799
DSC_8240.JPG_min_x: 6.3411
DSC_8240.JPG_max_y: 1730.48
DSC_8240.JPG_min_y: 907.149
DSC_8466.JPG_max_x: 1318.77
DSC_8466.JPG_min_x: 1110.03
DSC_8466.JPG_max_y: 1696.02
DSC_8466.JPG_min_y: 1128.92
