1.674837150424295729e+01 4.263770418969223819e+00 -1.531969530467420373e+04
7.974010063397701131e+00 1.580066576632240505e+01 -1.336802144981800484e+04
7.772293208212703586e-03 3.329474089013277020e-03 1.000000000000000000e+00
DSC_8380.JPG_max_x: 1127.63
DSC_8380.JPG_min_x: 575.121
DSC_8380.JPG_max_y: 1743.58
DSC_8380.JPG_min_y: 1085.3
DSC_8428.JPG_max_x: 745.457
DSC_8428.JPG_min_x: 68.0608
DSC_8428.JPG_max_y: 1657.05
DSC_8428.JPG_min_y: 939.814
