-6.368033326957087681e-01 7.260490202043233532e-02 5.585661050274688932e+02
-1.823554182204907725e+00 -3.593131159547880982e-01 1.855878181741111348e+03
-1.424481915144638032e-03 6.452735622582221045e-05 1.000000000000000000e+00
DSC_8364.JPG_max_x: 1323.92
DSC_8364.JPG_min_x: 1026.6
DSC_8364.JPG_max_y: 1632.59
DSC_8364.JPG_min_y: 210.956
DSC_8396.JPG_max_x: 256.81
DSC_8396.JPG_min_x: 5.17065
DSC_8396.JPG_max_y: 1593.82
DSC_8396.JPG_min_y: 252.507
