-1.176709096337931415e+00 -8.668883718814529571e-01 1.146133904866256898e+03
-2.144422265177190035e+00 -5.448305633527342762e-01 1.343098901767300958e+03
-1.368013054826443470e-03 -6.394316008951744226e-04 1.000000000000000000e+00
DSC_8367.JPG_max_x: 1011.12
DSC_8367.JPG_min_x: 16.6057
DSC_8367.JPG_max_y: 572.483
DSC_8367.JPG_min_y: 203.893
DSC_8378.JPG_max_x: 1286.04
DSC_8378.JPG_min_x: 577.132
DSC_8378.JPG_max_y: 1688.43
DSC_8378.JPG_min_y: 1320.2
