-6.513504877200039234e-01 7.150878663269830127e-02 7.216017983509841542e+02
-1.043929913962043265e+00 -4.884090352366090015e-01 1.710599451935142497e+03
-1.090263350634307349e-03 8.869265175821822037e-05 9.999999999999998890e-01
DSC_8400.JPG_max_x: 1322.88
DSC_8400.JPG_min_x: 6.34757
DSC_8400.JPG_max_y: 1580.65
DSC_8400.JPG_min_y: 1174.9
DSC_8448.JPG_max_x: 730.661
DSC_8448.JPG_min_x: 8.19525
DSC_8448.JPG_max_y: 1484.09
DSC_8448.JPG_min_y: 661.641
