-7.645382213421625384e-01 -2.651697729819757487e-01 9.402987372229356424e+02
-3.399713369573060251e-01 -6.062739569567000553e-01 9.251306611015282897e+02
-8.725814762198363375e-04 -3.471469761557419587e-04 1.000000000000000000e+00
DSC_8298.JPG_max_x: 1029.03
DSC_8298.JPG_min_x: 657.679
DSC_8298.JPG_max_y: 1976.23
DSC_8298.JPG_min_y: 1007.56
DSC_8421.JPG_max_x: 582.03
DSC_8421.JPG_min_x: 26.3857
DSC_8421.JPG_max_y: 1794.8
DSC_8421.JPG_min_y: 63.4367
