3.193920691105337273e+00 -1.414321119056050069e-01 -2.276067735654769422e+03
2.125377363490097427e+00 1.590459587486991566e+00 -5.359015488966283556e+02
1.920390505029563859e-03 -3.395659735187736301e-04 1.000000000000000000e+00
DSC_8250.JPG_max_x: 1266.61
DSC_8250.JPG_min_x: 1055.01
DSC_8250.JPG_max_y: 1283.27
DSC_8250.JPG_min_y: 738.027
DSC_8416.JPG_max_x: 527.453
DSC_8416.JPG_min_x: 349.842
DSC_8416.JPG_max_y: 1418.37
DSC_8416.JPG_min_y: 1038.73
