-2.045803528323292042e+00 -7.832944489065700733e-01 2.168327603816039755e+03
-2.307939969155096804e+00 -4.142366398053399124e+00 1.727107634449624584e+03
-1.951469712862468004e-03 -1.764988645020684104e-03 1.000000000000000000e+00
DSC_8367.JPG_max_x: 1218.59
DSC_8367.JPG_min_x: 789.439
DSC_8367.JPG_max_y: 717.248
DSC_8367.JPG_min_y: 307.239
DSC_8412.JPG_max_x: 882.042
DSC_8412.JPG_min_x: 8.35759
DSC_8412.JPG_max_y: 1659.47
DSC_8412.JPG_min_y: 1257.62
