-3.302672600900541156e+00 -4.548321463030488010e-01 2.400103463542984628e+03
-9.211451767858033213e-01 -2.899175943894516827e+00 3.122442578567708097e+03
-1.759234598263648836e-03 -6.833446023384205778e-04 1.000000000000000000e+00
DSC_8198.JPG_max_x: 941.171
DSC_8198.JPG_min_x: 593.41
DSC_8198.JPG_max_y: 1755.28
DSC_8198.JPG_min_y: 984.293
DSC_8435.JPG_max_x: 863.649
DSC_8435.JPG_min_x: 35.0943
DSC_8435.JPG_max_y: 1936.57
DSC_8435.JPG_min_y: 400.386
