1.095148604473618059e+00 1.684689275658974028e-01 -5.468458971357648579e+02
5.978696079804957098e-01 7.875606559622457814e-01 2.720465380747336894e+02
5.640604867204451062e-04 -1.284989664392573996e-04 1.000000000000000000e+00
DSC_8322.JPG_max_x: 1240.69
DSC_8322.JPG_min_x: 380.781
DSC_8322.JPG_max_y: 1493.61
DSC_8322.JPG_min_y: 597.064
DSC_8454.JPG_max_x: 1024.93
DSC_8454.JPG_min_x: 6.12439
DSC_8454.JPG_max_y: 1514.7
DSC_8454.JPG_min_y: 844.943
