2.331423246624796664e-01 2.152399605845439420e-02 1.049529359603651528e+03
-1.167547347861738471e-01 9.829542012127849837e-01 1.784395889194894380e+01
-6.179328388944532171e-04 4.092812941469849814e-04 1.000000000000000000e+00
DSC_8259.JPG_max_x: 518.97
DSC_8259.JPG_min_x: 77.9407
DSC_8259.JPG_max_y: 887.48
DSC_8259.JPG_min_y: 257.246
DSC_8307.JPG_max_x: 1251.75
DSC_8307.JPG_min_x: 1003.57
DSC_8307.JPG_max_y: 762.475
DSC_8307.JPG_min_y: 260.741
