8.714836658744905540e-01 -3.660953930311626192e-01 1.678096778180735100e+02
-7.404788682711248293e-02 1.607128927154045650e-01 1.281862642834682674e+03
-1.220127459082388040e-04 -4.867694522752402230e-04 1.000000000000000000e+00
DSC_8221.JPG_max_x: 1014.57
DSC_8221.JPG_min_x: 70.5511
DSC_8221.JPG_max_y: 423.252
DSC_8221.JPG_min_y: 137.193
DSC_8236.JPG_max_x: 1251.87
DSC_8236.JPG_min_x: 108.735
DSC_8236.JPG_max_y: 1759.21
DSC_8236.JPG_min_y: 1463.04
