-2.189078923359353013e+01 -1.575166204784105695e+01 1.476955531987174618e+04
-9.887341045734338252e+00 -3.653904092685566951e+01 7.854325890412166700e+03
-2.166779804275278942e-02 -2.329498760533885854e-02 1.000000000000000000e+00
DSC_8307.JPG_max_x: 1311.13
DSC_8307.JPG_min_x: 273.796
DSC_8307.JPG_max_y: 1676.23
DSC_8307.JPG_min_y: 90.0718
DSC_8445.JPG_max_x: 919.763
DSC_8445.JPG_min_x: 48.0933
DSC_8445.JPG_max_y: 1609.11
DSC_8445.JPG_min_y: 281.876
