6.081917712896706130e-01 -1.366509006288582628e-01 9.346828049490462718e+02
-3.168923731654239018e-01 1.222247202712295033e+00 1.044468430252498337e+02
-3.334818114861890100e-04 9.789023869719230115e-05 1.000000000000000000e+00
DSC_8326.JPG_max_x: 440.801
DSC_8326.JPG_min_x: 29.9531
DSC_8326.JPG_max_y: 1786.9
DSC_8326.JPG_min_y: 1356.24
DSC_8426.JPG_max_x: 1038.99
DSC_8426.JPG_min_x: 609.405
DSC_8426.JPG_max_y: 1979.58
DSC_8426.JPG_min_y: 1591.63
