1.505778915928398298e+00 4.359485569224833545e-01 -1.290703900132842818e+03
1.171471920632663616e-01 1.651667885717617912e+00 -1.533340633893614267e+03
6.976883750239549434e-04 3.326699352109736135e-04 1.000000000000000000e+00
DSC_8270.JPG_max_x: 1273.97
DSC_8270.JPG_min_x: 790.526
DSC_8270.JPG_max_y: 1705.63
DSC_8270.JPG_min_y: 1209.04
DSC_8453.JPG_max_x: 559.353
DSC_8453.JPG_min_x: 243.674
DSC_8453.JPG_max_y: 610.142
DSC_8453.JPG_min_y: 283.013
