1.350957837818031360e+00 9.218042706897013883e-01 -8.554204554995213812e+02
-6.954329535359762837e-02 1.475894019096483767e+00 5.987027012093984695e+02
5.531118507793674312e-04 6.895173143063630054e-04 1.000000000000000000e+00
DSC_8235.JPG_max_x: 1304.8
DSC_8235.JPG_min_x: 93.9725
DSC_8235.JPG_max_y: 1074.37
DSC_8235.JPG_min_y: 292.273
DSC_8365.JPG_max_x: 653.895
DSC_8365.JPG_min_x: 127.15
DSC_8365.JPG_max_y: 1218.52
DSC_8365.JPG_min_y: 528.503
