1.369141027506160846e+00 8.284175990984630200e-01 -5.296796901007509177e+02
4.085181592443511422e-01 9.907463268932581446e-01 1.241023570507402667e+02
1.068291157517540320e-03 1.462822735840269808e-04 1.000000000000000000e+00
DSC_8315.JPG_max_x: 803.005
DSC_8315.JPG_min_x: 133.558
DSC_8315.JPG_max_y: 1718.43
DSC_8315.JPG_min_y: 379.464
DSC_8377.JPG_max_x: 958.822
DSC_8377.JPG_min_x: 161.616
DSC_8377.JPG_max_y: 1117.65
DSC_8377.JPG_min_y: 380.473
