4.829076193132161521e+00 1.271338745458477026e+00 -3.938091482819255816e+03
-3.483099855559969593e-01 6.191374093675273471e+00 -6.476490131033171565e+03
-3.647676758465648555e-04 1.646028131621799081e-03 1.000000000000000000e+00
DSC_8230.JPG_max_x: 1199.7
DSC_8230.JPG_min_x: 713.591
DSC_8230.JPG_max_y: 1945.44
DSC_8230.JPG_min_y: 1116.11
DSC_8345.JPG_max_x: 1307.45
DSC_8345.JPG_min_x: 496.976
DSC_8345.JPG_max_y: 1360.3
DSC_8345.JPG_min_y: 41.1692
