1.613460324546228675e-01 -2.038619330629921622e-01 1.049744147947545343e+03
-3.646636423426681817e-01 8.516527770444538570e-01 1.482397240937383174e+02
-2.052871225882033838e-04 -5.743284768401785698e-05 1.000000000000000000e+00
DSC_8359.JPG_max_x: 1024.37
DSC_8359.JPG_min_x: 355.946
DSC_8359.JPG_max_y: 1737.76
DSC_8359.JPG_min_y: 630.005
DSC_8373.JPG_max_x: 1320.68
DSC_8373.JPG_min_x: 866.927
DSC_8373.JPG_max_y: 1795.34
DSC_8373.JPG_min_y: 361.438
