-1.278613132975470634e+00 -2.293061059898383824e+00 1.251122097994235673e+03
-1.578359535389730173e+00 -3.141321762411121821e+00 1.787907716022901241e+03
-7.198378361898306746e-04 -1.894193798011139769e-03 1.000000000000000000e+00
DSC_8441.JPG_max_x: 551.398
DSC_8441.JPG_min_x: 4.84426
DSC_8441.JPG_max_y: 927.229
DSC_8441.JPG_min_y: 201.913
DSC_8474.JPG_max_x: 1279.11
DSC_8474.JPG_min_x: 381.545
DSC_8474.JPG_max_y: 1592.96
DSC_8474.JPG_min_y: 1259.6
