1.506092318788623707e+00 2.805896367843626824e-02 3.396083970808266628e+01
-1.353095055578323047e-01 1.743297117897468329e+00 -4.549949532216693342e+02
-1.296114753490264877e-04 9.123406480764594505e-05 1.000000000000000000e+00
DSC_8218.JPG_max_x: 818.114
DSC_8218.JPG_min_x: 4.33437
DSC_8218.JPG_max_y: 1356.93
DSC_8218.JPG_min_y: 537.614
DSC_8332.JPG_max_x: 1298.56
DSC_8332.JPG_min_x: 48.7867
DSC_8332.JPG_max_y: 1710.82
DSC_8332.JPG_min_y: 436.378
