9.789708693422090491e+00 -1.031159044284379611e+01 -4.782126120631161939e+03
3.727533344283391159e+01 -5.291303141578117675e+01 4.080748539096068725e+03
2.485963476525463248e-02 -3.226259662710691256e-02 1.000000000000000000e+00
DSC_8355.JPG_max_x: 1014.08
DSC_8355.JPG_min_x: 14.6822
DSC_8355.JPG_max_y: 1206.05
DSC_8355.JPG_min_y: 423.539
DSC_8428.JPG_max_x: 1172.63
DSC_8428.JPG_min_x: 420.396
DSC_8428.JPG_max_y: 1731.39
DSC_8428.JPG_min_y: 1399.08
