-4.768588198985294069e-01 9.207769810820977396e-03 5.182501128633634835e+02
-1.755895411334312595e+00 1.589288119804045663e-02 1.606293834041070340e+03
-1.831198176141289949e-03 5.626046037482520992e-04 1.000000000000000000e+00
DSC_8268.JPG_max_x: 1317.55
DSC_8268.JPG_min_x: 850.005
DSC_8268.JPG_max_y: 1281.37
DSC_8268.JPG_min_y: 519.67
DSC_8320.JPG_max_x: 1247.51
DSC_8320.JPG_min_x: 10.4092
DSC_8320.JPG_max_y: 1347.12
DSC_8320.JPG_min_y: 507.265
