4.080476715709794311e-01 -1.346943996092509477e-01 6.691758298682919985e+02
-2.265189281174989633e-01 5.710995766596907997e-01 4.010561324690055471e+02
-3.072197632319304699e-04 -1.006173056360504334e-04 1.000000000000000000e+00
DSC_8237.JPG_max_x: 666.869
DSC_8237.JPG_min_x: 102.699
DSC_8237.JPG_max_y: 827.508
DSC_8237.JPG_min_y: 240.019
DSC_8417.JPG_max_x: 1167.81
DSC_8417.JPG_min_x: 688.527
DSC_8417.JPG_max_y: 984.306
DSC_8417.JPG_min_y: 535.492
