2.686689143872108687e+01 9.930418985050463831e+00 -1.919734375890218507e+04
-7.153248359207396989e-01 3.174793983542663156e+01 -3.324252311048634147e+04
1.935127533954853450e-03 1.854837858070793391e-02 9.999999999999998890e-01
DSC_8452.JPG_max_x: 1325.02
DSC_8452.JPG_min_x: 316.104
DSC_8452.JPG_max_y: 1985.02
DSC_8452.JPG_min_y: 1120.84
DSC_8473.JPG_max_x: 1075.11
DSC_8473.JPG_min_x: 68.5325
DSC_8473.JPG_max_y: 735.596
DSC_8473.JPG_min_y: 70.925
