1.467013811358105935e+00 1.431006707965065119e-03 -5.062526288745087300e+02
-1.180136050898232536e-01 1.547867442679218719e+00 -3.677194018273227130e+02
-1.006480788751046383e-04 -7.077544575073254816e-06 1.000000000000000000e+00
DSC_8262.JPG_max_x: 1139.0
DSC_8262.JPG_min_x: 468.825
DSC_8262.JPG_max_y: 1439.91
DSC_8262.JPG_min_y: 522.709
DSC_8328.JPG_max_x: 1318.85
DSC_8328.JPG_min_x: 188.731
DSC_8328.JPG_max_y: 1987.03
DSC_8328.JPG_min_y: 406.528
