1.023967493133901119e+00 -1.350418904728695413e+00 1.027108847138847750e+03
3.827995799590562243e-01 -5.143445046951553579e-01 3.929938461376954137e+02
9.938265458973650265e-04 -1.313928192788288820e-03 1.000000000000000000e+00
DSC_8322.JPG_max_x: 1239.74
DSC_8322.JPG_min_x: 217.488
DSC_8322.JPG_max_y: 1704.8
DSC_8322.JPG_min_y: 936.769
DSC_8473.JPG_max_x: 1133.14
DSC_8473.JPG_min_x: 625.913
DSC_8473.JPG_max_y: 1245.12
DSC_8473.JPG_min_y: 70.925
