6.508834378806433563e+00 1.504658597085551053e+00 -5.610653367364755468e+03
1.427904306377542287e+00 9.042137544926944770e+00 -5.295613858207367230e+03
1.976169033375283716e-03 1.568320265240298692e-03 1.000000000000000000e+00
DSC_8250.JPG_max_x: 1283.75
DSC_8250.JPG_min_x: 1055.93
DSC_8250.JPG_max_y: 1091.77
DSC_8250.JPG_min_y: 656.691
DSC_8282.JPG_max_x: 831.936
DSC_8282.JPG_min_x: 565.044
DSC_8282.JPG_max_y: 1244.65
DSC_8282.JPG_min_y: 544.527
