-2.201980790068643612e-01 -1.656997716885494909e-01 8.114699533274257419e+02
-5.288157839471724353e-01 -7.083230792837991174e-02 9.918077022710107258e+02
-4.730399547456432441e-04 -1.949413568062359134e-04 1.000000000000000000e+00
DSC_8290.JPG_max_x: 785.69
DSC_8290.JPG_min_x: 22.2439
DSC_8290.JPG_max_y: 1160.21
DSC_8290.JPG_min_y: 257.586
DSC_8398.JPG_max_x: 1057.96
DSC_8398.JPG_min_x: 807.142
DSC_8398.JPG_max_y: 1187.1
DSC_8398.JPG_min_y: 1002.24
