5.678337877293050395e-01 -6.088026775765392057e-02 3.209522303794327058e+02
-8.396773609462175603e-02 4.560671506704674916e-01 9.957734800531612791e+02
-8.848890450167734350e-05 -1.279022475634420460e-04 1.000000000000000000e+00
DSC_8309.JPG_max_x: 1129.47
DSC_8309.JPG_min_x: 58.9669
DSC_8309.JPG_max_y: 970.535
DSC_8309.JPG_min_y: 339.424
DSC_8454.JPG_max_x: 1117.74
DSC_8454.JPG_min_x: 353.731
DSC_8454.JPG_max_y: 1659.05
DSC_8454.JPG_min_y: 1219.71
