1.783749145111298562e+00 7.190333291383267378e-01 -1.511222059956176338e+02
5.081594257338283294e-01 2.178071433848111305e+00 -1.213320799717466116e+03
5.186194664421817568e-04 8.882832429914264518e-05 9.999999999999998890e-01
DSC_8238.JPG_max_x: 492.529
DSC_8238.JPG_min_x: 68.0038
DSC_8238.JPG_max_y: 1517.72
DSC_8238.JPG_min_y: 1177.52
DSC_8270.JPG_max_x: 1273.97
DSC_8270.JPG_min_x: 778.885
DSC_8270.JPG_max_y: 1835.42
DSC_8270.JPG_min_y: 1208.33
