6.668664137423810923e-01 -1.146118935950479312e+00 2.734442432871141477e+02
5.483322427408779953e-01 -1.376673961466687857e+00 6.442485375009431436e+02
1.127516195438466474e-03 -2.581616001206852879e-03 1.000000000000000000e+00
DSC_8241.JPG_max_x: 1277.62
DSC_8241.JPG_min_x: 926.253
DSC_8241.JPG_max_y: 972.875
DSC_8241.JPG_min_y: 135.365
DSC_8445.JPG_max_x: 564.827
DSC_8445.JPG_min_x: 277.226
DSC_8445.JPG_max_y: 783.789
DSC_8445.JPG_min_y: 342.837
