1.034762399094573793e+00 2.482622593780807810e-02 2.472203499493237757e+02
7.304809800022274424e-02 9.309175669239313500e-01 6.008385603616051895e+01
8.189422446043752681e-05 -5.768178360495946976e-05 1.000000000000000000e+00
DSC_8413.JPG_max_x: 1091.08
DSC_8413.JPG_min_x: 21.9413
DSC_8413.JPG_max_y: 1199.47
DSC_8413.JPG_min_y: 18.8706
DSC_8429.JPG_max_x: 1317.35
DSC_8429.JPG_min_x: 294.603
DSC_8429.JPG_max_y: 1244.7
DSC_8429.JPG_min_y: 90.3716
