2.816729724429502535e-01 2.126038258081059118e-01 1.140896643109654633e+03
2.833026964038263054e-02 1.020723643960530280e+00 -1.033547926089627254e+03
-5.188013872090461260e-04 4.011071322188081070e-04 1.000000000000000000e+00
DSC_8256.JPG_max_x: 661.321
DSC_8256.JPG_min_x: 43.0051
DSC_8256.JPG_max_y: 1685.23
DSC_8256.JPG_min_y: 1394.99
DSC_8337.JPG_max_x: 1320.43
DSC_8337.JPG_min_x: 931.245
DSC_8337.JPG_max_y: 513.255
DSC_8337.JPG_min_y: 313.972
