5.366421561310084076e-01 5.042593988389040133e-02 -1.853165172466698607e+02
-1.821759213151271650e-01 7.631151440187179391e-01 1.451549477418792833e+02
-3.995563592744620900e-04 1.864415593797558125e-04 1.000000000000000000e+00
DSC_8327.JPG_max_x: 1311.52
DSC_8327.JPG_min_x: 544.851
DSC_8327.JPG_max_y: 1150.31
DSC_8327.JPG_min_y: 126.714
DSC_8425.JPG_max_x: 1014.32
DSC_8425.JPG_min_x: 100.063
DSC_8425.JPG_max_y: 1124.74
DSC_8425.JPG_min_y: 114.511
