-2.551142976357184899e+00 -1.027603055715763603e+00 3.415430614111514842e+03
5.993169926974144524e-01 -2.572538344776944985e+00 2.704891322213051808e+03
-6.887860958927674018e-04 -1.228015629262841106e-03 1.000000000000000000e+00
DSC_8344.JPG_max_x: 1322.5
DSC_8344.JPG_min_x: 799.598
DSC_8344.JPG_max_y: 1840.88
DSC_8344.JPG_min_y: 1334.05
DSC_8375.JPG_max_x: 858.407
DSC_8375.JPG_min_x: 315.996
DSC_8375.JPG_max_y: 876.287
DSC_8375.JPG_min_y: 16.405
