-1.855340533987967611e+00 -7.952660961892621394e-01 3.266366177007635542e+03
1.921600067175431303e-01 -2.389349914170230793e+00 2.240468370366162162e+03
-6.400026092212722549e-04 -1.573645745474198466e-03 1.000000000000000000e+00
DSC_8352.JPG_max_x: 1320.06
DSC_8352.JPG_min_x: 1084.68
DSC_8352.JPG_max_y: 1777.75
DSC_8352.JPG_min_y: 1275.94
DSC_8413.JPG_max_x: 203.329
DSC_8413.JPG_min_x: 3.93044
DSC_8413.JPG_max_y: 702.696
DSC_8413.JPG_min_y: 326.005
