1.568061028763035325e-01 -1.518738847359167587e-01 4.203884632574907982e+02
-3.038374189951038515e-02 2.572397797113599172e-01 3.366895785561832213e+02
-1.929682975181981608e-04 -2.562788367562943278e-04 1.000000000000000000e+00
DSC_8387.JPG_max_x: 654.378
DSC_8387.JPG_min_x: 37.4138
DSC_8387.JPG_max_y: 620.871
DSC_8387.JPG_min_y: 21.5624
DSC_8407.JPG_max_x: 597.886
DSC_8407.JPG_min_x: 414.145
DSC_8407.JPG_max_y: 620.479
DSC_8407.JPG_min_y: 361.145
