1.111964064889967352e+00 1.141177850086390888e-01 -9.986209948589635133e+01
-1.369246633017893490e-03 1.173499729822738313e+00 -7.320083592880219214e+01
-8.930993587217658423e-05 -2.956974094887509841e-05 1.000000000000000000e+00
DSC_8415.JPG_max_x: 1115.22
DSC_8415.JPG_min_x: 298.889
DSC_8415.JPG_max_y: 1201.62
DSC_8415.JPG_min_y: 240.216
DSC_8447.JPG_max_x: 1329.23
DSC_8447.JPG_min_x: 273.479
DSC_8447.JPG_max_y: 1477.44
DSC_8447.JPG_min_y: 244.295
