-1.296943578840597189e+00 -1.992414214708567499e+00 1.568695877878708643e+03
-1.172548369313233252e+00 -2.723402396943433779e+00 1.422208590813062301e+03
-2.200780165698514208e-03 -1.304430298407074093e-03 1.000000000000000000e+00
DSC_8415.JPG_max_x: 1236.17
DSC_8415.JPG_min_x: 559.395
DSC_8415.JPG_max_y: 1132.73
DSC_8415.JPG_min_y: 240.216
DSC_8445.JPG_max_x: 864.003
DSC_8445.JPG_min_x: 75.3746
DSC_8445.JPG_max_y: 1337.23
DSC_8445.JPG_min_y: 314.241
