9.859568760676793442e-01 -6.368450074483637813e-02 6.840970119359960790e+02
2.225686564486486774e-01 1.013299867673161048e+00 -7.070186343391832224e+02
2.527301823138631176e-04 9.933978920308189240e-05 1.000000000000000000e+00
DSC_8306.JPG_max_x: 1029.42
DSC_8306.JPG_min_x: 31.0451
DSC_8306.JPG_max_y: 1420.03
DSC_8306.JPG_min_y: 917.915
DSC_8415.JPG_max_x: 1151.04
DSC_8415.JPG_min_x: 579.531
DSC_8415.JPG_max_y: 690.014
DSC_8415.JPG_min_y: 254.729
