4.082130850134275679e-01 -5.269959408378518395e-01 9.531671852266648557e+02
8.410257583564674511e-02 1.831001446527860121e-01 1.964871518701791615e+02
9.220634307585351760e-06 -4.057034568078332474e-04 1.000000000000000000e+00
DSC_8337.JPG_max_x: 487.738
DSC_8337.JPG_min_x: 13.6209
DSC_8337.JPG_max_y: 955.139
DSC_8337.JPG_min_y: 660.62
DSC_8365.JPG_max_x: 1081.55
DSC_8365.JPG_min_x: 793.436
DSC_8365.JPG_max_y: 632.36
DSC_8365.JPG_min_y: 464.068
