-2.863506458223661830e-02 -3.253291439429619597e-02 6.235104400787162149e+01
-5.187091633468526863e-01 -3.977105691781664953e-01 9.400949523041007296e+02
-5.550201697222529977e-04 -4.194343818413760056e-04 1.000000000000000000e+00
DSC_8202.JPG_max_x: 1154.94
DSC_8202.JPG_min_x: 514.962
DSC_8202.JPG_max_y: 1719.28
DSC_8202.JPG_min_y: 659.547
DSC_8242.JPG_max_x: 1190.68
DSC_8242.JPG_min_x: 10.5359
DSC_8242.JPG_max_y: 1581.45
DSC_8242.JPG_min_y: 783.535
