1.434570958451517830e+00 4.209621974851310289e-01 -4.793595903610546998e+02
-2.889915200222628947e-02 1.580261786833980775e+00 -1.502473477084250817e+03
2.139913573770055300e-04 5.472835429750708006e-04 1.000000000000000000e+00
DSC_8334.JPG_max_x: 1178.85
DSC_8334.JPG_min_x: 418.302
DSC_8334.JPG_max_y: 1755.68
DSC_8334.JPG_min_y: 981.204
DSC_8399.JPG_max_x: 907.867
DSC_8399.JPG_min_x: 349.079
DSC_8399.JPG_max_y: 575.038
DSC_8399.JPG_min_y: 10.4241
