2.135036451165006621e+00 -9.463600568447261274e-02 -9.882181161603410828e+02
1.445842556827301451e+00 1.034971373313334331e+00 -1.561420300880968171e+02
1.278005487368435132e-03 -2.433302458811979600e-04 1.000000000000000000e+00
DSC_8234.JPG_max_x: 1306.58
DSC_8234.JPG_min_x: 829.667
DSC_8234.JPG_max_y: 1766.21
DSC_8234.JPG_min_y: 854.756
DSC_8398.JPG_max_x: 741.001
DSC_8398.JPG_min_x: 383.631
DSC_8398.JPG_max_y: 1580.35
DSC_8398.JPG_min_y: 1044.75
