1.907658412950598015e+00 4.268793236442022798e-01 2.308440988233074904e+02
-1.735753721846848285e-01 2.768145946880901764e+00 -2.255494176741064621e+03
-3.907761765312920397e-04 6.141896535848663605e-04 9.999999999999998890e-01
DSC_8278.JPG_max_x: 629.581
DSC_8278.JPG_min_x: 30.8785
DSC_8278.JPG_max_y: 1652.18
DSC_8278.JPG_min_y: 827.668
DSC_8313.JPG_max_x: 1317.6
DSC_8313.JPG_min_x: 454.918
DSC_8313.JPG_max_y: 1224.9
DSC_8313.JPG_min_y: 15.7931
