8.759830442517998472e-01 -1.136181247138723788e-01 3.460605324839378909e+02
7.567482478888064579e-01 6.089448544389340912e-01 4.950078439155423666e+02
6.109074172072272591e-04 -1.691053375253089052e-04 1.000000000000000000e+00
DSC_8268.JPG_max_x: 1288.26
DSC_8268.JPG_min_x: 69.0851
DSC_8268.JPG_max_y: 1246.9
DSC_8268.JPG_min_y: 559.069
DSC_8470.JPG_max_x: 837.332
DSC_8470.JPG_min_x: 370.437
DSC_8470.JPG_max_y: 1512.23
DSC_8470.JPG_min_y: 932.636
