9.625098255186049778e-01 -1.771407005813266655e-01 -2.320824835819724541e+01
-5.998449694791511272e-02 5.280682220569251628e-01 1.008472781555598544e+03
-7.589745602443545309e-05 -2.543990010705838222e-04 1.000000000000000000e+00
DSC_8277.JPG_max_x: 1220.35
DSC_8277.JPG_min_x: 334.053
DSC_8277.JPG_max_y: 653.589
DSC_8277.JPG_min_y: 219.101
DSC_8310.JPG_max_x: 1301.37
DSC_8310.JPG_min_x: 250.105
DSC_8310.JPG_max_y: 1685.2
DSC_8310.JPG_min_y: 1218.9
