3.543631333111391668e-01 -9.052680634731645470e-02 4.623790032392863054e+02
-2.033227839695140315e-01 5.736708529369571874e-01 3.917028376923761925e+02
-2.371734157549714123e-04 -5.830066856889499637e-05 1.000000000000000000e+00
DSC_8292.JPG_max_x: 1282.65
DSC_8292.JPG_min_x: 276.106
DSC_8292.JPG_max_y: 1260.87
DSC_8292.JPG_min_y: 688.366
DSC_8352.JPG_max_x: 1309.02
DSC_8352.JPG_min_x: 487.312
DSC_8352.JPG_max_y: 1306.72
DSC_8352.JPG_min_y: 815.672
