8.088658146350212741e-01 4.894026520014648635e-02 2.083816537822798978e+02
-3.671416325017230406e-03 7.954118169278037165e-01 -7.010058670635888234e+01
3.297482318281333652e-05 4.179413344766077896e-05 1.000000000000000000e+00
DSC_8307.JPG_max_x: 1319.56
DSC_8307.JPG_min_x: 28.0923
DSC_8307.JPG_max_y: 676.199
DSC_8307.JPG_min_y: 181.592
DSC_8473.JPG_max_x: 1213.47
DSC_8473.JPG_min_x: 264.653
DSC_8473.JPG_max_y: 461.103
DSC_8473.JPG_min_y: 70.925
