6.619309368415919881e-01 -3.219374298362653875e-01 1.231839959384436156e+02
-6.350693937293722113e-02 4.617196495562678193e-01 1.202104060288529809e+03
-6.590170419566765728e-05 -1.313052686157858008e-04 1.000000000000000000e+00
DSC_8211.JPG_max_x: 947.216
DSC_8211.JPG_min_x: 112.611
DSC_8211.JPG_max_y: 975.941
DSC_8211.JPG_min_y: 383.903
DSC_8340.JPG_max_x: 677.065
DSC_8340.JPG_min_x: 11.7752
DSC_8340.JPG_max_y: 1930.91
DSC_8340.JPG_min_y: 1468.88
