-6.931213835182774119e+00 -7.535020590395655304e+00 1.380768680388492976e+04
1.424220909863419315e+00 -9.985084559481425259e+00 5.704963280387108426e+01
-4.821431624835836871e-03 -2.034961250215707156e-03 1.000000000000000000e+00
DSC_8449.JPG_max_x: 1324.92
DSC_8449.JPG_min_x: 1013.47
DSC_8449.JPG_max_y: 1020.77
DSC_8449.JPG_min_y: 714.265
DSC_8467.JPG_max_x: 355.165
DSC_8467.JPG_min_x: 53.6519
DSC_8467.JPG_max_y: 1361.55
DSC_8467.JPG_min_y: 776.834
