7.656647011541016923e+01 -1.332332508539989817e+02 4.671727911168442006e+03
3.121822854585229123e+01 -5.631622802143630224e+01 2.606161912647054123e+03
6.477089385841958147e-02 -1.032769099251877043e-01 1.000000000000000000e+00
DSC_8277.JPG_max_x: 523.698
DSC_8277.JPG_min_x: 201.068
DSC_8277.JPG_max_y: 446.938
DSC_8277.JPG_min_y: 240.19
DSC_8455.JPG_max_x: 1323.63
DSC_8455.JPG_min_x: 779.61
DSC_8455.JPG_max_y: 613.518
DSC_8455.JPG_min_y: 330.093
