-3.172148577612474707e+00 9.300043806253603940e-01 1.085669560955275983e+03
-2.368899110521951457e+00 7.703575059201409614e-01 7.345524064578622756e+02
-2.770905640387585130e-03 7.374752163513753145e-04 9.999999999999998890e-01
DSC_8256.JPG_max_x: 664.78
DSC_8256.JPG_min_x: 294.02
DSC_8256.JPG_max_y: 1490.69
DSC_8256.JPG_min_y: 656.966
DSC_8336.JPG_max_x: 1329.33
DSC_8336.JPG_min_x: 316.317
DSC_8336.JPG_max_y: 1191.1
DSC_8336.JPG_min_y: 650.909
