1.056296191174958210e+00 1.669512564815461564e-01 -7.029304137296761610e+02
1.006027743836421795e+00 1.879551412817288547e-01 9.699321014676473851e+02
8.335818668045256313e-04 -5.201195413482263222e-04 1.000000000000000000e+00
DSC_8323.JPG_max_x: 1318.23
DSC_8323.JPG_min_x: 596.65
DSC_8323.JPG_max_y: 772.026
DSC_8323.JPG_min_y: 98.3369
DSC_8474.JPG_max_x: 449.883
DSC_8474.JPG_min_x: 19.6454
DSC_8474.JPG_max_y: 1444.09
DSC_8474.JPG_min_y: 1104.73
