4.889182535567389992e-02 -5.942504256152865427e-02 1.848970118030454444e+02
-6.466895756472516854e-02 1.088398673562446378e-01 -3.565047237054882601e+01
-5.353692458122609032e-04 -2.320404859939098911e-04 1.000000000000000000e+00
DSC_8238.JPG_max_x: 1055.93
DSC_8238.JPG_min_x: 250.431
DSC_8238.JPG_max_y: 1610.3
DSC_8238.JPG_min_y: 1222.64
DSC_8381.JPG_max_x: 1088.28
DSC_8381.JPG_min_x: 136.908
DSC_8381.JPG_max_y: 484.835
DSC_8381.JPG_min_y: 114.307
