1.358265980664984662e-01 -2.541305731798033096e-01 9.387369224924113951e+02
-1.318599972617882921e-02 3.952029979540082616e-01 2.069706761735397151e+02
-2.814357072464186748e-04 -3.646106924758505129e-05 1.000000000000000000e+00
DSC_8225.JPG_max_x: 747.838
DSC_8225.JPG_min_x: 61.6981
DSC_8225.JPG_max_y: 866.077
DSC_8225.JPG_min_y: 298.797
DSC_8367.JPG_max_x: 1167.07
DSC_8367.JPG_min_x: 838.639
DSC_8367.JPG_max_y: 608.795
DSC_8367.JPG_min_y: 352.606
