1.234028711300244829e+00 2.997169634329693855e-01 1.060092327075002459e+02
-1.359050914146454903e-01 1.432722468527512838e+00 1.144467142004864172e+03
-5.767234993607559256e-05 1.020043119950197796e-04 1.000000000000000000e+00
DSC_8415.JPG_max_x: 866.615
DSC_8415.JPG_min_x: 445.395
DSC_8415.JPG_max_y: 454.702
DSC_8415.JPG_min_y: 254.729
DSC_8466.JPG_max_x: 1318.77
DSC_8466.JPG_min_x: 753.254
DSC_8466.JPG_max_y: 1685.5
DSC_8466.JPG_min_y: 1436.72
