4.745036602247904023e-01 7.466372326367357037e-02 -1.225777841696224755e+02
-3.153039650083044876e-01 1.227357194541690122e+00 -1.816603579259210335e+02
-3.890259496025560222e-04 6.978827910454765021e-05 1.000000000000000000e+00
DSC_8218.JPG_max_x: 1323.19
DSC_8218.JPG_min_x: 1077.03
DSC_8218.JPG_max_y: 1162.95
DSC_8218.JPG_min_y: 764.395
DSC_8266.JPG_max_x: 1051.8
DSC_8266.JPG_min_x: 708.39
DSC_8266.JPG_max_y: 1409.32
DSC_8266.JPG_min_y: 632.227
