5.571630518469908866e-01 -3.205793559554797612e-01 4.364340325968074694e+02
4.480394061016351043e-02 1.057177207760540694e-01 4.418396916606592413e+02
7.812251151897522971e-05 -3.990293785918489150e-04 1.000000000000000000e+00
DSC_8223.JPG_max_x: 1155.09
DSC_8223.JPG_min_x: 225.328
DSC_8223.JPG_max_y: 1362.75
DSC_8223.JPG_min_y: 56.5544
DSC_8367.JPG_max_x: 1038.13
DSC_8367.JPG_min_x: 537.863
DSC_8367.JPG_max_y: 1218.5
DSC_8367.JPG_min_y: 455.503
