-5.823295036039547456e-01 -1.493304298353479720e-01 7.283220877428354925e+02
-6.431995149552454105e-01 -1.000141482178298791e+00 1.778780741630583634e+03
-6.055531397012673669e-04 -4.193843455280508547e-04 1.000000000000000000e+00
DSC_8360.JPG_max_x: 1326.19
DSC_8360.JPG_min_x: 530.68
DSC_8360.JPG_max_y: 1711.67
DSC_8360.JPG_min_y: 1202.47
DSC_8404.JPG_max_x: 1288.95
DSC_8404.JPG_min_x: 98.7503
DSC_8404.JPG_max_y: 1673.59
DSC_8404.JPG_min_y: 1028.46
