2.155264202945126772e+00 3.454678924545803165e-01 -1.228232770824151203e+03
3.913307129287397351e-02 2.808981200963664993e+00 -2.352509579170217421e+03
2.124284461483920406e-04 7.015713074820674857e-04 1.000000000000000000e+00
DSC_8296.JPG_max_x: 1114.51
DSC_8296.JPG_min_x: 413.303
DSC_8296.JPG_max_y: 1478.48
DSC_8296.JPG_min_y: 829.922
DSC_8477.JPG_max_x: 799.967
DSC_8477.JPG_min_x: 45.5249
DSC_8477.JPG_max_y: 833.863
DSC_8477.JPG_min_y: 8.02349
