3.845351039484389943e+00 2.423271827160984326e+00 -7.308880463137477079e+01
7.762959863529600435e-01 4.269567326493999282e+00 -7.138879409206286937e+02
1.807349295107080677e-03 3.897788106601124316e-03 1.000000000000000000e+00
DSC_8307.JPG_max_x: 1184.57
DSC_8307.JPG_min_x: 28.656
DSC_8307.JPG_max_y: 676.199
DSC_8307.JPG_min_y: 207.04
DSC_8453.JPG_max_x: 1284.4
DSC_8453.JPG_min_x: 185.787
DSC_8453.JPG_max_y: 610.142
DSC_8453.JPG_min_y: 218.396
