1.475573220994713441e+00 1.742316664385243630e-01 3.386343819374126838e+02
2.507400828592110109e-01 1.061835393189855647e+00 5.501263270198479631e+02
3.552993712951205726e-04 1.228894032516004281e-04 1.000000000000000000e+00
DSC_8237.JPG_max_x: 666.869
DSC_8237.JPG_min_x: 102.699
DSC_8237.JPG_max_y: 649.265
DSC_8237.JPG_min_y: 215.877
DSC_8433.JPG_max_x: 1089.31
DSC_8433.JPG_min_x: 539.16
DSC_8433.JPG_max_y: 1137.6
DSC_8433.JPG_min_y: 757.456
