-1.241214329783068671e+00 6.394090247982981978e-01 9.331817389316098570e+02
-5.034210947047116136e+00 5.565958005644788820e+00 1.518430441498273694e+03
-3.464747866870380392e-03 4.076999237030579613e-03 1.000000000000000000e+00
DSC_8379.JPG_max_x: 1124.62
DSC_8379.JPG_min_x: 104.197
DSC_8379.JPG_max_y: 1051.12
DSC_8379.JPG_min_y: 123.493
DSC_8396.JPG_max_x: 931.388
DSC_8396.JPG_min_x: 26.9458
DSC_8396.JPG_max_y: 1593.82
DSC_8396.JPG_min_y: 1267.2
