8.875865602632898588e-01 -2.073654063687322205e-02 -3.169893701156491943e+02
-8.044069922199545419e-02 1.032738106014535306e+00 2.373820173548402011e+02
-1.172995804314669175e-04 1.290411931792881720e-04 1.000000000000000000e+00
DSC_8311.JPG_max_x: 1320.64
DSC_8311.JPG_min_x: 280.466
DSC_8311.JPG_max_y: 910.571
DSC_8311.JPG_min_y: 380.72
DSC_8441.JPG_max_x: 864.318
DSC_8441.JPG_min_x: 12.0405
DSC_8441.JPG_max_y: 1105.09
DSC_8441.JPG_min_y: 602.855
