6.554022004018711378e-01 -2.583439563455512955e-01 4.775343579748526963e+02
-6.595334502456229320e-02 1.299370649428381042e-01 1.422587666006547124e+03
-5.649064921800183684e-05 -3.154726646211233995e-04 1.000000000000000000e+00
DSC_8221.JPG_max_x: 840.246
DSC_8221.JPG_min_x: 144.628
DSC_8221.JPG_max_y: 562.037
DSC_8221.JPG_min_y: 177.429
DSC_8364.JPG_max_x: 1101.93
DSC_8364.JPG_min_x: 525.455
DSC_8364.JPG_max_y: 1827.63
DSC_8364.JPG_min_y: 1540.21
