6.861759453351150562e-01 -1.178747282917613076e-02 2.547580345223104814e+01
-4.102603474413527018e-01 7.586996986638337992e-01 3.242090074353347973e+02
-3.917406381343274029e-04 -5.538106431995102799e-05 1.000000000000000000e+00
DSC_8308.JPG_max_x: 922.9
DSC_8308.JPG_min_x: 32.8358
DSC_8308.JPG_max_y: 1250.41
DSC_8308.JPG_min_y: 560.212
DSC_8394.JPG_max_x: 1090.79
DSC_8394.JPG_min_x: 35.4143
DSC_8394.JPG_max_y: 1499.09
DSC_8394.JPG_min_y: 604.323
