-7.416949933299122222e+00 3.535957929326481786e+00 2.764970920839777136e+03
-8.995557183774936405e+00 4.986462043824650081e+00 2.229273746797939566e+03
-4.561198658581093988e-03 2.249273677222082216e-03 1.000000000000000000e+00
DSC_8335.JPG_max_x: 928.332
DSC_8335.JPG_min_x: 389.804
DSC_8335.JPG_max_y: 718.656
DSC_8335.JPG_min_y: 6.45852
DSC_8464.JPG_max_x: 1285.9
DSC_8464.JPG_min_x: 210.439
DSC_8464.JPG_max_y: 1932.76
DSC_8464.JPG_min_y: 1188.04
