1.393340672691705029e+00 -4.358202631662994042e-01 7.938142528329113929e+02
1.419273270944360510e+00 1.382576389514324822e+00 -8.849357301105644638e+02
6.750904048417330971e-04 2.769543125365326544e-06 1.000000000000000000e+00
DSC_8226.JPG_max_x: 1062.0
DSC_8226.JPG_min_x: 458.647
DSC_8226.JPG_max_y: 1722.54
DSC_8226.JPG_min_y: 414.517
DSC_8394.JPG_max_x: 1090.79
DSC_8394.JPG_min_x: 493.533
DSC_8394.JPG_max_y: 1713.47
DSC_8394.JPG_min_y: 575.36
