1.055917607811438730e+00 -7.174927973249802804e-01 9.192639852247166345e+02
4.766669170649922571e-01 9.779385236890419941e-02 8.687110097664018440e+02
1.665783391914942718e-04 -3.821606806902104556e-04 1.000000000000000000e+00
DSC_8261.JPG_max_x: 606.026
DSC_8261.JPG_min_x: 66.2091
DSC_8261.JPG_max_y: 776.419
DSC_8261.JPG_min_y: 209.279
DSC_8294.JPG_max_x: 1317.12
DSC_8294.JPG_min_x: 629.834
DSC_8294.JPG_max_y: 1496.28
DSC_8294.JPG_min_y: 1017.17
