2.916245994483429804e+00 6.202056769350100529e-01 -3.321483996076716494e+02
-2.916574157006742718e-01 3.220745449950819239e+00 -3.125549641667586911e+03
-2.496663422809503865e-04 6.468167317646449001e-04 1.000000000000000000e+00
DSC_8236.JPG_max_x: 456.601
DSC_8236.JPG_min_x: 13.9434
DSC_8236.JPG_max_y: 1666.03
DSC_8236.JPG_min_y: 976.758
DSC_8319.JPG_max_x: 1028.95
DSC_8319.JPG_min_x: 195.922
DSC_8319.JPG_max_y: 1062.04
DSC_8319.JPG_min_y: 60.098
