9.173615715669056758e-01 8.860975268328782906e-02 -1.387085234392208406e+02
-2.612782524680935525e-01 6.525846244971524879e-01 2.452917894768122551e+02
-1.871651982649982923e-04 -1.130126953792782562e-04 9.999999999999998890e-01
DSC_8366.JPG_max_x: 1039.84
DSC_8366.JPG_min_x: 258.78
DSC_8366.JPG_max_y: 1652.19
DSC_8366.JPG_min_y: 1020.87
DSC_8430.JPG_max_x: 1322.95
DSC_8430.JPG_min_x: 270.29
DSC_8430.JPG_max_y: 1662.28
DSC_8430.JPG_min_y: 938.51
