6.663261115744992802e-01 -2.125783080920979895e-01 2.396967959692339321e+02
2.234517795218743386e-02 3.020749954962678729e-01 1.166962807827258985e+03
-1.295114207722297934e-05 -2.409726324174959718e-04 1.000000000000000000e+00
DSC_8339.JPG_max_x: 1329.52
DSC_8339.JPG_min_x: 17.6848
DSC_8339.JPG_max_y: 761.83
DSC_8339.JPG_min_y: 168.366
DSC_8412.JPG_max_x: 1191.16
DSC_8412.JPG_min_x: 159.329
DSC_8412.JPG_max_y: 1776.98
DSC_8412.JPG_min_y: 1300.84
