2.072262668735423308e+00 1.359802497034184432e+00 -1.507252966174392668e+03
-3.311276175478570227e-01 1.485281009821054488e+00 6.298504016516186539e+02
9.305308262625404262e-04 1.794065980044105401e-04 1.000000000000000000e+00
DSC_8269.JPG_max_x: 618.78
DSC_8269.JPG_min_x: 119.6
DSC_8269.JPG_max_y: 1404.27
DSC_8269.JPG_min_y: 991.113
DSC_8291.JPG_max_x: 884.711
DSC_8291.JPG_min_x: 124.845
DSC_8291.JPG_max_y: 1949.21
DSC_8291.JPG_min_y: 1188.68
