7.176598603996968695e-01 -8.734031276629069529e-01 7.780989336485156400e+02
7.588544745064836061e-02 -1.058742255487077899e-01 9.560300792831947092e+01
9.350739583755547212e-04 -1.124241455114970666e-03 1.000000000000000000e+00
DSC_8208.JPG_max_x: 938.878
DSC_8208.JPG_min_x: 74.9265
DSC_8208.JPG_max_y: 1686.18
DSC_8208.JPG_min_y: 817.461
DSC_8445.JPG_max_x: 1160.42
DSC_8445.JPG_min_x: 675.661
DSC_8445.JPG_max_y: 750.886
DSC_8445.JPG_min_y: 20.5391
