-1.016740519918151975e+01 2.660761758636000507e-01 2.718677710687295075e+03
-1.291161455967476357e+01 -9.806059445135297814e-01 3.690264342196025609e+03
-8.479393264751118597e-03 1.177472769659498831e-03 9.999999999999998890e-01
DSC_8209.JPG_max_x: 1100.75
DSC_8209.JPG_min_x: 343.384
DSC_8209.JPG_max_y: 864.96
DSC_8209.JPG_min_y: 334.264
DSC_8444.JPG_max_x: 1146.43
DSC_8444.JPG_min_x: 524.519
DSC_8444.JPG_max_y: 1589.53
DSC_8444.JPG_min_y: 855.846
