3.152150779850636297e+00 1.369076878336080050e+00 -9.631155534603621504e+01
4.271782706798881168e-01 2.132962340323648398e+00 -5.935385616797374269e+02
1.123535144725271422e-03 5.940055495137257441e-04 1.000000000000000000e+00
DSC_8447.JPG_max_x: 669.172
DSC_8447.JPG_min_x: 287.492
DSC_8447.JPG_max_y: 865.06
DSC_8447.JPG_min_y: 297.859
DSC_8471.JPG_max_x: 1300.85
DSC_8471.JPG_min_x: 971.98
DSC_8471.JPG_max_y: 728.288
DSC_8471.JPG_min_y: 159.876
