2.068978526452943889e+00 6.838129150432264991e-01 -1.292419858348531761e+03
1.820468170696289523e+00 2.374283586354814624e+00 1.129551546165902209e+03
1.488713258143638425e-03 1.472421083188305327e-04 9.999999999999998890e-01
DSC_8225.JPG_max_x: 1312.38
DSC_8225.JPG_min_x: 521.546
DSC_8225.JPG_max_y: 773.367
DSC_8225.JPG_min_y: 269.364
DSC_8242.JPG_max_x: 536.618
DSC_8242.JPG_min_x: 15.1913
DSC_8242.JPG_max_y: 1901.59
DSC_8242.JPG_min_y: 1387.99
