5.074046617370755463e-01 -5.901080703282975959e-01 8.847599699493429171e+02
1.877491668669840214e-02 8.230390613782517795e-01 7.288635364908901693e+01
-2.963854481587058676e-04 -8.894957847886882931e-05 9.999999999999998890e-01
DSC_8341.JPG_max_x: 833.702
DSC_8341.JPG_min_x: 55.3367
DSC_8341.JPG_max_y: 1080.56
DSC_8341.JPG_min_y: 21.511
DSC_8383.JPG_max_x: 1229.74
DSC_8383.JPG_min_x: 452.143
DSC_8383.JPG_max_y: 1345.83
DSC_8383.JPG_min_y: 75.8239
