6.759587521436815072e-01 -2.586341389225577658e-01 3.778087954630377681e+02
-1.014373545984637442e-01 2.579175452772307087e-01 1.177072776110561108e+03
-7.707481659446880316e-05 -3.566016104566591908e-04 1.000000000000000000e+00
DSC_8355.JPG_max_x: 980.672
DSC_8355.JPG_min_x: 8.57664
DSC_8355.JPG_max_y: 806.693
DSC_8355.JPG_min_y: 388.663
DSC_8368.JPG_max_x: 1227.24
DSC_8368.JPG_min_x: 325.381
DSC_8368.JPG_max_y: 1966.02
DSC_8368.JPG_min_y: 1484.67
