1.043137211658470509e+00 4.006867973167777541e-01 -1.166862065151347451e+03
-1.373765487437707544e-01 1.151977249663458380e+00 2.348803929705078701e+02
4.028905817971299903e-04 -6.237929993323180892e-05 1.000000000000000000e+00
DSC_8347.JPG_max_x: 1317.43
DSC_8347.JPG_min_x: 772.329
DSC_8347.JPG_max_y: 1107.92
DSC_8347.JPG_min_y: 190.844
DSC_8377.JPG_max_x: 384.869
DSC_8377.JPG_min_x: 42.8343
DSC_8377.JPG_max_y: 1130.12
DSC_8377.JPG_min_y: 191.867
