3.829314828356221057e+00 6.771476374167336720e-01 -5.026297604517064315e+02
-1.330685381268822409e+00 6.934231641009752423e+00 -3.707135968915757076e+03
-4.901460201852276275e-04 2.311520224742734039e-03 1.000000000000000000e+00
DSC_8396.JPG_max_x: 1038.01
DSC_8396.JPG_min_x: 161.605
DSC_8396.JPG_max_y: 1785.08
DSC_8396.JPG_min_y: 1055.3
DSC_8452.JPG_max_x: 1313.98
DSC_8452.JPG_min_x: 189.933
DSC_8452.JPG_max_y: 1594.29
DSC_8452.JPG_min_y: 843.977
