5.802110218969586120e-01 -1.670843927696002984e-01 8.423972056837751552e+02
-2.050921022202409072e-01 5.041112438487788117e-01 8.661942776300322748e+02
-2.004857189427504687e-04 -1.931072121868801874e-04 9.999999999999998890e-01
DSC_8445.JPG_max_x: 544.318
DSC_8445.JPG_min_x: 85.8664
DSC_8445.JPG_max_y: 716.971
DSC_8445.JPG_min_y: 143.952
DSC_8452.JPG_max_x: 1325.02
DSC_8452.JPG_min_x: 925.605
DSC_8452.JPG_max_y: 1474.53
DSC_8452.JPG_min_y: 963.845
