-4.772527147620995436e+01 6.925263252850957230e-01 1.240917064483750437e+04
-1.639382774895103978e+01 -2.049932166375758413e+01 3.014941534142620185e+03
-2.358246855719015739e-02 -9.517433556683229517e-03 1.000000000000000000e+00
DSC_8351.JPG_max_x: 1161.82
DSC_8351.JPG_min_x: 255.82
DSC_8351.JPG_max_y: 1143.4
DSC_8351.JPG_min_y: 6.69092
DSC_8465.JPG_max_x: 1205.09
DSC_8465.JPG_min_x: 131.065
DSC_8465.JPG_max_y: 858.508
DSC_8465.JPG_min_y: 242.94
