4.547228829123914018e+00 1.023281961641979043e+00 -2.086179710008411348e+03
4.471935723149259023e-02 5.525518579951581799e+00 -6.112232439197906388e+03
-1.072453680467584284e-04 1.544891149083332978e-03 1.000000000000000000e+00
DSC_8432.JPG_max_x: 1085.77
DSC_8432.JPG_min_x: 285.049
DSC_8432.JPG_max_y: 1907.7
DSC_8432.JPG_min_y: 1104.38
DSC_8449.JPG_max_x: 1319.94
DSC_8449.JPG_min_x: 177.194
DSC_8449.JPG_max_y: 1167.17
DSC_8449.JPG_min_y: 10.5925
