3.064220593001280579e-01 -9.641017045737820812e-01 1.193624582839831646e+03
2.610536893772478773e-01 -8.805281987125757048e-01 1.096279420144403730e+03
2.243165680946089644e-04 -7.896678464439733708e-04 1.000000000000000000e+00
DSC_8216.JPG_max_x: 1312.06
DSC_8216.JPG_min_x: 214.507
DSC_8216.JPG_max_y: 1659.25
DSC_8216.JPG_min_y: 1284.83
DSC_8423.JPG_max_x: 1291.12
DSC_8423.JPG_min_x: 240.521
DSC_8423.JPG_max_y: 1463.62
DSC_8423.JPG_min_y: 305.495
