1.249386145229502354e+01 -3.022576289691742524e+00 1.326922360501409003e+03
7.435312882201570162e+00 -1.580980570502990012e+00 6.297035217005428649e+02
9.790855017052334588e-03 -2.316685616495111656e-03 1.000000000000000000e+00
DSC_8339.JPG_max_x: 1112.24
DSC_8339.JPG_min_x: 22.9716
DSC_8339.JPG_max_y: 1284.3
DSC_8339.JPG_min_y: 612.672
DSC_8353.JPG_max_x: 1319.13
DSC_8353.JPG_min_x: 1065.45
DSC_8353.JPG_max_y: 1338.12
DSC_8353.JPG_min_y: 311.207
