2.125354598884575896e+00 -2.125636313843747960e+00 4.180531173029784213e+02
6.828145401043788087e-01 -6.138315810809190642e-01 3.277730264829538100e+02
1.447682622011992742e-03 -2.820753316223005309e-03 1.000000000000000000e+00
DSC_8381.JPG_max_x: 1090.21
DSC_8381.JPG_min_x: 88.3409
DSC_8381.JPG_max_y: 435.251
DSC_8381.JPG_min_y: 76.093
DSC_8415.JPG_max_x: 1243.26
DSC_8415.JPG_min_x: 479.963
DSC_8415.JPG_max_y: 715.74
DSC_8415.JPG_min_y: 361.166
