-1.230589629102622623e-01 -6.132500400767758320e-02 2.570080696200861325e+02
-3.871168791648526009e-01 -2.055877950045961744e-01 8.321544088032676427e+02
-4.466596980715056777e-04 -2.608506408418564395e-04 1.000000000000000000e+00
DSC_8334.JPG_max_x: 1327.49
DSC_8334.JPG_min_x: 1031.36
DSC_8334.JPG_max_y: 1786.82
DSC_8334.JPG_min_y: 799.62
DSC_8337.JPG_max_x: 446.232
DSC_8337.JPG_min_x: 13.6209
DSC_8337.JPG_max_y: 867.013
DSC_8337.JPG_min_y: 597.168
