4.032634974802675742e+00 2.649523105842084725e+00 -5.949628465555465482e+02
6.268900629174636308e-01 2.676002295365540018e+00 -2.139587756936201401e+02
1.719933060618960684e-03 1.571682315927157292e-03 1.000000000000000000e+00
DSC_8321.JPG_max_x: 979.549
DSC_8321.JPG_min_x: 33.5338
DSC_8321.JPG_max_y: 1096.74
DSC_8321.JPG_min_y: 17.1586
DSC_8471.JPG_max_x: 1300.85
DSC_8471.JPG_min_x: 865.051
DSC_8471.JPG_max_y: 966.347
DSC_8471.JPG_min_y: 160.938
