9.268195989330320350e-02 -1.132258597592395777e+00 1.252693329043635458e+03
7.234370637405465598e-02 -1.194120882007097206e+00 1.323940327487817740e+03
5.028408778322963451e-05 -9.009992909625867989e-04 1.000000000000000000e+00
DSC_8200.JPG_max_x: 1254.47
DSC_8200.JPG_min_x: 84.5145
DSC_8200.JPG_max_y: 1218.27
DSC_8200.JPG_min_y: 918.817
DSC_8400.JPG_max_x: 1330.86
DSC_8400.JPG_min_x: 291.934
DSC_8400.JPG_max_y: 1592.53
DSC_8400.JPG_min_y: 1177.47
