-1.518211294319148641e-01 6.812751986772788704e-02 1.156307699226145473e+02
9.649981206063341921e-02 -1.971232316011070629e-01 6.895424268098215634e+02
7.816062055377771302e-06 -4.274943791206557101e-04 1.000000000000000000e+00
DSC_8262.JPG_max_x: 1303.49
DSC_8262.JPG_min_x: 203.501
DSC_8262.JPG_max_y: 1696.96
DSC_8262.JPG_min_y: 899.917
DSC_8264.JPG_max_x: 496.736
DSC_8264.JPG_min_x: 14.0457
DSC_8264.JPG_max_y: 1604.94
DSC_8264.JPG_min_y: 768.867
