5.042749133581443388e-01 -4.670743321853056962e-01 6.136590259289374671e+02
-5.582203410927719656e-01 5.970101990714076212e-01 6.432215018009549112e+02
-7.554655065068227896e-04 -3.815203198553485261e-04 9.999999999999998890e-01
DSC_8221.JPG_max_x: 389.594
DSC_8221.JPG_min_x: 144.628
DSC_8221.JPG_max_y: 565.494
DSC_8221.JPG_min_y: 231.627
DSC_8319.JPG_max_x: 1164.79
DSC_8319.JPG_min_x: 650.26
DSC_8319.JPG_max_y: 1371.29
DSC_8319.JPG_min_y: 885.706
