6.468427994083946864e+00 -1.216979725190517225e+00 -3.339566982470796120e+03
2.386123389105129888e+00 2.858172717052364309e+00 -2.686767056080979728e+03
1.680534666367855231e-03 -1.084562755485708350e-03 1.000000000000000000e+00
DSC_8234.JPG_max_x: 1001.27
DSC_8234.JPG_min_x: 829.667
DSC_8234.JPG_max_y: 1107.94
DSC_8234.JPG_min_y: 862.216
DSC_8468.JPG_max_x: 1199.97
DSC_8468.JPG_min_x: 645.992
DSC_8468.JPG_max_y: 1946.91
DSC_8468.JPG_min_y: 1202.92
