-1.009492560485244184e+01 -3.977200395355790175e+00 7.472607966187478269e+03
-5.843473106984179433e-01 -3.322244683884893135e+00 3.031019857696442614e+03
-5.302427016368234207e-03 -1.007715961511188333e-03 1.000000000000000000e+00
DSC_8202.JPG_max_x: 703.059
DSC_8202.JPG_min_x: 318.82
DSC_8202.JPG_max_y: 1509.07
DSC_8202.JPG_min_y: 986.242
DSC_8307.JPG_max_x: 1240.32
DSC_8307.JPG_min_x: 260.848
DSC_8307.JPG_max_y: 771.552
DSC_8307.JPG_min_y: 170.177
