1.176966739620086022e+00 2.680865237303124982e-01 -6.604654219841162330e+02
2.184443237756611977e-01 1.278970499359833646e+00 -1.339653321058370921e+02
2.946647647952497910e-04 8.390560230481443912e-05 1.000000000000000000e+00
DSC_8444.JPG_max_x: 1314.54
DSC_8444.JPG_min_x: 318.245
DSC_8444.JPG_max_y: 1588.85
DSC_8444.JPG_min_y: 913.61
DSC_8454.JPG_max_x: 841.22
DSC_8454.JPG_min_x: 22.3987
DSC_8454.JPG_max_y: 1462.68
DSC_8454.JPG_min_y: 936.467
