5.933004125977416887e-01 1.952085791538132331e-01 6.506325493186914173e+02
-1.727584335172142604e-01 1.688484836077358553e+00 -1.140843747560722022e+03
-5.229566658453788184e-04 4.638230029463489830e-04 1.000000000000000000e+00
DSC_8262.JPG_max_x: 1032.03
DSC_8262.JPG_min_x: 310.459
DSC_8262.JPG_max_y: 1815.11
DSC_8262.JPG_min_y: 817.929
DSC_8457.JPG_max_x: 1289.63
DSC_8457.JPG_min_x: 773.003
DSC_8457.JPG_max_y: 1319.03
DSC_8457.JPG_min_y: 141.802
