3.228620976588236768e+00 1.153218911600939256e+00 -1.675186368027423896e+03
-1.833528077229085451e-01 3.832083342254818614e+00 -3.958445580788692951e+03
-8.050940850389700742e-05 1.483157797985130370e-03 1.000000000000000000e+00
DSC_8412.JPG_max_x: 1273.26
DSC_8412.JPG_min_x: 8.35759
DSC_8412.JPG_max_y: 1907.54
DSC_8412.JPG_min_y: 1063.92
DSC_8413.JPG_max_x: 1294.1
DSC_8413.JPG_min_x: 22.6578
DSC_8413.JPG_max_y: 856.009
DSC_8413.JPG_min_y: 18.8706
