2.871204270056309227e+01 -3.466333766532977734e+01 -1.277659731340106219e+02
4.114304403265705901e+01 -7.124224991298495979e+01 3.865803582473809001e+03
3.912752942026510167e-02 -5.493587648419373526e-02 1.000000000000000000e+00
DSC_8263.JPG_max_x: 838.73
DSC_8263.JPG_min_x: 260.111
DSC_8263.JPG_max_y: 536.871
DSC_8263.JPG_min_y: 14.6879
DSC_8312.JPG_max_x: 845.681
DSC_8312.JPG_min_x: 275.348
DSC_8312.JPG_max_y: 1642.85
DSC_8312.JPG_min_y: 926.576
