-6.442553139298341260e-03 -2.491441478116074304e-01 3.907804418915199562e+02
-5.453394738102776973e-01 -4.588401714840409373e-02 1.055134611701842005e+03
-3.776637488454567056e-04 -2.818850369090919960e-04 1.000000000000000000e+00
DSC_8274.JPG_max_x: 1256.66
DSC_8274.JPG_min_x: 1044.19
DSC_8274.JPG_max_y: 1202.55
DSC_8274.JPG_min_y: 504.991
DSC_8442.JPG_max_x: 619.252
DSC_8442.JPG_min_x: 55.6652
DSC_8442.JPG_max_y: 1599.45
DSC_8442.JPG_min_y: 876.408
