5.314109865934845134e-01 1.356552970009615444e-01 -7.998744549421363672e+02
2.283695381649609057e+00 -1.616293015188389637e+00 -2.170816693197113239e+02
3.237775415729391044e-03 -3.173196498743823674e-03 1.000000000000000000e+00
DSC_8306.JPG_max_x: 1324.23
DSC_8306.JPG_min_x: 1220.3
DSC_8306.JPG_max_y: 1588.87
DSC_8306.JPG_min_y: 1124.34
DSC_8309.JPG_max_x: 1147.94
DSC_8309.JPG_min_x: 25.5235
DSC_8309.JPG_max_y: 1432.95
DSC_8309.JPG_min_y: 442.249
