1.113420763534115787e+00 3.317227652563193852e-01 -1.285021867154452593e+03
-6.401050041758223896e-01 4.966369072385735883e+00 -6.455188336297995875e+02
-7.827193426499529788e-04 3.033231201345993212e-03 1.000000000000000000e+00
DSC_8256.JPG_max_x: 1314.06
DSC_8256.JPG_min_x: 557.963
DSC_8256.JPG_max_y: 1235.48
DSC_8256.JPG_min_y: 675.186
DSC_8428.JPG_max_x: 198.112
DSC_8428.JPG_min_x: 4.60722
DSC_8428.JPG_max_y: 1255.18
DSC_8428.JPG_min_y: 938.797
