2.335076434562070313e-01 -2.717833000043090030e-01 6.521488485798976171e+02
1.565683561634727619e-02 3.680237278824091685e-01 9.467877199428082235e+01
-1.250820151829837963e-04 -2.678766355189136526e-04 1.000000000000000000e+00
DSC_8405.JPG_max_x: 1272.96
DSC_8405.JPG_min_x: 122.242
DSC_8405.JPG_max_y: 1463.17
DSC_8405.JPG_min_y: 442.335
DSC_8439.JPG_max_x: 1199.81
DSC_8439.JPG_min_x: 555.038
DSC_8439.JPG_max_y: 1403.3
DSC_8439.JPG_min_y: 320.319
