7.407725074739897053e-01 -2.689362080073108840e-01 -7.257330705113821523e+01
1.234749821216395843e-01 2.431548864856632464e-01 9.350080112057471524e+02
7.080665150747101851e-05 -3.363806181182736350e-04 1.000000000000000000e+00
DSC_8337.JPG_max_x: 1248.42
DSC_8337.JPG_min_x: 420.167
DSC_8337.JPG_max_y: 736.005
DSC_8337.JPG_min_y: 181.965
DSC_8352.JPG_max_x: 786.834
DSC_8352.JPG_min_x: 66.0907
DSC_8352.JPG_max_y: 1484.02
DSC_8352.JPG_min_y: 1077.95
