-3.018163942906074038e+00 4.886774380409315555e+00 -2.054880641238075611e+02
-5.701006313348202070e+00 7.434232741981449344e+00 4.023320832301735095e+02
-4.256752801244725014e-03 4.591140916467092818e-03 1.000000000000000000e+00
DSC_8346.JPG_max_x: 1089.94
DSC_8346.JPG_min_x: 459.479
DSC_8346.JPG_max_y: 1018.16
DSC_8346.JPG_min_y: 635.383
DSC_8402.JPG_max_x: 1303.59
DSC_8402.JPG_min_x: 254.544
DSC_8402.JPG_max_y: 1592.03
DSC_8402.JPG_min_y: 1114.12
