1.476483592466875328e+00 6.668863475940915997e-01 -1.133675397530415012e+03
-1.416882431897944356e-02 1.566572984911542177e+00 -3.085640672089601821e+02
4.783826160510611992e-04 2.476785423909762989e-04 1.000000000000000000e+00
DSC_8445.JPG_max_x: 1319.45
DSC_8445.JPG_min_x: 475.916
DSC_8445.JPG_max_y: 822.465
DSC_8445.JPG_min_y: 485.495
DSC_8455.JPG_max_x: 695.281
DSC_8455.JPG_min_x: 9.261
DSC_8455.JPG_max_y: 627.499
DSC_8455.JPG_min_y: 263.624
