2.583836600774724185e-02 -2.967118059623293225e-01 4.153442500021907904e+02
-1.781302730894100961e-01 -2.630807378009593078e-01 4.662175535903512014e+02
-2.047821581095898250e-04 -6.349579265913450057e-04 1.000000000000000000e+00
DSC_8222.JPG_max_x: 931.597
DSC_8222.JPG_min_x: 254.466
DSC_8222.JPG_max_y: 1428.65
DSC_8222.JPG_min_y: 1124.05
DSC_8257.JPG_max_x: 1221.26
DSC_8257.JPG_min_x: 27.7745
DSC_8257.JPG_max_y: 1206.92
DSC_8257.JPG_min_y: 269.325
