7.828838274175400347e-01 -6.194761974677649025e-02 -1.993391355938842935e+02
-4.555302181977832765e-02 6.676983133464829967e-01 4.849960255612710966e+02
-8.711718892911063687e-05 -7.196435207568429833e-05 1.000000000000000000e+00
DSC_8295.JPG_max_x: 1242.46
DSC_8295.JPG_min_x: 311.779
DSC_8295.JPG_max_y: 812.084
DSC_8295.JPG_min_y: 12.588
DSC_8475.JPG_max_x: 866.86
DSC_8475.JPG_min_x: 43.3874
DSC_8475.JPG_max_y: 1128.21
DSC_8475.JPG_min_y: 493.446
