4.019297291910411407e-01 -3.680762378957757042e-01 7.627412473718771935e+01
4.359944416659106148e-01 -1.812951431933538915e+00 1.163484837426145305e+03
1.718716144874654498e-04 -1.387377978693252710e-03 9.999999999999998890e-01
DSC_8321.JPG_max_x: 1172.69
DSC_8321.JPG_min_x: 471.845
DSC_8321.JPG_max_y: 849.995
DSC_8321.JPG_min_y: 23.8236
DSC_8396.JPG_max_x: 690.84
DSC_8396.JPG_min_x: 57.2571
DSC_8396.JPG_max_y: 1593.82
DSC_8396.JPG_min_y: 1270.84
