1.007850147579654632e+00 3.760841912142689342e-02 1.319974204330126781e+02
9.158806483331302650e-02 8.783865561481221107e-01 1.809776467270888531e+02
8.275863478958780679e-05 -5.147359444211174523e-06 1.000000000000000000e+00
DSC_8410.JPG_max_x: 869.57
DSC_8410.JPG_min_x: 30.8214
DSC_8410.JPG_max_y: 1984.7
DSC_8410.JPG_min_y: 712.716
DSC_8426.JPG_max_x: 999.564
DSC_8426.JPG_min_x: 216.313
DSC_8426.JPG_max_y: 1887.61
DSC_8426.JPG_min_y: 810.8
