-6.015917170899631738e-01 -4.654070164894798939e-02 3.252489992196510684e+02
-1.151995526304310236e+00 -1.526611183209224176e+00 2.067017571822442278e+03
-1.025800147598416234e-03 -5.439135198216551569e-04 1.000000000000000000e+00
DSC_8416.JPG_max_x: 1221.0
DSC_8416.JPG_min_x: 369.591
DSC_8416.JPG_max_y: 1291.14
DSC_8416.JPG_min_y: 954.532
DSC_8470.JPG_max_x: 837.136
DSC_8470.JPG_min_x: 58.3292
DSC_8470.JPG_max_y: 1767.0
DSC_8470.JPG_min_y: 938.175
