-1.240083029593716801e-01 -8.793880341058359085e-02 3.072859173155920871e+02
-1.389006632435564881e-01 -4.382800332642084462e-01 8.953598484535261832e+02
-3.290058647390304344e-04 -3.720227044020753618e-04 1.000000000000000000e+00
DSC_8252.JPG_max_x: 1272.8
DSC_8252.JPG_min_x: 671.125
DSC_8252.JPG_max_y: 1986.77
DSC_8252.JPG_min_y: 1035.05
DSC_8271.JPG_max_x: 327.79
DSC_8271.JPG_min_x: 26.712
DSC_8271.JPG_max_y: 1090.85
DSC_8271.JPG_min_y: 797.25
