3.011010696685779142e-01 9.863768143803873512e-02 6.886811157935894698e+02
-7.552385183145043923e-02 9.386715004573887855e-01 2.765068040943144752e+02
-3.604069068872479877e-04 4.174914092868502657e-04 1.000000000000000000e+00
DSC_8261.JPG_max_x: 916.308
DSC_8261.JPG_min_x: 155.973
DSC_8261.JPG_max_y: 546.295
DSC_8261.JPG_min_y: 215.292
DSC_8475.JPG_max_x: 1294.91
DSC_8475.JPG_min_x: 713.582
DSC_8475.JPG_max_y: 742.464
DSC_8475.JPG_min_y: 486.369
