1.335336060311316242e+00 1.841985912544119031e-01 -6.643283793737577980e+01
2.642485535697419174e-01 1.364372080728409653e+00 -3.517302050668132551e+02
1.955304651518598397e-04 1.959207579750068780e-04 1.000000000000000000e+00
DSC_8368.JPG_max_x: 1198.28
DSC_8368.JPG_min_x: 5.52387
DSC_8368.JPG_max_y: 1775.25
DSC_8368.JPG_min_y: 670.862
DSC_8412.JPG_max_x: 1218.86
DSC_8412.JPG_min_x: 129.67
DSC_8412.JPG_max_y: 1542.83
DSC_8412.JPG_min_y: 648.649
