3.549445680987582952e-01 1.095424689194904044e-01 -6.257214431117043887e+02
-4.505375508153745545e-01 3.085684042625962964e-01 2.674006168196194722e+02
-4.320159167115886949e-04 -7.884235707218864542e-05 1.000000000000000000e+00
DSC_8234.JPG_max_x: 1312.94
DSC_8234.JPG_min_x: 1242.74
DSC_8234.JPG_max_y: 1899.26
DSC_8234.JPG_min_y: 1659.97
DSC_8253.JPG_max_x: 100.159
DSC_8253.JPG_min_x: 4.4818
DSC_8253.JPG_max_y: 937.618
DSC_8253.JPG_min_y: 625.15
