9.816629247749988352e-01 -3.372903317667345080e-01 1.141913196581201646e+03
5.290916280796210680e-01 1.209492449024959448e+00 -8.511605149382519642e+01
-1.680590523263014930e-04 5.674970007811790134e-05 1.000000000000000000e+00
DSC_8327.JPG_max_x: 342.785
DSC_8327.JPG_min_x: 17.4107
DSC_8327.JPG_max_y: 1120.42
DSC_8327.JPG_min_y: 130.592
DSC_8341.JPG_max_x: 1216.48
DSC_8341.JPG_min_x: 846.026
DSC_8341.JPG_max_y: 1389.39
DSC_8341.JPG_min_y: 76.5124
