-5.623446730806955784e+00 5.602093974579485103e-01 1.630501627347405702e+03
-4.739511782915230009e-01 -1.610842112758082090e+00 2.995532520108578183e+02
-3.717212241576482896e-03 -6.511596351110067319e-06 9.999999999999998890e-01
DSC_8399.JPG_max_x: 941.125
DSC_8399.JPG_min_x: 342.493
DSC_8399.JPG_max_y: 503.508
DSC_8399.JPG_min_y: 120.241
DSC_8469.JPG_max_x: 1310.33
DSC_8469.JPG_min_x: 808.317
DSC_8469.JPG_max_y: 826.091
DSC_8469.JPG_min_y: 166.369
