1.532214882759145615e-02 -1.878373834653128904e+00 1.344495481638027513e+03
3.699526076789582674e-01 -2.224397812086228665e+00 1.727922017276318456e+03
4.546990528075860270e-04 -1.516275135530971516e-03 1.000000000000000000e+00
DSC_8368.JPG_max_x: 262.396
DSC_8368.JPG_min_x: 8.09622
DSC_8368.JPG_max_y: 1303.21
DSC_8368.JPG_min_y: 1031.41
DSC_8472.JPG_max_x: 1303.14
DSC_8472.JPG_min_x: 1089.18
DSC_8472.JPG_max_y: 1242.16
DSC_8472.JPG_min_y: 1020.1
