9.470117996585063480e-01 2.562794691459419072e-02 1.796700596165468937e+02
-3.132293030212721097e-02 1.000020108763517879e+00 9.248842003672132250e+01
-2.316693012129419864e-05 -2.963897788023435424e-06 1.000000000000000000e+00
DSC_8379.JPG_max_x: 1133.3
DSC_8379.JPG_min_x: 29.45
DSC_8379.JPG_max_y: 1256.17
DSC_8379.JPG_min_y: 4.39294
DSC_8399.JPG_max_x: 1312.47
DSC_8399.JPG_min_x: 190.701
DSC_8399.JPG_max_y: 1373.61
DSC_8399.JPG_min_y: 88.7309
