2.074405138168446960e+00 1.220996209089438178e+00 -1.331075736781345995e+03
2.137440922115727560e+00 2.358154648475177806e-01 -2.731853508824773940e+02
3.084844089626660908e-03 -1.325135090774279658e-03 1.000000000000000000e+00
DSC_8209.JPG_max_x: 1294.59
DSC_8209.JPG_min_x: 143.962
DSC_8209.JPG_max_y: 987.157
DSC_8209.JPG_min_y: 229.818
DSC_8355.JPG_max_x: 1279.18
DSC_8355.JPG_min_x: 13.4011
DSC_8355.JPG_max_y: 1960.39
DSC_8355.JPG_min_y: 394.34
