-4.167177496553684790e+01 -1.693787632179552105e+01 3.655724620067725482e+04
3.371662761542628672e+00 -4.915860786200848054e+01 7.738876133583698538e+04
8.248702189747787478e-04 -2.182294962418405287e-02 1.000000000000000000e+00
DSC_8374.JPG_max_x: 1075.8
DSC_8374.JPG_min_x: 591.688
DSC_8374.JPG_max_y: 1866.16
DSC_8374.JPG_min_y: 1639.35
DSC_8375.JPG_max_x: 1044.02
DSC_8375.JPG_min_x: 481.754
DSC_8375.JPG_max_y: 305.982
DSC_8375.JPG_min_y: 16.405
