5.451592400294081209e+00 4.307146222303179783e+00 -4.829530975816388150e+02
2.127960492775901269e+00 6.288387775081729636e+00 -1.226092040171131430e+03
3.525747112441094278e-03 5.859960439268829639e-03 1.000000000000000000e+00
DSC_8209.JPG_max_x: 1034.11
DSC_8209.JPG_min_x: 145.575
DSC_8209.JPG_max_y: 1020.91
DSC_8209.JPG_min_y: 315.439
DSC_8429.JPG_max_x: 1025.23
DSC_8429.JPG_min_x: 612.273
DSC_8429.JPG_max_y: 727.26
DSC_8429.JPG_min_y: 402.183
