3.037291036781734621e-01 7.779043576163702234e-02 1.048775887592369372e+03
-2.840911913618461848e-01 7.572819095310485693e-01 3.237784802829121986e+02
-2.962219218763669599e-04 9.882477308517897724e-05 1.000000000000000000e+00
DSC_8224.JPG_max_x: 488.689
DSC_8224.JPG_min_x: 15.25
DSC_8224.JPG_max_y: 1521.59
DSC_8224.JPG_min_y: 733.609
DSC_8352.JPG_max_x: 1328.21
DSC_8352.JPG_min_x: 1032.57
DSC_8352.JPG_max_y: 1330.68
DSC_8352.JPG_min_y: 814.869
