4.837483920442459784e+00 1.531365679713912131e+00 -4.350514185349312356e+03
-1.166761001633255912e+00 6.994365006517146988e+00 -1.901442798739367618e+03
-2.793145398585180402e-04 3.135141046444368893e-03 1.000000000000000000e+00
DSC_8242.JPG_max_x: 1317.78
DSC_8242.JPG_min_x: 470.094
DSC_8242.JPG_max_y: 1797.25
DSC_8242.JPG_min_y: 585.075
DSC_8324.JPG_max_x: 1013.7
DSC_8324.JPG_min_x: 20.5983
DSC_8324.JPG_max_y: 1901.3
DSC_8324.JPG_min_y: 524.883
