1.218942926190296872e+00 3.006803806461729248e-02 -1.376711765319859978e+03
-5.000399760567268703e-02 1.195197677947196224e+00 2.217314868242699433e+01
1.185534928132634790e-04 1.401854112990461523e-05 1.000000000000000000e+00
DSC_8350.JPG_max_x: 1321.09
DSC_8350.JPG_min_x: 1105.79
DSC_8350.JPG_max_y: 1492.22
DSC_8350.JPG_min_y: 787.669
DSC_8352.JPG_max_x: 233.947
DSC_8352.JPG_min_x: 11.8002
DSC_8352.JPG_max_y: 1500.64
DSC_8352.JPG_min_y: 782.959
