-3.094967944269459426e-01 -4.336866621555653944e-01 7.004650541278430183e+02
-3.494498153141925023e-01 -5.421360726890648296e-01 8.245212675778097946e+02
-7.668525866899763817e-04 -6.160700844414527741e-04 1.000000000000000000e+00
DSC_8238.JPG_max_x: 1316.1
DSC_8238.JPG_min_x: 188.288
DSC_8238.JPG_max_y: 1662.33
DSC_8238.JPG_min_y: 912.94
DSC_8445.JPG_max_x: 526.584
DSC_8445.JPG_min_x: 131.514
DSC_8445.JPG_max_y: 818.97
DSC_8445.JPG_min_y: 130.563
