3.850849084075161910e-01 -3.587466330217519705e-01 2.738564372502310107e+02
-1.541570937325338064e-01 -8.251011595291081191e-01 1.144084965272237923e+03
-1.011203205161463462e-04 -7.532933672077564294e-04 1.000000000000000000e+00
DSC_8364.JPG_max_x: 544.856
DSC_8364.JPG_min_x: 374.15
DSC_8364.JPG_max_y: 1392.96
DSC_8364.JPG_min_y: 1067.89
DSC_8464.JPG_max_x: 872.965
DSC_8464.JPG_min_x: 24.1371
DSC_8464.JPG_max_y: 1892.27
DSC_8464.JPG_min_y: 1112.81
