-1.685902150339506911e-01 -5.543157634777831078e-01 7.348672003004548969e+02
3.232346925419868899e-01 -1.492403129892309055e+00 1.534546940155437369e+03
4.872660756471033070e-04 -1.362362876420197691e-03 1.000000000000000000e+00
DSC_8338.JPG_max_x: 1234.45
DSC_8338.JPG_min_x: 275.046
DSC_8338.JPG_max_y: 1843.22
DSC_8338.JPG_min_y: 1327.25
DSC_8383.JPG_max_x: 836.682
DSC_8383.JPG_min_x: 165.685
DSC_8383.JPG_max_y: 948.361
DSC_8383.JPG_min_y: 484.1
