-4.502212632653505864e+01 -2.709859075492313707e+01 3.681566106418802519e+04
-9.222446211803068117e-01 -5.518139719245322539e+01 5.759236851313528314e+04
-2.548555796474963765e-03 -3.359810718848622868e-02 1.000000000000000000e+00
DSC_8338.JPG_max_x: 1247.49
DSC_8338.JPG_min_x: 71.4009
DSC_8338.JPG_max_y: 1834.54
DSC_8338.JPG_min_y: 1267.07
DSC_8413.JPG_max_x: 1134.58
DSC_8413.JPG_min_x: 43.1954
DSC_8413.JPG_max_y: 703.22
DSC_8413.JPG_min_y: 300.577
