3.858228657963189701e-01 -9.260387133974481433e-01 4.318449890540223919e+02
1.501062587699129480e+00 -3.316375187450266715e+00 1.522812380673718962e+03
7.849571511483992162e-04 -2.115907234173612563e-03 1.000000000000000000e+00
DSC_8199.JPG_max_x: 723.813
DSC_8199.JPG_min_x: 110.341
DSC_8199.JPG_max_y: 860.441
DSC_8199.JPG_min_y: 230.352
DSC_8362.JPG_max_x: 562.744
DSC_8362.JPG_min_x: 279.248
DSC_8362.JPG_max_y: 1833.12
DSC_8362.JPG_min_y: 975.983
