3.036977137150919770e+00 7.030036555925918140e-01 -1.716275206470590774e+03
-3.060463988414968695e-01 3.578757075161014267e+00 -2.985087908368607259e+03
-4.313714538423074857e-04 1.027108318865100657e-03 1.000000000000000000e+00
DSC_8298.JPG_max_x: 1051.85
DSC_8298.JPG_min_x: 341.618
DSC_8298.JPG_max_y: 1705.68
DSC_8298.JPG_min_y: 952.758
DSC_8439.JPG_max_x: 1217.41
DSC_8439.JPG_min_x: 23.754
DSC_8439.JPG_max_y: 1213.13
DSC_8439.JPG_min_y: 111.105
