6.404109299185792858e-01 2.431610888851776231e-02 -4.079490071237266591e+01
2.259957891132822472e-01 7.569007072100262246e-01 6.311048583480762773e+02
1.868170320657832261e-04 1.251719595309537547e-04 9.999999999999998890e-01
DSC_8254.JPG_max_x: 1307.71
DSC_8254.JPG_min_x: 436.05
DSC_8254.JPG_max_y: 1607.58
DSC_8254.JPG_min_y: 1032.42
DSC_8396.JPG_max_x: 594.93
DSC_8396.JPG_min_x: 218.451
DSC_8396.JPG_max_y: 1481.99
DSC_8396.JPG_min_y: 1246.39
