2.436564823336302421e+00 1.569354488061584840e+00 1.182272149274637741e+03
-2.320787268965549821e-01 5.466929210579889009e+00 -7.298287287834398740e+03
-1.708570813887314499e-03 2.189247008971280384e-03 1.000000000000000000e+00
DSC_8368.JPG_max_x: 523.761
DSC_8368.JPG_min_x: 16.7754
DSC_8368.JPG_max_y: 1723.91
DSC_8368.JPG_min_y: 1490.95
DSC_8381.JPG_max_x: 1329.75
DSC_8381.JPG_min_x: 836.296
DSC_8381.JPG_max_y: 510.085
DSC_8381.JPG_min_y: 210.849
