-6.106207099647600334e-01 -2.588676062475354644e-01 7.368556564494965642e+02
-9.508456595936549682e-01 -5.106717809993602808e-01 1.244970865976152936e+03
-8.270404695498233087e-04 -3.661503089436849074e-04 9.999999999999998890e-01
DSC_8398.JPG_max_x: 929.998
DSC_8398.JPG_min_x: 399.551
DSC_8398.JPG_max_y: 1346.1
DSC_8398.JPG_min_y: 1011.48
DSC_8470.JPG_max_x: 837.829
DSC_8470.JPG_min_x: 311.773
DSC_8470.JPG_max_y: 1600.86
DSC_8470.JPG_min_y: 1045.69
