9.466369035319310843e-01 1.156458450322443987e-01 -8.466236003426407706e+02
-2.131762598391450103e-01 1.758294679460407073e+00 -1.539200200619667612e+03
-4.966631572149909695e-04 2.269212699025703096e-04 1.000000000000000000e+00
DSC_8230.JPG_max_x: 1251.56
DSC_8230.JPG_min_x: 819.569
DSC_8230.JPG_max_y: 1836.85
DSC_8230.JPG_min_y: 1022.43
DSC_8407.JPG_max_x: 714.38
DSC_8407.JPG_min_x: 57.8718
DSC_8407.JPG_max_y: 1508.36
DSC_8407.JPG_min_y: 15.3563
