1.757776639700934229e+00 -2.463127433370502703e-02 -1.670758284866340773e+03
1.385856453063484706e+00 1.616789673530376392e+00 -4.091459058422336739e+02
1.273247945814081055e-03 8.558943560585386117e-05 1.000000000000000000e+00
DSC_8238.JPG_max_x: 1305.53
DSC_8238.JPG_min_x: 975.161
DSC_8238.JPG_max_y: 1490.64
DSC_8238.JPG_min_y: 728.463
DSC_8428.JPG_max_x: 217.797
DSC_8428.JPG_min_x: 4.60722
DSC_8428.JPG_max_y: 1374.24
DSC_8428.JPG_min_y: 938.152
