1.186887571948530423e-01 -6.759805283256924147e-02 5.926273272680530226e+02
-3.959073002065811031e-01 5.527564281565802151e-01 7.865360636916398107e+02
-3.335159223903662296e-04 3.944412784890341745e-05 1.000000000000000000e+00
DSC_8306.JPG_max_x: 1301.97
DSC_8306.JPG_min_x: 250.732
DSC_8306.JPG_max_y: 1402.83
DSC_8306.JPG_min_y: 601.012
DSC_8396.JPG_max_x: 1169.65
DSC_8396.JPG_min_x: 541.637
DSC_8396.JPG_max_y: 1599.55
DSC_8396.JPG_min_y: 1056.58
