1.543179660038724865e-01 -1.309727282027468021e-01 6.956830154928073853e+02
-3.911449035298696086e-02 6.955259589719201552e-01 -4.974829023688685226e+01
-3.759167420575121278e-04 1.697603692914484148e-04 1.000000000000000000e+00
DSC_8307.JPG_max_x: 1240.32
DSC_8307.JPG_min_x: 269.86
DSC_8307.JPG_max_y: 738.86
DSC_8307.JPG_min_y: 199.038
DSC_8353.JPG_max_x: 1295.66
DSC_8353.JPG_min_x: 645.059
DSC_8353.JPG_max_y: 595.67
DSC_8353.JPG_min_y: 81.8559
