1.168163764954776446e-02 -1.486601749332136235e-01 1.569974789614519182e+02
1.014944686601733786e-01 -5.067434001832707979e-01 4.680536357051065011e+02
1.140389697596056340e-04 -9.765266505440177653e-04 9.999999999999998890e-01
DSC_8306.JPG_max_x: 1302.32
DSC_8306.JPG_min_x: 460.468
DSC_8306.JPG_max_y: 1600.34
DSC_8306.JPG_min_y: 1099.39
DSC_8455.JPG_max_x: 284.076
DSC_8455.JPG_min_x: 9.261
DSC_8455.JPG_max_y: 1651.04
DSC_8455.JPG_min_y: 331.531
