-1.891324156989802718e+00 1.642668380158033015e-01 1.243169695554677673e+03
-2.809619393511081586e+00 -3.115562250546006773e-01 2.309665923519590706e+03
-1.717444388160711084e-03 1.967723386998151351e-04 1.000000000000000000e+00
DSC_8298.JPG_max_x: 1318.37
DSC_8298.JPG_min_x: 759.458
DSC_8298.JPG_max_y: 1162.43
DSC_8298.JPG_min_y: 664.578
DSC_8404.JPG_max_x: 951.311
DSC_8404.JPG_min_x: 271.764
DSC_8404.JPG_max_y: 1865.37
DSC_8404.JPG_min_y: 796.214
