1.702172744153801043e+00 9.181786423657323226e-02 2.008887572650112077e+02
1.977329029625021078e-03 2.099609707062450870e+00 -8.971189822162081384e+01
-7.303981348079214946e-04 7.095237815425879061e-04 1.000000000000000000e+00
DSC_8377.JPG_max_x: 678.768
DSC_8377.JPG_min_x: 130.742
DSC_8377.JPG_max_y: 876.3
DSC_8377.JPG_min_y: 37.3033
DSC_8421.JPG_max_x: 1081.1
DSC_8421.JPG_min_x: 343.079
DSC_8421.JPG_max_y: 1726.87
DSC_8421.JPG_min_y: 42.7709
