3.527973480811157803e+00 -3.407543026911644124e-02 -1.544211117542700549e+03
4.685406900412625308e-02 3.347061873590570169e+00 -1.921396728941920628e+03
8.828917520584041731e-05 -8.562041403399309506e-05 9.999999999999998890e-01
DSC_8236.JPG_max_x: 807.417
DSC_8236.JPG_min_x: 484.632
DSC_8236.JPG_max_y: 996.085
DSC_8236.JPG_min_y: 652.339
DSC_8284.JPG_max_x: 1276.44
DSC_8284.JPG_min_x: 139.655
DSC_8284.JPG_max_y: 1497.07
DSC_8284.JPG_min_y: 292.295
