3.793952635440358989e+00 -2.502296416603925877e+00 1.437488576337388167e+03
5.225072276751288491e+00 -3.505440733472870996e+00 2.060758926723722652e+03
3.671211284048314562e-03 -2.165565796223224877e-03 1.000000000000000000e+00
DSC_8354.JPG_max_x: 819.545
DSC_8354.JPG_min_x: 8.73949
DSC_8354.JPG_max_y: 1751.32
DSC_8354.JPG_min_y: 877.527
DSC_8444.JPG_max_x: 1266.01
DSC_8444.JPG_min_x: 628.624
DSC_8444.JPG_max_y: 1544.98
DSC_8444.JPG_min_y: 955.567
