2.689233052675596536e+00 1.203228074693776684e+00 -2.890242218194380257e+03
-4.357659597970736653e-02 3.804904452104852286e+00 -4.569898994374106223e+03
-1.003024515189249128e-04 1.413702619973171946e-03 1.000000000000000000e+00
DSC_8232.JPG_max_x: 908.96
DSC_8232.JPG_min_x: 463.018
DSC_8232.JPG_max_y: 1831.68
DSC_8232.JPG_min_y: 1229.6
DSC_8265.JPG_max_x: 466.854
DSC_8265.JPG_min_x: 95.339
DSC_8265.JPG_max_y: 675.749
DSC_8265.JPG_min_y: 32.8221
