2.279544704592137983e+00 4.751066348485050855e-02 -1.484146723402700673e+03
1.034029263746337302e+00 1.602475701814628062e+00 -6.319908909763738620e+02
1.114012220088083770e-03 -4.549440157599729707e-05 1.000000000000000000e+00
DSC_8234.JPG_max_x: 1308.26
DSC_8234.JPG_min_x: 829.667
DSC_8234.JPG_max_y: 1814.99
DSC_8234.JPG_min_y: 735.63
DSC_8350.JPG_max_x: 676.404
DSC_8350.JPG_min_x: 243.122
DSC_8350.JPG_max_y: 1522.41
DSC_8350.JPG_min_y: 766.241
