7.182296092796446318e-01 8.691791427639160295e-02 3.412955506179287113e+02
2.560568031914817744e-01 4.029857158517324844e-01 1.237811456028655812e+03
1.724957981391011370e-04 -7.760039769926680450e-05 1.000000000000000000e+00
DSC_8209.JPG_max_x: 1294.59
DSC_8209.JPG_min_x: 128.585
DSC_8209.JPG_max_y: 865.283
DSC_8209.JPG_min_y: 334.264
DSC_8428.JPG_max_x: 1133.91
DSC_8428.JPG_min_x: 499.714
DSC_8428.JPG_max_y: 1674.04
DSC_8428.JPG_min_y: 1419.15
