1.765435437124721396e+00 4.891580871047149226e-01 -7.647550776645941824e+02
-5.966498303654251684e-02 3.131328146084234376e+00 5.954131494790123043e+02
-2.043601153474910683e-05 1.083173532108587002e-03 1.000000000000000000e+00
DSC_8309.JPG_max_x: 1222.32
DSC_8309.JPG_min_x: 277.885
DSC_8309.JPG_max_y: 751.66
DSC_8309.JPG_min_y: 345.36
DSC_8324.JPG_max_x: 1080.23
DSC_8324.JPG_min_x: 15.067
DSC_8324.JPG_max_y: 1665.16
DSC_8324.JPG_min_y: 1218.89
