2.167083627717720340e+00 5.275921156999877626e-01 6.769928048144400634e+01
-2.112820068527565820e-01 2.703314894815644909e+00 -2.449968571438322670e+03
-3.292634818673937465e-04 5.993706223779643807e-04 9.999999999999998890e-01
DSC_8220.JPG_max_x: 563.769
DSC_8220.JPG_min_x: 5.38297
DSC_8220.JPG_max_y: 1538.11
DSC_8220.JPG_min_y: 949.606
DSC_8335.JPG_max_x: 1231.91
DSC_8335.JPG_min_x: 390.225
DSC_8335.JPG_max_y: 899.517
DSC_8335.JPG_min_y: 18.7436
