2.768260997797697964e+00 1.396856559306032475e+00 -1.572787386354658565e+03
-2.253125331626361638e-01 3.565840573295523175e+00 -2.977240079907127438e+03
-1.338895468786654725e-04 1.531584060908208495e-03 1.000000000000000000e+00
DSC_8352.JPG_max_x: 1070.66
DSC_8352.JPG_min_x: 21.1208
DSC_8352.JPG_max_y: 1500.64
DSC_8352.JPG_min_y: 1063.05
DSC_8415.JPG_max_x: 1147.81
DSC_8415.JPG_min_x: 142.026
DSC_8415.JPG_max_y: 720.613
DSC_8415.JPG_min_y: 254.729
