5.548691969371896127e-01 -2.330341514744433684e-01 -3.156844483080944030e+01
1.249272174419225820e-02 -4.611348190403758429e-01 1.236733807803877653e+03
-3.001835950622497014e-05 -6.242531859438932729e-04 9.999999999999998890e-01
DSC_8311.JPG_max_x: 1320.67
DSC_8311.JPG_min_x: 268.728
DSC_8311.JPG_max_y: 684.834
DSC_8311.JPG_min_y: 260.126
DSC_8476.JPG_max_x: 804.244
DSC_8476.JPG_min_x: 1.87317
DSC_8476.JPG_max_y: 1649.85
DSC_8476.JPG_min_y: 1440.99
