-1.813378555260063418e-01 -3.526426774617339170e-04 2.140528389686973298e+02
-3.602005251418272658e-01 3.884502033808717031e-02 3.926421661013945368e+02
-9.051339969040521696e-04 8.173956918123215980e-05 1.000000000000000000e+00
DSC_8259.JPG_max_x: 1300.35
DSC_8259.JPG_min_x: 435.458
DSC_8259.JPG_max_y: 977.229
DSC_8259.JPG_min_y: 426.953
DSC_8261.JPG_max_x: 372.677
DSC_8261.JPG_min_x: 35.0988
DSC_8261.JPG_max_y: 935.428
DSC_8261.JPG_min_y: 361.507
