-2.378182051891688076e+00 -2.476166551243187408e-01 3.002905259421895607e+03
-3.729124053481478018e+00 -1.779390757885117025e-01 3.471431598739065521e+03
-4.525709287773731215e-03 1.791273488790867717e-03 1.000000000000000000e+00
DSC_8454.JPG_max_x: 1315.97
DSC_8454.JPG_min_x: 566.971
DSC_8454.JPG_max_y: 1721.68
DSC_8454.JPG_min_y: 1287.84
DSC_8457.JPG_max_x: 974.875
DSC_8457.JPG_min_x: 22.3922
DSC_8457.JPG_max_y: 991.05
DSC_8457.JPG_min_y: 570.519
