1.588907267436169723e+00 -2.135242055331039446e-01 -7.455035800464133899e+01
1.715653294831518960e-01 1.258888994171712961e+00 -2.304017319227181986e+02
8.005391105350450254e-05 -2.449685111801017503e-04 1.000000000000000000e+00
DSC_8198.JPG_max_x: 700.068
DSC_8198.JPG_min_x: 164.993
DSC_8198.JPG_max_y: 1184.77
DSC_8198.JPG_min_y: 632.28
DSC_8418.JPG_max_x: 987.42
DSC_8418.JPG_min_x: 24.2192
DSC_8418.JPG_max_y: 1777.57
DSC_8418.JPG_min_y: 766.044
