-1.191359636435031177e+00 -7.576359990217462759e-01 1.238307184605951079e+03
-1.559086725375394611e+00 -6.133598538826843249e-01 1.356592934630906939e+03
-1.109364537762264243e-03 -5.540373854135684185e-04 9.999999999999998890e-01
DSC_8321.JPG_max_x: 689.13
DSC_8321.JPG_min_x: 13.5854
DSC_8321.JPG_max_y: 1096.74
DSC_8321.JPG_min_y: 626.456
DSC_8432.JPG_max_x: 1239.33
DSC_8432.JPG_min_x: 843.135
DSC_8432.JPG_max_y: 1765.61
DSC_8432.JPG_min_y: 977.972
