1.183101088745349555e-01 -1.176134683873787834e+00 1.328911171368732994e+03
-3.020839086702779563e-01 -7.144687706339813982e-01 9.785408954494517957e+02
-7.600272976407887308e-05 -8.359662064980156798e-04 1.000000000000000000e+00
DSC_8294.JPG_max_x: 732.048
DSC_8294.JPG_min_x: 10.2972
DSC_8294.JPG_max_y: 1220.07
DSC_8294.JPG_min_y: 663.182
DSC_8414.JPG_max_x: 1310.48
DSC_8414.JPG_min_x: 259.661
DSC_8414.JPG_max_y: 1519.3
DSC_8414.JPG_min_y: 1032.63
