5.441922428515817423e-01 -1.403775902290172427e-02 -5.301569160103272083e+01
3.432228647453227505e-02 4.194730963732978823e-01 2.786972289345624176e+02
-1.606106168262283272e-07 -1.122083131413553281e-04 1.000000000000000000e+00
DSC_8211.JPG_max_x: 1268.54
DSC_8211.JPG_min_x: 143.775
DSC_8211.JPG_max_y: 1412.93
DSC_8211.JPG_min_y: 364.642
DSC_8427.JPG_max_x: 655.358
DSC_8427.JPG_min_x: 19.9547
DSC_8427.JPG_max_y: 1059.75
DSC_8427.JPG_min_y: 479.371
