-1.873543328748434877e+00 -5.470562697743269753e-01 1.186468837652449793e+03
-2.584274420746028422e+00 -3.216282597875507743e-01 1.271772193406277438e+03
-1.759110366233760259e-03 -4.144227436610404191e-04 1.000000000000000000e+00
DSC_8257.JPG_max_x: 611.557
DSC_8257.JPG_min_x: 18.5744
DSC_8257.JPG_max_y: 990.917
DSC_8257.JPG_min_y: 291.463
DSC_8286.JPG_max_x: 1317.42
DSC_8286.JPG_min_x: 962.752
DSC_8286.JPG_max_y: 1741.77
DSC_8286.JPG_min_y: 1188.56
