1.106253332828563973e+00 -1.627070734428560650e-01 -4.294956734397197806e+01
-2.407553424680261220e-02 5.633049715104329058e-01 1.534274447279999322e+03
-2.021556473224037399e-05 -2.401381250924650970e-04 1.000000000000000000e+00
DSC_8217.JPG_max_x: 1092.14
DSC_8217.JPG_min_x: 599.345
DSC_8217.JPG_max_y: 404.618
DSC_8217.JPG_min_y: 2.76138
DSC_8346.JPG_max_x: 1227.28
DSC_8346.JPG_min_x: 629.691
DSC_8346.JPG_max_y: 1972.13
DSC_8346.JPG_min_y: 1539.24
