3.650725895301152324e+00 4.525645418438623557e-01 -1.077703359000155842e+03
4.296852918370187013e-01 3.214746530525370183e+00 -3.955640493570045692e+03
6.566408347860699154e-04 1.076276339898835999e-03 1.000000000000000000e+00
DSC_8212.JPG_max_x: 782.28
DSC_8212.JPG_min_x: 288.068
DSC_8212.JPG_max_y: 1994.88
DSC_8212.JPG_min_y: 1816.44
DSC_8213.JPG_max_x: 749.524
DSC_8213.JPG_min_x: 254.715
DSC_8213.JPG_max_y: 771.683
DSC_8213.JPG_min_y: 633.306
