6.701738471947781273e-01 -2.033012692057739046e-01 2.285597532676909509e+02
8.132848337835124619e-02 3.103487345059864899e-01 9.957779320295876460e+02
3.439138409816035820e-05 -2.676894416476977880e-04 1.000000000000000000e+00
DSC_8441.JPG_max_x: 1206.2
DSC_8441.JPG_min_x: 4.55726
DSC_8441.JPG_max_y: 1105.09
DSC_8441.JPG_min_y: 192.138
DSC_8476.JPG_max_x: 989.129
DSC_8476.JPG_min_x: 86.0453
DSC_8476.JPG_max_y: 1892.31
DSC_8476.JPG_min_y: 1143.01
