1.597610267476592627e+00 3.906587952357540305e-01 -4.661294025594040136e+02
-6.048419485976075372e-02 1.859234689008701924e+00 -1.672623353947321448e+03
8.407678564495661558e-05 5.227204861579825331e-04 1.000000000000000000e+00
DSC_8350.JPG_max_x: 1217.27
DSC_8350.JPG_min_x: 266.357
DSC_8350.JPG_max_y: 1875.53
DSC_8350.JPG_min_y: 936.258
DSC_8365.JPG_max_x: 1098.88
DSC_8365.JPG_min_x: 220.079
DSC_8365.JPG_max_y: 868.231
DSC_8365.JPG_min_y: 16.4948
