5.232411676706589798e-01 -2.430591732670140115e-01 5.109066736845261403e+02
8.475339889857666509e-02 2.577468042268665216e-01 4.823411996513229383e+01
3.143392072111795437e-04 -3.377077622547063193e-04 1.000000000000000000e+00
DSC_8305.JPG_max_x: 1197.65
DSC_8305.JPG_min_x: 377.495
DSC_8305.JPG_max_y: 1399.56
DSC_8305.JPG_min_y: 131.007
DSC_8417.JPG_max_x: 852.318
DSC_8417.JPG_min_x: 627.989
DSC_8417.JPG_max_y: 573.439
DSC_8417.JPG_min_y: 120.485
