4.255342013436479998e-01 -5.641758197921556972e-01 1.144046793514083674e+03
-1.864616384092468437e-01 7.888610777569554644e-01 -5.687775310999171552e+02
-5.032202908271041220e-04 2.887379648188840103e-05 1.000000000000000000e+00
DSC_8222.JPG_max_x: 778.737
DSC_8222.JPG_min_x: 164.392
DSC_8222.JPG_max_y: 1477.48
DSC_8222.JPG_min_y: 1129.72
DSC_8447.JPG_max_x: 1314.24
DSC_8447.JPG_min_x: 509.207
DSC_8447.JPG_max_y: 689.67
DSC_8447.JPG_min_y: 285.212
