1.010003936449094697e+00 7.600395028131639620e-03 2.836061936222423583e+02
1.272138652978166418e-01 7.154817540151977573e-01 4.662487146801018412e+02
8.583561182735567261e-05 -5.998851337880325665e-05 1.000000000000000000e+00
DSC_8202.JPG_max_x: 1089.04
DSC_8202.JPG_min_x: 40.3141
DSC_8202.JPG_max_y: 1473.34
DSC_8202.JPG_min_y: 659.547
DSC_8366.JPG_max_x: 1330.53
DSC_8366.JPG_min_x: 376.078
DSC_8366.JPG_max_y: 1657.21
DSC_8366.JPG_min_y: 1020.34
