5.017643730463920981e-01 -1.085935519451739911e-01 9.488264486205859782e+01
6.284470249384107587e-01 -4.505305297523185537e-01 7.689603177709345800e+02
4.648808666034713100e-04 -7.248954912458266007e-04 1.000000000000000000e+00
DSC_8274.JPG_max_x: 1069.54
DSC_8274.JPG_min_x: 11.504
DSC_8274.JPG_max_y: 1208.08
DSC_8274.JPG_min_y: 594.751
DSC_8428.JPG_max_x: 1087.14
DSC_8428.JPG_min_x: 28.9355
DSC_8428.JPG_max_y: 1511.98
DSC_8428.JPG_min_y: 938.152
