4.871263377963094832e-01 -2.701403286219822286e-01 5.494787423555492296e+02
-1.300307402890352459e-01 5.771649433958391251e-01 1.216471379999162536e+03
-1.824299551339909258e-04 -2.155565411034937728e-06 1.000000000000000000e+00
DSC_8323.JPG_max_x: 1228.57
DSC_8323.JPG_min_x: 196.434
DSC_8323.JPG_max_y: 936.0
DSC_8323.JPG_min_y: 130.541
DSC_8380.JPG_max_x: 1288.08
DSC_8380.JPG_min_x: 591.857
DSC_8380.JPG_max_y: 1964.26
DSC_8380.JPG_min_y: 1349.28
