6.048615736367364271e-01 -7.414864345571296755e-02 5.369377161825055822e+01
5.536916631940107941e-02 5.254280463287026581e-01 5.740018915855994237e+02
3.163280807455107121e-05 -5.659028862725355892e-05 1.000000000000000000e+00
DSC_8326.JPG_max_x: 1288.94
DSC_8326.JPG_min_x: 162.384
DSC_8326.JPG_max_y: 1855.65
DSC_8326.JPG_min_y: 885.689
DSC_8476.JPG_max_x: 763.421
DSC_8476.JPG_min_x: 36.2744
DSC_8476.JPG_max_y: 1716.89
DSC_8476.JPG_min_y: 1116.93
