7.388677936106647914e-01 -1.005346009989643435e-01 1.701545323404914996e+02
-1.481448029130507348e-02 5.591621193527124278e-01 1.024156841770345864e+03
-1.069039182885084858e-05 -1.442123055233555105e-04 1.000000000000000000e+00
DSC_8355.JPG_max_x: 1252.53
DSC_8355.JPG_min_x: 8.92951
DSC_8355.JPG_max_y: 1104.97
DSC_8355.JPG_min_y: 388.663
DSC_8394.JPG_max_x: 1186.27
DSC_8394.JPG_min_x: 158.033
DSC_8394.JPG_max_y: 1950.05
DSC_8394.JPG_min_y: 1315.12
