5.445937750503387909e-01 9.031696623657825551e-01 -1.581670842529756555e+03
-1.349941233678108865e-01 6.272146373798274110e-01 -4.092348858352328875e+02
-5.339635131639589548e-04 4.212630983602358718e-05 9.999999999999998890e-01
DSC_8198.JPG_max_x: 1309.57
DSC_8198.JPG_min_x: 782.704
DSC_8198.JPG_max_y: 1835.92
DSC_8198.JPG_min_y: 1017.23
DSC_8319.JPG_max_x: 904.574
DSC_8319.JPG_min_x: 48.7236
DSC_8319.JPG_max_y: 851.327
DSC_8319.JPG_min_y: 63.4736
