-2.912888735948540586e-01 -1.227339726224381533e-01 3.273102723382730233e+02
-5.553160728464755502e-01 -3.587811914130141222e-01 5.988485106196543484e+02
-1.231854022884721137e-03 -6.485557380822088019e-06 9.999999999999998890e-01
DSC_8275.JPG_max_x: 1278.47
DSC_8275.JPG_min_x: 645.075
DSC_8275.JPG_max_y: 973.697
DSC_8275.JPG_min_y: 161.317
DSC_8277.JPG_max_x: 1258.77
DSC_8277.JPG_min_x: 8.54373
DSC_8277.JPG_max_y: 995.32
DSC_8277.JPG_min_y: 162.942
