-8.833593359141767021e-01 3.740682816543033362e-01 5.426027743380777792e+02
-4.684034529055509100e-01 1.615880515810037554e-01 3.008526150587614438e+02
-1.727366750919637596e-03 8.831027203228988516e-04 1.000000000000000000e+00
DSC_8283.JPG_max_x: 1290.36
DSC_8283.JPG_min_x: 761.451
DSC_8283.JPG_max_y: 636.116
DSC_8283.JPG_min_y: 126.406
DSC_8365.JPG_max_x: 904.443
DSC_8365.JPG_min_x: 370.616
DSC_8365.JPG_max_y: 324.11
DSC_8365.JPG_min_y: 60.1466
