1.486479861304205174e-01 1.362170501403791867e-01 6.569462029979982844e+02
-7.955258792311263594e-02 7.317131919164366893e-01 1.624681805851299714e+02
-3.295978636169297551e-04 8.387385212232780580e-05 1.000000000000000000e+00
DSC_8207.JPG_max_x: 725.123
DSC_8207.JPG_min_x: 115.05
DSC_8207.JPG_max_y: 1561.12
DSC_8207.JPG_min_y: 283.783
DSC_8211.JPG_max_x: 1155.12
DSC_8211.JPG_min_x: 764.842
DSC_8211.JPG_max_y: 1417.16
DSC_8211.JPG_min_y: 377.72
