2.956508966676022698e+00 9.254673178983855442e-01 -1.246419081937969850e+03
-1.280291882266997028e-01 3.493274474093983173e+00 -4.043320779822796339e+03
-4.001647332115063608e-05 1.158277804995446261e-03 1.000000000000000000e+00
DSC_8378.JPG_max_x: 1163.99
DSC_8378.JPG_min_x: 25.2983
DSC_8378.JPG_max_y: 1674.28
DSC_8378.JPG_min_y: 1181.79
DSC_8399.JPG_max_x: 1311.02
DSC_8399.JPG_min_x: 79.4643
DSC_8399.JPG_max_y: 591.245
DSC_8399.JPG_min_y: 10.147
