8.223140633413684730e-01 -2.590840464549092337e-01 5.943038285284874291e+02
-4.269497121223328473e-01 1.036041872689879906e+00 -4.603663843389517041e+01
-4.936355183086693936e-04 -2.380058221543764921e-06 1.000000000000000000e+00
DSC_8294.JPG_max_x: 690.214
DSC_8294.JPG_min_x: 10.2972
DSC_8294.JPG_max_y: 1261.89
DSC_8294.JPG_min_y: 663.182
DSC_8322.JPG_max_x: 1304.73
DSC_8322.JPG_min_x: 345.799
DSC_8322.JPG_max_y: 1401.82
DSC_8322.JPG_min_y: 610.462
