1.041681079104435081e+00 1.530838454194012321e-01 5.722276390063471041e+01
3.321876088427794804e-01 8.761104434199917801e-01 1.321655557505560182e+03
1.823321904483339443e-04 4.421237146091668427e-06 1.000000000000000000e+00
DSC_8291.JPG_max_x: 1304.06
DSC_8291.JPG_min_x: 856.834
DSC_8291.JPG_max_y: 763.038
DSC_8291.JPG_min_y: 233.179
DSC_8470.JPG_max_x: 1235.14
DSC_8470.JPG_min_x: 915.879
DSC_8470.JPG_max_y: 1954.32
DSC_8470.JPG_min_y: 1579.71
