-1.993857581951768709e-01 -2.130317022794056270e-01 4.038798204935342255e+02
-2.378574472866396283e-01 -2.522623549351538652e-01 4.614685002032327361e+02
-5.482078672748879646e-04 -5.590229444639463431e-04 1.000000000000000000e+00
DSC_8256.JPG_max_x: 1249.95
DSC_8256.JPG_min_x: 90.5575
DSC_8256.JPG_max_y: 1639.79
DSC_8256.JPG_min_y: 1101.57
DSC_8445.JPG_max_x: 1082.93
DSC_8445.JPG_min_x: 75.3746
DSC_8445.JPG_max_y: 781.663
DSC_8445.JPG_min_y: 300.612
