-9.655905745839526988e-01 -2.665895068313290373e-01 6.792742573172121183e+02
-1.415840045264267655e+00 -2.457250618849732060e+00 1.706665481097471229e+03
-1.101741256886312401e-03 -1.217123782296195564e-03 1.000000000000000000e+00
DSC_8263.JPG_max_x: 1306.05
DSC_8263.JPG_min_x: 50.9659
DSC_8263.JPG_max_y: 881.528
DSC_8263.JPG_min_y: 267.622
DSC_8278.JPG_max_x: 844.701
DSC_8278.JPG_min_x: 30.8785
DSC_8278.JPG_max_y: 1663.52
DSC_8278.JPG_min_y: 998.461
