7.275193360495127437e-02 3.016338953327307379e-02 4.326146090548813277e+02
-5.331728345991617601e-01 1.249726838861793698e+00 1.160159308673157739e+03
-4.428621875182729120e-04 4.898274163160495302e-04 1.000000000000000000e+00
DSC_8307.JPG_max_x: 1218.34
DSC_8307.JPG_min_x: 260.848
DSC_8307.JPG_max_y: 754.977
DSC_8307.JPG_min_y: 209.762
DSC_8380.JPG_max_x: 816.915
DSC_8380.JPG_min_x: 403.211
DSC_8380.JPG_max_y: 1733.13
DSC_8380.JPG_min_y: 1303.84
