1.084678476314888451e+00 -9.960762344066678708e-02 -7.882081565303444393e+01
2.737601494527288626e-01 8.523835612588347432e-01 1.941085155085305871e+02
2.276378319812198822e-04 -9.194099510059410626e-05 1.000000000000000000e+00
DSC_8318.JPG_max_x: 1295.26
DSC_8318.JPG_min_x: 137.835
DSC_8318.JPG_max_y: 1769.67
DSC_8318.JPG_min_y: 472.424
DSC_8448.JPG_max_x: 1022.09
DSC_8448.JPG_min_x: 8.19525
DSC_8448.JPG_max_y: 1916.89
DSC_8448.JPG_min_y: 707.82
