8.384351734045161764e-02 -9.284185261905580910e-01 1.223058901082400553e+03
2.885592852395245378e-02 -8.237425175471070338e-01 1.211722173881176559e+03
3.612394781140869653e-05 -7.033603849615198975e-04 1.000000000000000000e+00
DSC_8308.JPG_max_x: 956.656
DSC_8308.JPG_min_x: 32.8358
DSC_8308.JPG_max_y: 1353.36
DSC_8308.JPG_min_y: 721.999
DSC_8380.JPG_max_x: 1101.29
DSC_8380.JPG_min_x: 329.436
DSC_8380.JPG_max_y: 1575.75
DSC_8380.JPG_min_y: 1099.93
