1.386914150389423561e+00 1.973199109309759502e-01 1.338110066398114668e+02
1.658678248325697047e-02 3.215798089552697636e+00 -2.899616587227462333e+03
-8.860152855310433418e-04 8.014205757281712538e-04 1.000000000000000000e+00
DSC_8262.JPG_max_x: 1012.45
DSC_8262.JPG_min_x: 292.568
DSC_8262.JPG_max_y: 1790.42
DSC_8262.JPG_min_y: 899.917
DSC_8425.JPG_max_x: 1314.09
DSC_8425.JPG_min_x: 455.156
DSC_8425.JPG_max_y: 1886.12
DSC_8425.JPG_min_y: 19.2135
