3.843129896729430839e-01 -1.914745137554278720e-01 4.911547695341192252e+02
-2.330214104217833149e-01 1.341126804990337706e-01 1.467326284029938961e+03
-1.496042713496995046e-04 -2.282368720647354350e-04 1.000000000000000000e+00
DSC_8287.JPG_max_x: 1261.61
DSC_8287.JPG_min_x: 188.702
DSC_8287.JPG_max_y: 847.099
DSC_8287.JPG_min_y: 37.3282
DSC_8466.JPG_max_x: 1272.75
DSC_8466.JPG_min_x: 578.681
DSC_8466.JPG_max_y: 1982.26
DSC_8466.JPG_min_y: 1476.38
