7.040581137299029013e-01 1.340513567702008579e-01 -5.490278169602363505e+02
-1.708208084633895951e-01 7.540744802197876240e-01 -4.099045907105220294e+02
2.813456473335066333e-04 -9.508380593150684472e-05 1.000000000000000000e+00
DSC_8330.JPG_max_x: 1137.68
DSC_8330.JPG_min_x: 455.683
DSC_8330.JPG_max_y: 1933.51
DSC_8330.JPG_min_y: 1507.91
DSC_8363.JPG_max_x: 433.103
DSC_8363.JPG_min_x: 22.2926
DSC_8363.JPG_max_y: 957.599
DSC_8363.JPG_min_y: 457.989
