1.137758132300264124e+00 5.839836093350001499e-03 -2.080502548799279054e+02
-1.809303291074719489e-01 1.322664709931115734e+00 -1.724647124923319836e+02
-1.754336700834041682e-04 1.261843896602968582e-06 1.000000000000000000e+00
DSC_8246.JPG_max_x: 1109.15
DSC_8246.JPG_min_x: 338.742
DSC_8246.JPG_max_y: 1243.98
DSC_8246.JPG_min_y: 476.553
DSC_8328.JPG_max_x: 1318.85
DSC_8328.JPG_min_x: 188.731
DSC_8328.JPG_max_y: 1563.59
DSC_8328.JPG_min_y: 406.528
