6.204133002317240297e-01 -5.084007767858761406e-02 -9.794898006858194606e+01
-4.766065871508472218e-02 9.649376245968072086e-01 1.031338663171594590e+02
-2.123647571265810093e-04 1.794819435888511498e-04 1.000000000000000000e+00
DSC_8233.JPG_max_x: 1172.9
DSC_8233.JPG_min_x: 318.909
DSC_8233.JPG_max_y: 1096.11
DSC_8233.JPG_min_y: 145.829
DSC_8265.JPG_max_x: 703.445
DSC_8265.JPG_min_x: 17.5958
DSC_8265.JPG_max_y: 1150.45
DSC_8265.JPG_min_y: 255.071
