5.615222432676942432e+00 -4.648411938855262271e+00 2.189191705530087688e+02
-1.141982612757470150e+00 -7.800939891632526546e+00 7.936784163627111411e+03
6.434007695971226230e-03 -5.961510945201184408e-03 1.000000000000000000e+00
DSC_8252.JPG_max_x: 644.204
DSC_8252.JPG_min_x: 8.57492
DSC_8252.JPG_max_y: 1957.35
DSC_8252.JPG_min_y: 955.931
DSC_8335.JPG_max_x: 1024.97
DSC_8335.JPG_min_x: 771.834
DSC_8335.JPG_max_y: 809.208
DSC_8335.JPG_min_y: 2.53289
