2.195746307547434384e+00 2.262035213726555638e-01 -3.551244617615433867e+02
4.192897761054457662e-01 1.485363730319185338e+00 -4.022426804551588475e+02
5.845990541498251314e-04 1.322444621574642653e-04 1.000000000000000000e+00
DSC_8222.JPG_max_x: 1177.33
DSC_8222.JPG_min_x: 173.595
DSC_8222.JPG_max_y: 1348.64
DSC_8222.JPG_min_y: 788.728
DSC_8292.JPG_max_x: 1324.68
DSC_8292.JPG_min_x: 259.458
DSC_8292.JPG_max_y: 1287.41
DSC_8292.JPG_min_y: 707.219
