9.617170509271041334e-01 -2.064828193354273644e-01 9.772471642414413964e+02
4.037699346743067186e-01 1.014098967616211988e+00 1.169816084236416145e+03
1.139577250525866209e-04 1.141875532636815418e-04 1.000000000000000000e+00
DSC_8297.JPG_max_x: 365.106
DSC_8297.JPG_min_x: 56.7834
DSC_8297.JPG_max_y: 604.355
DSC_8297.JPG_min_y: 119.296
DSC_8474.JPG_max_x: 1248.64
DSC_8474.JPG_min_x: 883.03
DSC_8474.JPG_max_y: 1691.05
DSC_8474.JPG_min_y: 1338.28
