4.145385727895123940e-01 -1.472378006647509396e+00 9.028856708491781546e+02
1.823544690966482362e-01 -1.616404740927823935e+00 1.252551768224942180e+03
-5.575846514363656998e-05 -1.222852098140134441e-03 1.000000000000000000e+00
DSC_8277.JPG_max_x: 613.388
DSC_8277.JPG_min_x: 229.525
DSC_8277.JPG_max_y: 697.705
DSC_8277.JPG_min_y: 232.794
DSC_8474.JPG_max_x: 1178.74
DSC_8474.JPG_min_x: 207.831
DSC_8474.JPG_max_y: 1521.87
DSC_8474.JPG_min_y: 1290.84
