-3.633733426504541342e+01 -8.388755999968394050e+00 1.360362174921380392e+04
-3.100220115637290427e-02 -4.504463429364800220e+01 4.307700011118002294e+04
8.402208313073930698e-04 -1.544261809105628401e-02 1.000000000000000000e+00
DSC_8248.JPG_max_x: 615.788
DSC_8248.JPG_min_x: 84.3638
DSC_8248.JPG_max_y: 1673.0
DSC_8248.JPG_min_y: 969.265
DSC_8421.JPG_max_x: 1004.38
DSC_8421.JPG_min_x: 18.6755
DSC_8421.JPG_max_y: 1321.47
DSC_8421.JPG_min_y: 48.8728
