1.381827451792444705e+00 -6.658082640032768340e-02 2.705694202450214192e+01
-6.133403903774797827e-02 1.237584142887735439e+00 -1.417673636285788916e+02
-2.278424451566504042e-05 -1.403338267792893722e-04 1.000000000000000000e+00
DSC_8196.JPG_max_x: 772.076
DSC_8196.JPG_min_x: 197.661
DSC_8196.JPG_max_y: 1347.15
DSC_8196.JPG_min_y: 609.058
DSC_8374.JPG_max_x: 1170.35
DSC_8374.JPG_min_x: 275.781
DSC_8374.JPG_max_y: 1864.83
DSC_8374.JPG_min_y: 632.371
