-1.062035562075223094e+00 -2.848139317664496462e-01 1.515615145287776841e+03
-2.309401806971418392e+00 1.494097289365880349e-02 1.931198424623603387e+03
-3.036096227468320068e-03 1.031823861220849264e-03 9.999999999999998890e-01
DSC_8308.JPG_max_x: 1310.68
DSC_8308.JPG_min_x: 614.813
DSC_8308.JPG_max_y: 1731.44
DSC_8308.JPG_min_y: 1219.69
DSC_8457.JPG_max_x: 1123.93
DSC_8457.JPG_min_x: 22.3922
DSC_8457.JPG_max_y: 1202.13
DSC_8457.JPG_min_y: 570.519
