2.202250827981289660e+01 -1.323804442562203976e+00 -1.468762031966038194e+04
1.746098843529053113e+01 1.920550843860004875e+01 -1.849125497503076622e+04
1.462946436117006435e-02 -2.320096284625019524e-03 1.000000000000000000e+00
DSC_8334.JPG_max_x: 1289.2
DSC_8334.JPG_min_x: 749.779
DSC_8334.JPG_max_y: 1195.58
DSC_8334.JPG_min_y: 751.851
DSC_8470.JPG_max_x: 697.224
DSC_8470.JPG_min_x: 79.913
DSC_8470.JPG_max_y: 1767.0
DSC_8470.JPG_min_y: 883.551
