4.160827245888668036e-01 -2.839949595122835957e-01 7.749334313161463115e+02
-4.261357186575144285e-01 6.346256761607416141e-01 2.031336156297965942e+02
-4.296832186851883245e-04 -1.938249445711771272e-04 9.999999999999998890e-01
DSC_8260.JPG_max_x: 434.176
DSC_8260.JPG_min_x: 26.3118
DSC_8260.JPG_max_y: 1304.67
DSC_8260.JPG_min_y: 531.143
DSC_8324.JPG_max_x: 1088.55
DSC_8324.JPG_min_x: 511.579
DSC_8324.JPG_max_y: 1445.54
DSC_8324.JPG_min_y: 472.246
