1.344542681745462653e+00 1.441627434860971169e-01 -2.454682919055750574e+02
-1.224344509602449116e-01 1.547118008201971096e+00 -1.608218371772946512e+03
-1.950506335287465777e-04 1.410727683983355543e-04 1.000000000000000000e+00
DSC_8252.JPG_max_x: 901.717
DSC_8252.JPG_min_x: 62.5259
DSC_8252.JPG_max_y: 1985.89
DSC_8252.JPG_min_y: 1687.92
DSC_8269.JPG_max_x: 1143.05
DSC_8269.JPG_min_x: 92.9953
DSC_8269.JPG_max_y: 1193.21
DSC_8269.JPG_min_y: 847.673
