-9.729116802523828378e-01 -1.202621557975106920e-01 1.176157056935768196e+03
-1.197202650495182985e-01 -2.716306060628202457e-01 3.969200225737583310e+02
-7.702062740002933250e-04 -1.711967268642660745e-04 1.000000000000000000e+00
DSC_8218.JPG_max_x: 1191.19
DSC_8218.JPG_min_x: 86.6423
DSC_8218.JPG_max_y: 1161.97
DSC_8218.JPG_min_y: 898.267
DSC_8469.JPG_max_x: 1281.61
DSC_8469.JPG_min_x: 854.655
DSC_8469.JPG_max_y: 849.714
DSC_8469.JPG_min_y: 180.329
