6.321308887512242514e-01 -2.340035089773756793e-01 -8.913227811062327532e+01
1.557404887520211501e-01 5.493845419087941412e-02 1.140400588913700403e+03
8.578965486104612862e-05 -3.398605328778906733e-04 1.000000000000000000e+00
DSC_8337.JPG_max_x: 1285.24
DSC_8337.JPG_min_x: 433.27
DSC_8337.JPG_max_y: 736.005
DSC_8337.JPG_min_y: 175.845
DSC_8396.JPG_max_x: 638.792
DSC_8396.JPG_min_x: 28.3563
DSC_8396.JPG_max_y: 1578.52
DSC_8396.JPG_min_y: 1258.09
