8.255781706546638787e+00 4.863308949334230746e-01 -3.996649363505320252e+03
8.686963500811424765e+00 1.113136389624415079e+00 1.139777506527201695e+03
6.675887752489071195e-03 -1.300108888743137583e-03 1.000000000000000000e+00
DSC_8267.JPG_max_x: 1295.49
DSC_8267.JPG_min_x: 1008.5
DSC_8267.JPG_max_y: 1169.69
DSC_8267.JPG_min_y: 133.697
DSC_8416.JPG_max_x: 865.896
DSC_8416.JPG_min_x: 586.082
DSC_8416.JPG_max_y: 1756.72
DSC_8416.JPG_min_y: 1321.48
