1.167285759271546874e+00 1.091973934789428752e-01 1.006781034459277180e+02
-3.615007157954012729e-01 1.192538047647042854e+00 -1.337600000534287119e+02
-1.393347442685501287e-04 -1.018445069963783747e-04 9.999999999999998890e-01
DSC_8396.JPG_max_x: 638.792
DSC_8396.JPG_min_x: 381.857
DSC_8396.JPG_max_y: 1466.04
DSC_8396.JPG_min_y: 1052.27
DSC_8466.JPG_max_x: 1291.14
DSC_8466.JPG_min_x: 839.222
DSC_8466.JPG_max_y: 1824.26
DSC_8466.JPG_min_y: 1121.42
