5.541618124700924408e-01 -1.897360480058063736e-01 5.838108145582561974e+02
-5.075511110865705416e-02 9.597380332714450235e-02 1.416734556792104058e+03
-7.121402184791239308e-06 -2.498049865576060171e-04 1.000000000000000000e+00
DSC_8237.JPG_max_x: 1017.71
DSC_8237.JPG_min_x: 236.67
DSC_8237.JPG_max_y: 488.917
DSC_8237.JPG_min_y: 166.2
DSC_8398.JPG_max_x: 1188.45
DSC_8398.JPG_min_x: 719.244
DSC_8398.JPG_max_y: 1652.2
DSC_8398.JPG_min_y: 1483.23
