-3.757737661238626625e+00 -3.472274888443382390e-01 1.300614155359302003e+03
-2.267273764408880066e+00 1.839726728859230331e-01 1.459262307635601985e+02
-3.070164336537503386e-03 -2.542368903748805104e-04 1.000000000000000000e+00
DSC_8412.JPG_max_x: 204.415
DSC_8412.JPG_min_x: 39.2996
DSC_8412.JPG_max_y: 1681.5
DSC_8412.JPG_min_y: 1257.62
DSC_8415.JPG_max_x: 1321.57
DSC_8415.JPG_min_x: 410.67
DSC_8415.JPG_max_y: 1212.35
DSC_8415.JPG_min_y: 419.515
