1.932692855424557044e-01 -6.059496828247711020e-03 1.055232728660192151e+03
-6.416037533244682844e-01 8.277694061343562337e-01 4.207481167201668768e+02
-5.459755037353570054e-04 2.303232815947342692e-05 1.000000000000000000e+00
DSC_8352.JPG_max_x: 346.509
DSC_8352.JPG_min_x: 12.409
DSC_8352.JPG_max_y: 1500.64
DSC_8352.JPG_min_y: 898.125
DSC_8364.JPG_max_x: 1330.33
DSC_8364.JPG_min_x: 1023.18
DSC_8364.JPG_max_y: 1632.59
DSC_8364.JPG_min_y: 1138.96
