1.308363202717953921e+00 2.462427567052729860e-01 2.054727792596121674e+02
2.530922494547458990e-01 1.141562606770341270e+00 -1.222223081873992641e+02
3.296112180467827770e-04 2.020373763590813142e-04 1.000000000000000000e+00
DSC_8424.JPG_max_x: 1318.99
DSC_8424.JPG_min_x: 491.729
DSC_8424.JPG_max_y: 1713.7
DSC_8424.JPG_min_y: 649.097
DSC_8456.JPG_max_x: 1324.76
DSC_8456.JPG_min_x: 821.667
DSC_8456.JPG_max_y: 1293.99
DSC_8456.JPG_min_y: 598.602
