8.327064143446663014e-01 2.705407259565036082e-02 -1.234073878383478728e+02
8.711386303010094923e-02 8.510399007014498585e-01 6.536798732360662711e+01
7.575044309815324615e-05 4.253749947861771631e-05 1.000000000000000000e+00
DSC_8422.JPG_max_x: 1318.97
DSC_8422.JPG_min_x: 139.66
DSC_8422.JPG_max_y: 1796.18
DSC_8422.JPG_min_y: 720.815
DSC_8438.JPG_max_x: 863.067
DSC_8438.JPG_min_x: 15.3245
DSC_8438.JPG_max_y: 1456.19
DSC_8438.JPG_min_y: 646.963
