4.334196938314687220e-01 -3.778540763172746342e-01 6.855336632973785527e+02
-3.108334176089342857e-02 1.628174343935098467e-01 2.412930054709140109e+02
2.819448125019467820e-05 -4.399025166966302964e-04 1.000000000000000000e+00
DSC_8253.JPG_max_x: 1208.06
DSC_8253.JPG_min_x: 35.2053
DSC_8253.JPG_max_y: 867.819
DSC_8253.JPG_min_y: 560.165
DSC_8351.JPG_max_x: 1266.39
DSC_8351.JPG_min_x: 634.234
DSC_8351.JPG_max_y: 565.332
DSC_8351.JPG_min_y: 376.264
