1.975175566910444935e+00 -1.718543793900092209e-01 -1.628781574681086568e+03
7.328178220741238258e-01 1.802252709449638557e+00 -1.097076849251494878e+03
6.748196839525728592e-04 3.448640629379760489e-05 1.000000000000000000e+00
DSC_8470.JPG_max_x: 1330.79
DSC_8470.JPG_min_x: 1011.82
DSC_8470.JPG_max_y: 1942.45
DSC_8470.JPG_min_y: 1404.69
DSC_8472.JPG_max_x: 376.339
DSC_8472.JPG_min_x: 39.1641
DSC_8472.JPG_max_y: 1769.71
DSC_8472.JPG_min_y: 1245.36
