-3.327436135534039607e+00 -1.020280060545780687e+00 4.959248017679480654e+03
1.538573411468393548e-01 -3.920531865106411384e+00 4.154916666261781756e+03
-5.493581586220788043e-04 -1.014977432861718714e-03 1.000000000000000000e+00
DSC_8194.JPG_max_x: 1329.0
DSC_8194.JPG_min_x: 1141.27
DSC_8194.JPG_max_y: 1266.26
DSC_8194.JPG_min_y: 1085.09
DSC_8387.JPG_max_x: 742.276
DSC_8387.JPG_min_x: 66.8895
DSC_8387.JPG_max_y: 620.871
DSC_8387.JPG_min_y: 27.2333
