2.663852084138441967e+01 1.798945000462876109e+01 -2.668834007736518470e+04
-9.515919987269155556e+00 2.854171970409977277e+01 -3.082252377836270534e+04
-1.093593669280685902e-02 1.813696809304788521e-02 1.000000000000000000e+00
DSC_8380.JPG_max_x: 814.347
DSC_8380.JPG_min_x: 263.614
DSC_8380.JPG_max_y: 1533.92
DSC_8380.JPG_min_y: 1303.84
DSC_8473.JPG_max_x: 1134.9
DSC_8473.JPG_min_x: 230.444
DSC_8473.JPG_max_y: 294.626
DSC_8473.JPG_min_y: 88.7791
