2.115333783029336612e+00 8.221949450497142431e-01 -1.161190769375153423e+03
-1.715629970261027260e-01 3.024984276714298037e+00 -3.501977324173572924e+03
1.224395617030342215e-04 7.816783342319101125e-04 1.000000000000000000e+00
DSC_8332.JPG_max_x: 208.17
DSC_8332.JPG_min_x: 38.8333
DSC_8332.JPG_max_y: 1931.69
DSC_8332.JPG_min_y: 1312.86
DSC_8419.JPG_max_x: 312.952
DSC_8419.JPG_min_x: 54.2879
DSC_8419.JPG_max_y: 928.228
DSC_8419.JPG_min_y: 206.057
