1.865241411795466098e+00 1.461484941978803964e-01 -6.712142755122318931e+02
1.409851197319069993e-01 1.685027989195426956e+00 -7.221504003527227269e+02
2.330694886281030949e-04 1.143177305029572884e-04 1.000000000000000000e+00
DSC_8414.JPG_max_x: 1290.01
DSC_8414.JPG_min_x: 440.815
DSC_8414.JPG_max_y: 1508.63
DSC_8414.JPG_min_y: 1017.14
DSC_8452.JPG_max_x: 1317.22
DSC_8452.JPG_min_x: 294.328
DSC_8452.JPG_max_y: 1443.55
DSC_8452.JPG_min_y: 827.082
