1.959302546528085998e+00 8.138275088791995238e-01 -2.914249855456812838e+03
-2.332950871004257631e-01 2.455658454493039322e+00 -2.697373832055478488e+03
1.354063867188124663e-03 4.800043085500992827e-04 1.000000000000000000e+00
DSC_8330.JPG_max_x: 1185.29
DSC_8330.JPG_min_x: 697.965
DSC_8330.JPG_max_y: 1966.91
DSC_8330.JPG_min_y: 1507.91
DSC_8199.JPG_max_x: 268.793
DSC_8199.JPG_min_x: 5.74376
DSC_8199.JPG_max_y: 679.263
DSC_8199.JPG_min_y: 230.352
