1.470529660813584272e-01 -2.824607968556114290e-01 5.860173827552729335e+02
-2.649400572228494816e-02 9.518729120306329561e-02 2.204905471721340291e+02
-7.911025223057563871e-05 -3.857029429624561937e-04 1.000000000000000000e+00
DSC_8289.JPG_max_x: 1131.01
DSC_8289.JPG_min_x: 498.211
DSC_8289.JPG_max_y: 895.419
DSC_8289.JPG_min_y: 259.339
DSC_8335.JPG_max_x: 879.342
DSC_8335.JPG_min_x: 669.526
DSC_8335.JPG_max_y: 486.061
DSC_8335.JPG_min_y: 263.837
