8.305285193227003315e-01 9.270781932248134405e-02 3.096033818632551515e+02
-6.667341974306741081e-02 9.105254902238395509e-01 6.949615170423699340e+01
-2.945167636761426315e-05 6.435103824330304985e-05 1.000000000000000000e+00
DSC_8440.JPG_max_x: 1171.64
DSC_8440.JPG_min_x: 3.28402
DSC_8440.JPG_max_y: 1735.19
DSC_8440.JPG_min_y: 589.294
DSC_8456.JPG_max_x: 1330.25
DSC_8456.JPG_min_x: 434.272
DSC_8456.JPG_max_y: 1481.58
DSC_8456.JPG_min_y: 552.061
