6.411985017163843170e-02 6.761467098992034463e-01 3.434834447724568918e+02
-7.083367936882887239e-01 1.132093874224017638e+00 3.946762457863591180e+02
-5.724823687265650400e-04 3.979945295932287388e-04 1.000000000000000000e+00
DSC_8226.JPG_max_x: 957.645
DSC_8226.JPG_min_x: 267.188
DSC_8226.JPG_max_y: 1713.77
DSC_8226.JPG_min_y: 996.57
DSC_8258.JPG_max_x: 1313.09
DSC_8258.JPG_min_x: 975.543
DSC_8258.JPG_max_y: 1438.03
DSC_8258.JPG_min_y: 1003.64
