9.384508353646062728e-01 5.160350747119896164e-01 -4.653342406818044878e+02
1.072979876108223242e-02 9.931065079779982652e-01 3.212683940251692434e+02
2.721192012306799884e-04 -1.537272633267130624e-05 1.000000000000000000e+00
DSC_8321.JPG_max_x: 1110.75
DSC_8321.JPG_min_x: 33.5338
DSC_8321.JPG_max_y: 1096.74
DSC_8321.JPG_min_y: 17.0077
DSC_8453.JPG_max_x: 605.33
DSC_8453.JPG_min_x: 17.8738
DSC_8453.JPG_max_y: 1424.19
DSC_8453.JPG_min_y: 282.542
