1.247606490866503659e+00 1.027736510414357235e-01 -3.994058977659383913e+02
1.980350279719631235e-01 1.288371945179000999e+00 -1.519662504654156976e+02
2.175493922654937826e-04 1.015766492452564517e-04 9.999999999999998890e-01
DSC_8446.JPG_max_x: 1323.23
DSC_8446.JPG_min_x: 302.511
DSC_8446.JPG_max_y: 1599.45
DSC_8446.JPG_min_y: 965.613
DSC_8472.JPG_max_x: 977.361
DSC_8472.JPG_min_x: 102.867
DSC_8472.JPG_max_y: 1549.1
DSC_8472.JPG_min_y: 981.179
