6.545885840121394850e-01 -3.238210857531963194e-02 2.039885264023289437e+02
1.808992455975707847e-01 4.066673794393337316e-01 4.648072610320442095e+02
1.639453778495549789e-04 -1.116286090485667975e-04 1.000000000000000000e+00
DSC_8224.JPG_max_x: 926.409
DSC_8224.JPG_min_x: 7.44294
DSC_8224.JPG_max_y: 1737.66
DSC_8224.JPG_min_y: 733.609
DSC_8444.JPG_max_x: 1041.14
DSC_8444.JPG_min_x: 197.112
DSC_8444.JPG_max_y: 1431.53
DSC_8444.JPG_min_y: 819.852
