8.609682479648951559e-02 -4.760481265550926544e-01 5.266370313588607814e+02
-1.864765889540972721e-01 6.479253444909370552e-02 8.398457273925431821e+01
-6.964181018532580316e-05 -8.044436972375627794e-04 1.000000000000000000e+00
DSC_8348.JPG_max_x: 690.945
DSC_8348.JPG_min_x: 170.236
DSC_8348.JPG_max_y: 1120.49
DSC_8348.JPG_min_y: 947.405
DSC_8437.JPG_max_x: 1122.77
DSC_8437.JPG_min_x: 232.945
DSC_8437.JPG_max_y: 1275.39
DSC_8437.JPG_min_y: 114.601
