3.357736391609834614e-01 -1.263757030394821179e-01 -6.072398277912087394e+01
-3.504499868471181445e-01 6.994131068906630500e-01 4.623347247748183690e+02
-3.096264448421197032e-04 -1.277580202591846621e-04 1.000000000000000000e+00
DSC_8194.JPG_max_x: 1316.17
DSC_8194.JPG_min_x: 1109.21
DSC_8194.JPG_max_y: 1083.35
DSC_8194.JPG_min_y: 679.046
DSC_8406.JPG_max_x: 616.613
DSC_8406.JPG_min_x: 356.75
DSC_8406.JPG_max_y: 1634.17
DSC_8406.JPG_min_y: 949.194
