-1.296955165117515962e+00 -2.562142251934425019e-01 1.138428312650133421e+03
-1.500572656267945337e+00 5.988363881203461192e-01 3.602925791312587194e+02
-1.436810986252835213e-03 -2.046839342479404216e-04 1.000000000000000000e+00
DSC_8350.JPG_max_x: 741.797
DSC_8350.JPG_min_x: 240.678
DSC_8350.JPG_max_y: 1054.24
DSC_8350.JPG_min_y: 770.281
DSC_8450.JPG_max_x: 1321.92
DSC_8450.JPG_min_x: 169.541
DSC_8450.JPG_max_y: 1469.71
DSC_8450.JPG_min_y: 910.422
