3.183172681627003620e+00 -1.414177750150907020e-01 2.864778159475907160e+03
9.232691271974319269e-01 8.806733150727401593e+00 -9.608688909715632690e+03
-2.795032689610048564e-03 2.222757572523487504e-03 9.999999999999998890e-01
DSC_8220.JPG_max_x: 392.084
DSC_8220.JPG_min_x: 56.2696
DSC_8220.JPG_max_y: 1509.03
DSC_8220.JPG_min_y: 1099.36
DSC_8267.JPG_max_x: 1295.49
DSC_8267.JPG_min_x: 818.122
DSC_8267.JPG_max_y: 1169.69
DSC_8267.JPG_min_y: 38.9604
