4.470154173246724261e-01 -4.149044266627436306e-01 8.663356331940782411e+02
-5.987204258075278229e-01 5.721971871618618533e-01 1.141447800194699084e+03
-5.729376742989989411e-04 -1.476575651927425554e-04 1.000000000000000000e+00
DSC_8199.JPG_max_x: 253.947
DSC_8199.JPG_min_x: 14.8343
DSC_8199.JPG_max_y: 759.934
DSC_8199.JPG_min_y: 230.352
DSC_8232.JPG_max_x: 1009.48
DSC_8232.JPG_min_x: 695.94
DSC_8232.JPG_max_y: 1828.28
DSC_8232.JPG_min_y: 1345.89
