1.139365912904431344e+00 -1.405311274692565005e-01 -4.374517442237731188e+02
1.475750636906341118e-01 7.185703286956324209e-01 1.325673565346858140e+02
2.363878972334787151e-04 -2.865834322736201959e-04 1.000000000000000000e+00
DSC_8309.JPG_max_x: 1290.75
DSC_8309.JPG_min_x: 445.304
DSC_8309.JPG_max_y: 1029.6
DSC_8309.JPG_min_y: 360.436
DSC_8443.JPG_max_x: 845.88
DSC_8443.JPG_min_x: 17.723
DSC_8443.JPG_max_y: 1077.27
DSC_8443.JPG_min_y: 455.404
