4.551337964458642027e+00 -1.775225107405019154e+00 1.243015924186316624e+03
2.709387921112552444e+00 -1.546453209408180429e+00 1.191606411018891549e+03
3.209167304916550958e-03 -1.389912731463091577e-03 1.000000000000000000e+00
DSC_8314.JPG_max_x: 185.271
DSC_8314.JPG_min_x: 21.3604
DSC_8314.JPG_max_y: 1726.98
DSC_8314.JPG_min_y: 501.724
DSC_8196.JPG_max_x: 1318.32
DSC_8196.JPG_min_x: 561.166
DSC_8196.JPG_max_y: 1754.33
DSC_8196.JPG_min_y: 810.141
