-1.472648693488698424e-01 3.544277166303658189e-02 1.340384790283482630e+02
-1.213690140397942097e+00 3.762262333502470746e-01 1.043257677164418510e+03
-1.261165228658231528e-03 4.738260110122941037e-04 1.000000000000000000e+00
DSC_8231.JPG_max_x: 1321.03
DSC_8231.JPG_min_x: 769.867
DSC_8231.JPG_max_y: 1067.51
DSC_8231.JPG_min_y: 650.466
DSC_8233.JPG_max_x: 889.021
DSC_8233.JPG_min_x: 4.95591
DSC_8233.JPG_max_y: 1090.42
DSC_8233.JPG_min_y: 847.04
