4.045589958160073607e+00 3.461280945735693559e-01 -1.282108572146868028e+03
3.907846875688020472e+00 5.072051547498492852e-01 1.213166713228013577e+03
3.343711411850173836e-03 -5.128460196743247395e-04 1.000000000000000000e+00
DSC_8283.JPG_max_x: 1268.61
DSC_8283.JPG_min_x: 538.412
DSC_8283.JPG_max_y: 1768.87
DSC_8283.JPG_min_y: 156.72
DSC_8334.JPG_max_x: 943.472
DSC_8334.JPG_min_x: 451.599
DSC_8334.JPG_max_y: 1870.96
DSC_8334.JPG_min_y: 1212.31
