-1.126691330304968597e-01 -1.580704091603754913e+00 1.232109678218818999e+03
2.256408677048847011e-01 -1.109891997693777110e+00 8.678959227521868343e+02
5.525885458440787197e-04 -1.533090239762952738e-03 1.000000000000000000e+00
DSC_8246.JPG_max_x: 989.634
DSC_8246.JPG_min_x: 70.9146
DSC_8246.JPG_max_y: 1829.16
DSC_8246.JPG_min_y: 690.836
DSC_8311.JPG_max_x: 1288.72
DSC_8311.JPG_min_x: 141.448
DSC_8311.JPG_max_y: 870.763
DSC_8311.JPG_min_y: 289.062
