6.696660353971174429e-01 -5.047525620057340845e+00 1.237283733926424702e+03
4.858295404057646483e-01 -2.120089652834776128e+00 4.651278810472522309e+02
8.089031939923347053e-04 -4.333687326304772394e-03 1.000000000000000000e+00
DSC_8221.JPG_max_x: 785.126
DSC_8221.JPG_min_x: 54.1564
DSC_8221.JPG_max_y: 931.865
DSC_8221.JPG_min_y: 258.961
DSC_8235.JPG_max_x: 1304.8
DSC_8235.JPG_min_x: 187.876
DSC_8235.JPG_max_y: 910.004
DSC_8235.JPG_min_y: 355.688
