-2.290254547252877693e+00 -1.208267762478410834e+00 3.584898575574931783e+03
-1.839774181425719135e+00 -2.980708395309352721e+00 3.186289932446820330e+03
-1.925260605954000771e-03 -7.625133084303789294e-04 1.000000000000000000e+00
DSC_8359.JPG_max_x: 1195.19
DSC_8359.JPG_min_x: 883.917
DSC_8359.JPG_max_y: 1775.91
DSC_8359.JPG_min_y: 986.416
DSC_8361.JPG_max_x: 496.229
DSC_8361.JPG_min_x: 165.623
DSC_8361.JPG_max_y: 1787.33
DSC_8361.JPG_min_y: 962.053
