3.583747115681579221e-01 -7.400518454648149884e-03 6.026427093886524062e+02
-8.631715193665333297e-02 8.956453142703354464e-01 -4.451585376320640819e+01
-1.258804158895148373e-04 4.415172343095023370e-05 1.000000000000000000e+00
DSC_8232.JPG_max_x: 1322.11
DSC_8232.JPG_min_x: 134.805
DSC_8232.JPG_max_y: 1715.46
DSC_8232.JPG_min_y: 591.357
DSC_8278.JPG_max_x: 1256.69
DSC_8278.JPG_min_x: 562.531
DSC_8278.JPG_max_y: 1490.48
DSC_8278.JPG_min_y: 401.926
