1.717120413554961700e-01 -2.677017834569602184e-01 1.004722371719269631e+03
-2.473747194157185636e-01 3.012454571901376776e-01 8.520563013256415843e+02
-3.001285036738745638e-04 -1.389385997728326532e-04 1.000000000000000000e+00
DSC_8257.JPG_max_x: 642.051
DSC_8257.JPG_min_x: 6.02175
DSC_8257.JPG_max_y: 1034.11
DSC_8257.JPG_min_y: 269.325
DSC_8320.JPG_max_x: 1325.13
DSC_8320.JPG_min_x: 902.957
DSC_8320.JPG_max_y: 1410.95
DSC_8320.JPG_min_y: 992.955
