8.921878419559523543e-01 -2.222675615866855081e-01 -4.840999151492988517e+01
1.875758915900883061e-01 3.866275511018806288e-01 9.237517685865054773e+02
1.011890446137295364e-04 -3.365870060534649206e-04 1.000000000000000000e+00
DSC_8457.JPG_max_x: 1301.73
DSC_8457.JPG_min_x: 219.641
DSC_8457.JPG_max_y: 967.084
DSC_8457.JPG_min_y: 54.6933
DSC_8476.JPG_max_x: 997.913
DSC_8476.JPG_min_x: 17.2633
DSC_8476.JPG_max_y: 1917.86
DSC_8476.JPG_min_y: 1037.48
