-4.774161885435366792e-01 -5.249666082290273261e-02 5.978612912539601894e+02
-8.732390884672323050e-01 -1.737800825179612041e-01 1.093473531714075079e+03
-7.982863187418993501e-04 -1.188409424582634430e-04 1.000000000000000000e+00
DSC_8345.JPG_max_x: 1322.31
DSC_8345.JPG_min_x: 706.675
DSC_8345.JPG_max_y: 1787.84
DSC_8345.JPG_min_y: 35.519
DSC_8347.JPG_max_x: 808.782
DSC_8347.JPG_min_x: 359.557
DSC_8347.JPG_max_y: 1619.72
DSC_8347.JPG_min_y: 210.694
