4.035080667303346580e+00 -9.437664486885428694e-01 3.067247952946991063e+02
2.508646953556488146e+00 -8.087507693469622727e-02 -6.375875277179261502e+02
6.866687715958615969e-03 -1.856251041835232278e-03 1.000000000000000000e+00
DSC_8386.JPG_max_x: 631.247
DSC_8386.JPG_min_x: 250.668
DSC_8386.JPG_max_y: 1789.77
DSC_8386.JPG_min_y: 1263.65
DSC_8407.JPG_max_x: 600.052
DSC_8407.JPG_min_x: 445.375
DSC_8407.JPG_max_y: 439.579
DSC_8407.JPG_min_y: 72.0533
