3.485832470138366390e-01 8.673498250146127742e-01 -3.088695373365256955e+02
-1.910589996277872182e-01 1.075229127698090981e+00 2.166173814477148767e+02
-2.605520070313784042e-04 6.196436301823513059e-04 1.000000000000000000e+00
DSC_8413.JPG_max_x: 1267.56
DSC_8413.JPG_min_x: 482.881
DSC_8413.JPG_max_y: 1183.34
DSC_8413.JPG_min_y: 319.955
DSC_8475.JPG_max_x: 820.661
DSC_8475.JPG_min_x: 165.676
DSC_8475.JPG_max_y: 883.436
DSC_8475.JPG_min_y: 420.711
