1.687007536136521324e+00 8.756851837995125454e-01 -1.321523355635531061e+03
6.082973429066879101e-01 2.735970009409688153e+00 -5.378931985778169746e+02
7.049470290761619814e-04 8.103895388454049374e-04 1.000000000000000000e+00
DSC_8254.JPG_max_x: 1319.18
DSC_8254.JPG_min_x: 163.726
DSC_8254.JPG_max_y: 1783.88
DSC_8254.JPG_min_y: 580.488
DSC_8452.JPG_max_x: 673.453
DSC_8452.JPG_min_x: 294.328
DSC_8452.JPG_max_y: 1742.23
DSC_8452.JPG_min_y: 834.948
