-7.841499302831941298e-01 -8.570701707174956940e-01 1.689787808974638892e+03
-5.527297677231632900e-01 9.949660650847505505e-02 5.147014331421395354e+02
-5.680160137569971327e-04 -3.878271822538802128e-04 1.000000000000000000e+00
DSC_8416.JPG_max_x: 1104.35
DSC_8416.JPG_min_x: 25.5617
DSC_8416.JPG_max_y: 1566.9
DSC_8416.JPG_min_y: 944.011
DSC_8434.JPG_max_x: 1326.67
DSC_8434.JPG_min_x: 391.952
DSC_8434.JPG_max_y: 1671.89
DSC_8434.JPG_min_y: 826.717
