1.542257560151421014e-01 1.594871436789025709e-01 -1.455667375833589574e+02
5.335453207077648363e-01 6.251369811773397345e-01 -1.118019138155220844e+02
5.405881729363188519e-04 -5.703944374015738374e-04 1.000000000000000000e+00
DSC_8309.JPG_max_x: 1325.22
DSC_8309.JPG_min_x: 359.639
DSC_8309.JPG_max_y: 926.394
DSC_8309.JPG_min_y: 359.917
DSC_8457.JPG_max_x: 211.623
DSC_8457.JPG_min_x: 11.9321
DSC_8457.JPG_max_y: 991.05
DSC_8457.JPG_min_y: 292.977
