-6.505665817170105392e-01 -7.963485328586296097e-01 9.462691096747649908e+02
-1.605237435868154261e+00 -9.154220489910006586e-01 1.461864062102592698e+03
-9.374876873331242045e-04 -7.771609533628252549e-04 1.000000000000000000e+00
DSC_8341.JPG_max_x: 489.885
DSC_8341.JPG_min_x: 6.08263
DSC_8341.JPG_max_y: 773.136
DSC_8341.JPG_min_y: 357.685
DSC_8368.JPG_max_x: 1204.33
DSC_8368.JPG_min_x: 829.919
DSC_8368.JPG_max_y: 1943.63
DSC_8368.JPG_min_y: 1258.44
