1.449529247015874489e+00 1.910991546691980791e-01 -4.623834227668266976e+02
-1.071189315056804425e-01 1.332220249114324906e+00 -1.581675238079149494e+03
-1.680479338347553854e-05 2.441160008033211194e-04 1.000000000000000000e+00
DSC_8252.JPG_max_x: 1276.56
DSC_8252.JPG_min_x: 135.148
DSC_8252.JPG_max_y: 1985.89
DSC_8252.JPG_min_y: 1681.21
DSC_8253.JPG_max_x: 1273.41
DSC_8253.JPG_min_x: 65.1171
DSC_8253.JPG_max_y: 693.974
DSC_8253.JPG_min_y: 403.739
