3.134740629034494575e+00 -9.162550715172840254e-02 -1.322184896280648445e+03
8.899145241992993949e-01 1.923902537590066020e+00 -8.426143774810743707e+02
7.828366466724283584e-04 -1.155720819709898348e-04 9.999999999999998890e-01
DSC_8222.JPG_max_x: 1232.78
DSC_8222.JPG_min_x: 457.801
DSC_8222.JPG_max_y: 1274.79
DSC_8222.JPG_min_y: 776.871
DSC_8240.JPG_max_x: 1328.25
DSC_8240.JPG_min_x: 6.3411
DSC_8240.JPG_max_y: 1637.1
DSC_8240.JPG_min_y: 915.725
