2.657287767412533253e+00 3.807455313302975930e-01 -1.850483008595769434e+03
3.271265325158324577e-01 2.957747957073306289e+00 -2.457776633925845999e+03
5.802411876471433782e-04 6.477889074052742367e-04 1.000000000000000000e+00
DSC_8310.JPG_max_x: 1284.25
DSC_8310.JPG_min_x: 540.871
DSC_8310.JPG_max_y: 1655.1
DSC_8310.JPG_min_y: 862.148
DSC_8441.JPG_max_x: 819.526
DSC_8441.JPG_min_x: 38.8613
DSC_8441.JPG_max_y: 1016.81
DSC_8441.JPG_min_y: 199.819
