7.990801991919476155e-01 -6.612196889815263878e-02 -2.942866348981378337e+02
-2.397456490202640525e-02 7.850824555110862413e-01 -6.314267390361604981e+01
-8.793936228257245760e-05 -2.222510580878714239e-04 1.000000000000000000e+00
DSC_8261.JPG_max_x: 1204.69
DSC_8261.JPG_min_x: 478.301
DSC_8261.JPG_max_y: 472.542
DSC_8261.JPG_min_y: 197.953
DSC_8297.JPG_max_x: 776.633
DSC_8297.JPG_min_x: 56.7834
DSC_8297.JPG_max_y: 346.236
DSC_8297.JPG_min_y: 76.2203
