6.250852073177391999e-01 2.942549663144273034e-02 -1.732146219381307901e+02
-7.073179305459795230e-02 7.266168549055649351e-01 -1.506672022654937848e+02
-5.075580010104708628e-05 -5.437480175628634616e-05 1.000000000000000000e+00
DSC_8407.JPG_max_x: 738.174
DSC_8407.JPG_min_x: 230.095
DSC_8407.JPG_max_y: 1940.06
DSC_8407.JPG_min_y: 346.106
DSC_8423.JPG_max_x: 415.595
DSC_8423.JPG_min_x: 14.2996
DSC_8423.JPG_max_y: 1406.37
DSC_8423.JPG_min_y: 63.278
