1.178245520104484356e+00 1.644386925134931621e-02 -4.716229535786292359e+01
1.395071203394463222e+00 -7.655103381279055874e-01 1.404769143393893273e+03
1.088378006559319365e-03 -6.086655862612656495e-04 1.000000000000000000e+00
DSC_8271.JPG_max_x: 1001.37
DSC_8271.JPG_min_x: 397.466
DSC_8271.JPG_max_y: 1365.59
DSC_8271.JPG_min_y: 50.302
DSC_8414.JPG_max_x: 750.346
DSC_8414.JPG_min_x: 344.908
DSC_8414.JPG_max_y: 1507.05
DSC_8414.JPG_min_y: 1313.14
