1.554394091594586857e+00 -1.008279098655134209e+00 -1.814425237492259839e+02
1.198822960854573072e+00 -8.175862275624969921e-01 3.629377334010228537e+02
2.010372330292008441e-03 -3.167247591233771347e-03 1.000000000000000000e+00
DSC_8245.JPG_max_x: 758.433
DSC_8245.JPG_min_x: 146.398
DSC_8245.JPG_max_y: 319.332
DSC_8245.JPG_min_y: 19.3019
DSC_8311.JPG_max_x: 478.206
DSC_8311.JPG_min_x: 36.6227
DSC_8311.JPG_max_y: 681.75
DSC_8311.JPG_min_y: 438.023
