6.399381362520321082e-01 2.957419770930504871e-02 5.795636431830250785e+02
1.083153814411783322e-01 5.719197516621393751e-01 4.360734461208693915e+02
1.072226689701809922e-04 3.350786233470263732e-05 1.000000000000000000e+00
DSC_8252.JPG_max_x: 1317.99
DSC_8252.JPG_min_x: 42.2745
DSC_8252.JPG_max_y: 1957.35
DSC_8252.JPG_min_y: 578.377
DSC_8350.JPG_max_x: 1242.79
DSC_8350.JPG_min_x: 612.714
DSC_8350.JPG_max_y: 1453.91
DSC_8350.JPG_min_y: 772.074
