1.133973070673123112e-01 -2.048395329931638684e-02 4.143508666515858749e+02
-2.469212453712868738e-01 3.390104974834908247e-01 7.843915443294833949e+02
-2.311322195463346124e-04 -1.936644740447094460e-05 1.000000000000000000e+00
DSC_8272.JPG_max_x: 1302.21
DSC_8272.JPG_min_x: 299.105
DSC_8272.JPG_max_y: 1526.33
DSC_8272.JPG_min_y: 681.421
DSC_8366.JPG_max_x: 787.296
DSC_8366.JPG_min_x: 427.59
DSC_8366.JPG_max_y: 1461.58
DSC_8366.JPG_min_y: 1021.55
