8.971549738759467818e-01 -2.712582989704982392e-02 1.063459921378386071e+03
6.025427859048739648e-02 1.181086294564188899e+00 -6.990156229503231771e+02
-1.777011040421425483e-04 1.958445650605437698e-04 1.000000000000000000e+00
DSC_8322.JPG_max_x: 548.2
DSC_8322.JPG_min_x: 51.9446
DSC_8322.JPG_max_y: 1430.73
DSC_8322.JPG_min_y: 800.707
DSC_8431.JPG_max_x: 1328.54
DSC_8431.JPG_min_x: 863.717
DSC_8431.JPG_max_y: 842.715
DSC_8431.JPG_min_y: 215.019
