-2.956014705529216080e+00 -6.585186033573330322e-01 2.802382687713893574e+03
-3.364496851370238240e+00 -1.285372645233567646e+00 2.889029345209009534e+03
-3.565748099095447654e-03 7.864506626956787759e-04 9.999999999999998890e-01
DSC_8311.JPG_max_x: 1320.64
DSC_8311.JPG_min_x: 47.5501
DSC_8311.JPG_max_y: 1133.61
DSC_8311.JPG_min_y: 21.561
DSC_8313.JPG_max_x: 1054.72
DSC_8313.JPG_min_x: 29.6534
DSC_8313.JPG_max_y: 1065.54
DSC_8313.JPG_min_y: 92.3879
