-4.085964576010742144e-01 4.059715548772190874e-01 -2.493743355157426151e+02
-3.616485859784126511e-01 -8.999456752261660863e-01 1.422143712507182954e+03
-1.333891110250971790e-03 -1.892724166760241826e-04 1.000000000000000000e+00
DSC_8364.JPG_max_x: 1281.3
DSC_8364.JPG_min_x: 478.958
DSC_8364.JPG_max_y: 1632.59
DSC_8364.JPG_min_y: 1234.53
DSC_8367.JPG_max_x: 1248.62
DSC_8367.JPG_min_x: 30.208
DSC_8367.JPG_max_y: 989.79
DSC_8367.JPG_min_y: 203.893
