1.343749599544423745e+00 -2.010637666671313717e+00 -1.343708887195391810e+02
1.774327197510949139e+00 -4.575625017777511516e+00 5.076371657163782061e+02
2.272514690190218564e-03 -6.981222657604563286e-03 1.000000000000000000e+00
DSC_8245.JPG_max_x: 758.433
DSC_8245.JPG_min_x: 146.398
DSC_8245.JPG_max_y: 326.43
DSC_8245.JPG_min_y: 6.95723
DSC_8457.JPG_max_x: 1149.91
DSC_8457.JPG_min_x: 22.3922
DSC_8457.JPG_max_y: 739.255
DSC_8457.JPG_min_y: 570.602
