1.443268846106532166e+00 5.532048933406046032e-02 -1.631943248157049538e+03
2.392626253724127405e+00 1.468828034435330387e+00 -4.392690477152668791e+03
3.431810404052038337e-03 -2.297638690290427967e-03 1.000000000000000000e+00
DSC_8364.JPG_max_x: 1323.92
DSC_8364.JPG_min_x: 612.789
DSC_8364.JPG_max_y: 1672.72
DSC_8364.JPG_min_y: 1310.58
DSC_8397.JPG_max_x: 880.661
DSC_8397.JPG_min_x: 10.4393
DSC_8397.JPG_max_y: 651.794
DSC_8397.JPG_min_y: 239.468
