-3.578190334130173067e+00 -1.693259266631244042e+00 4.603142117293870797e+03
-1.840093052190454825e+00 -6.027291019638902902e+00 4.629983310730714038e+03
-1.798994718209805804e-03 -2.376856847505389326e-03 1.000000000000000000e+00
DSC_8352.JPG_max_x: 1323.65
DSC_8352.JPG_min_x: 656.351
DSC_8352.JPG_max_y: 1580.09
DSC_8352.JPG_min_y: 815.672
DSC_8444.JPG_max_x: 553.737
DSC_8444.JPG_min_x: 28.2321
DSC_8444.JPG_max_y: 1539.66
DSC_8444.JPG_min_y: 830.575
