-4.613398856673622261e-01 -2.814937036884075927e-01 6.167761770159240768e+02
2.700093096761806838e-02 -5.348486146931176188e-01 5.068032049474140877e+02
-2.272092746928883081e-04 -8.667044185239220497e-04 9.999999999999998890e-01
DSC_8246.JPG_max_x: 831.265
DSC_8246.JPG_min_x: 737.148
DSC_8246.JPG_max_y: 1066.2
DSC_8246.JPG_min_y: 720.816
DSC_8387.JPG_max_x: 957.637
DSC_8387.JPG_min_x: 115.648
DSC_8387.JPG_max_y: 624.607
DSC_8387.JPG_min_y: 41.2724
