7.706385672942879239e-01 1.893350213800600867e-01 2.325482715021398405e+02
-8.495258742725209089e-02 1.056023273297747700e+00 3.675176017801329635e+02
-8.296775653964917152e-05 1.900904352910693480e-04 1.000000000000000000e+00
DSC_8204.JPG_max_x: 1198.33
DSC_8204.JPG_min_x: 133.293
DSC_8204.JPG_max_y: 1978.69
DSC_8204.JPG_min_y: 844.212
DSC_8368.JPG_max_x: 1227.24
DSC_8368.JPG_min_x: 490.775
DSC_8368.JPG_max_y: 1807.89
DSC_8368.JPG_min_y: 1091.56
