-6.384642667297276697e-01 2.738285698489683617e-01 3.766321712216447395e+02
-2.540858369987601062e+00 1.338504162205554904e-01 1.568006872851394064e+03
-1.811687320867981250e-03 3.346420359717846996e-04 1.000000000000000000e+00
DSC_8427.JPG_max_x: 1059.02
DSC_8427.JPG_min_x: 601.654
DSC_8427.JPG_max_y: 958.173
DSC_8427.JPG_min_y: 346.401
DSC_8440.JPG_max_x: 1213.45
DSC_8440.JPG_min_x: 6.92599
DSC_8440.JPG_max_y: 1735.19
DSC_8440.JPG_min_y: 848.165
