2.140235707875595139e+00 9.242093393305048643e-01 -2.297528211232028752e+03
-2.450087134672286560e+00 5.981391833597958119e+00 -8.215499971328578113e+02
-1.354972075374218663e-03 3.392529520120296255e-03 1.000000000000000000e+00
DSC_8207.JPG_max_x: 1317.42
DSC_8207.JPG_min_x: 693.916
DSC_8207.JPG_max_y: 1563.22
DSC_8207.JPG_min_y: 1005.82
DSC_8385.JPG_max_x: 528.648
DSC_8385.JPG_min_x: 108.544
DSC_8385.JPG_max_y: 1252.04
DSC_8385.JPG_min_y: 807.929
