7.706418418898421940e-01 4.495023650584384356e-02 1.249729040199793388e+02
6.524798674413417876e-02 4.486830628465555693e-01 -3.070458880171556757e+02
1.378235724249306693e-04 -1.594748771281995247e-04 1.000000000000000000e+00
DSC_8426.JPG_max_x: 962.268
DSC_8426.JPG_min_x: 40.162
DSC_8426.JPG_max_y: 1970.32
DSC_8426.JPG_min_y: 1500.17
DSC_8443.JPG_max_x: 1127.79
DSC_8443.JPG_min_x: 253.945
DSC_8443.JPG_max_y: 836.961
DSC_8443.JPG_min_y: 473.952
