1.688046909562677111e+00 2.370318058410722517e-01 -1.449335569188445788e+03
5.847475742259673481e-01 1.629900817556329651e+00 -2.187722035836041528e+02
5.945147899767632381e-04 1.504758684704750988e-04 1.000000000000000000e+00
DSC_8412.JPG_max_x: 1218.86
DSC_8412.JPG_min_x: 675.2
DSC_8412.JPG_max_y: 1692.1
DSC_8412.JPG_min_y: 668.753
DSC_8442.JPG_max_x: 524.491
DSC_8442.JPG_min_x: 14.4047
DSC_8442.JPG_max_y: 1644.32
DSC_8442.JPG_min_y: 867.174
