1.245086976648498656e+00 -4.451566443836944553e-01 8.158311670997652527e+02
7.685075296316733473e-01 1.323098819097383860e-01 5.116957179010871073e+02
6.801871277332343204e-04 -4.435646672309137193e-04 1.000000000000000000e+00
DSC_8444.JPG_max_x: 1134.25
DSC_8444.JPG_min_x: 17.8616
DSC_8444.JPG_max_y: 1442.0
DSC_8444.JPG_min_y: 819.852
DSC_8472.JPG_max_x: 1303.14
DSC_8472.JPG_min_x: 294.453
DSC_8472.JPG_max_y: 1532.79
DSC_8472.JPG_min_y: 1002.14
