5.898131207360989281e-01 -3.199079324996251805e-01 9.449494251346958436e+02
-4.783320985843058509e-02 1.249198119747793267e+00 -4.542843512772260084e+01
-4.328738708100553180e-04 2.245414680781456646e-04 1.000000000000000000e+00
DSC_8341.JPG_max_x: 850.513
DSC_8341.JPG_min_x: 21.6642
DSC_8341.JPG_max_y: 1437.32
DSC_8341.JPG_min_y: 598.087
DSC_8369.JPG_max_x: 1274.82
DSC_8369.JPG_min_x: 625.901
DSC_8369.JPG_max_y: 1480.19
DSC_8369.JPG_min_y: 650.974
