1.803017818269345984e-01 -8.233845358993009678e-02 4.966410395072030042e+02
-8.686261178518116244e-02 1.372854743224671825e-01 5.679294258226783541e+02
-1.109679591973661576e-04 -1.555911736276047066e-04 1.000000000000000000e+00
DSC_8288.JPG_max_x: 1126.29
DSC_8288.JPG_min_x: 32.0963
DSC_8288.JPG_max_y: 1898.72
DSC_8288.JPG_min_y: 789.739
DSC_8318.JPG_max_x: 910.852
DSC_8318.JPG_min_x: 444.263
DSC_8318.JPG_max_y: 1214.28
DSC_8318.JPG_min_y: 755.342
