-4.860289582465848746e-01 -5.858266741490994467e-03 7.016663714744893241e+02
-1.009705982198113139e+00 1.508727511765889651e-01 1.246271092181021913e+03
-7.265383466441465354e-04 1.807960090526365582e-05 1.000000000000000000e+00
DSC_8450.JPG_max_x: 1327.44
DSC_8450.JPG_min_x: 1248.21
DSC_8450.JPG_max_y: 1469.72
DSC_8450.JPG_min_y: 910.422
DSC_8462.JPG_max_x: 1297.07
DSC_8462.JPG_min_x: 745.054
DSC_8462.JPG_max_y: 1970.09
DSC_8462.JPG_min_y: 982.864
