6.438304832376130493e-01 -4.387361350479728611e-02 2.804649829470815803e+02
1.749431374139653605e-01 4.472796104351136615e-01 6.830485433627718521e+02
1.602801317846164262e-04 -7.886217997442946162e-05 1.000000000000000000e+00
DSC_8318.JPG_max_x: 1306.51
DSC_8318.JPG_min_x: 133.849
DSC_8318.JPG_max_y: 1986.3
DSC_8318.JPG_min_y: 476.502
DSC_8416.JPG_max_x: 956.565
DSC_8416.JPG_min_x: 348.378
DSC_8416.JPG_max_y: 1739.02
DSC_8416.JPG_min_y: 953.854
