1.566113096362184098e+00 4.503882908449098887e-01 -1.322786034165209912e+03
1.866014090275657511e-01 3.405996829197841969e+00 -4.835420880422222467e+02
1.333508402189209575e-04 1.271874804894325547e-03 1.000000000000000000e+00
DSC_8306.JPG_max_x: 1307.73
DSC_8306.JPG_min_x: 620.397
DSC_8306.JPG_max_y: 1334.34
DSC_8306.JPG_min_y: 591.193
DSC_8428.JPG_max_x: 674.213
DSC_8428.JPG_min_x: 14.9066
DSC_8428.JPG_max_y: 1602.2
DSC_8428.JPG_min_y: 938.797
