1.035349007209108940e+00 -1.191181578679067904e-01 -3.425041457123464284e+02
5.522023344962015412e-02 1.153628302066300737e+00 -6.943167516475971013e+01
2.989307685590873970e-04 1.325579537035206854e-05 1.000000000000000000e+00
DSC_8247.JPG_max_x: 1326.87
DSC_8247.JPG_min_x: 715.344
DSC_8247.JPG_max_y: 1000.97
DSC_8247.JPG_min_y: 276.25
DSC_8279.JPG_max_x: 687.34
DSC_8279.JPG_min_x: 259.526
DSC_8279.JPG_max_y: 833.142
DSC_8279.JPG_min_y: 230.268
