-3.223616606790639660e-01 -2.763475998462069927e-01 7.585710806781662541e+02
-2.284299869132262462e-01 -5.093441361449220217e-01 8.799951300461428900e+02
-5.819807798029756184e-04 -3.251350990579102000e-04 1.000000000000000000e+00
DSC_8236.JPG_max_x: 1309.53
DSC_8236.JPG_min_x: 630.276
DSC_8236.JPG_max_y: 1638.88
DSC_8236.JPG_min_y: 928.353
DSC_8271.JPG_max_x: 840.804
DSC_8271.JPG_min_x: 65.0154
DSC_8271.JPG_max_y: 1343.08
DSC_8271.JPG_min_y: 645.476
