9.485321469582971288e-01 -2.620996725654395690e-02 -7.480864264948402509e-01
2.668324647547299922e-01 7.645698671481423458e-01 2.855776243906984178e+02
1.863067229405550101e-04 -8.217351571629352323e-05 1.000000000000000000e+00
DSC_8322.JPG_max_x: 1325.13
DSC_8322.JPG_min_x: 23.9067
DSC_8322.JPG_max_y: 1447.03
DSC_8322.JPG_min_y: 608.129
DSC_8444.JPG_max_x: 1296.23
DSC_8444.JPG_min_x: 17.8616
DSC_8444.JPG_max_y: 1544.08
DSC_8444.JPG_min_y: 819.852
