1.955936186420093259e+00 1.848210619794226628e-01 -1.020108216829106027e+03
-1.062024664692617637e-01 1.549392440319129483e+00 1.225585107504351754e+02
2.449606695068003810e-04 6.741968982508968211e-05 1.000000000000000000e+00
DSC_8361.JPG_max_x: 1301.18
DSC_8361.JPG_min_x: 489.906
DSC_8361.JPG_max_y: 1622.5
DSC_8361.JPG_min_y: 32.0587
DSC_8403.JPG_max_x: 1183.19
DSC_8403.JPG_min_x: 9.48322
DSC_8403.JPG_max_y: 1935.16
DSC_8403.JPG_min_y: 26.4521
