3.123480634910495546e+00 1.704515486327040641e-01 -2.530847244638270240e+03
4.075258373187818361e-01 3.026349528595424498e+00 -1.882927870810767672e+03
4.747002453891716479e-04 2.488280717864306785e-04 1.000000000000000000e+00
DSC_8234.JPG_max_x: 1299.69
DSC_8234.JPG_min_x: 829.667
DSC_8234.JPG_max_y: 1335.91
DSC_8234.JPG_min_y: 784.786
DSC_8318.JPG_max_x: 910.318
DSC_8318.JPG_min_x: 134.388
DSC_8318.JPG_max_y: 1386.57
DSC_8318.JPG_min_y: 540.461
