6.762196944020417710e-01 -2.647155794745922885e-01 2.465806468317975373e+02
5.823627416532813073e-02 1.331451789715635825e-01 1.238271067746821245e+03
1.510362914142811359e-05 -3.421857699317197837e-04 1.000000000000000000e+00
DSC_8351.JPG_max_x: 1299.81
DSC_8351.JPG_min_x: 165.063
DSC_8351.JPG_max_y: 772.172
DSC_8351.JPG_min_y: 6.69092
DSC_8364.JPG_max_x: 1154.84
DSC_8364.JPG_min_x: 345.295
DSC_8364.JPG_max_y: 1843.47
DSC_8364.JPG_min_y: 1254.2
