1.439188106145866453e+00 -7.162722921269028264e-02 -1.103732907307660071e+03
9.082121013500090712e-01 1.221720258434366491e+00 -2.253400527553837378e+02
7.772571509306522557e-04 -1.651392244943234865e-04 9.999999999999998890e-01
DSC_8346.JPG_max_x: 1324.67
DSC_8346.JPG_min_x: 819.392
DSC_8346.JPG_max_y: 1662.37
DSC_8346.JPG_min_y: 611.856
DSC_8376.JPG_max_x: 399.202
DSC_8376.JPG_min_x: 4.72716
DSC_8376.JPG_max_y: 1843.82
DSC_8376.JPG_min_y: 849.271
