4.902044041800270868e-01 -6.403722780968160166e-02 3.838491694494745730e+02
1.808097162804125219e-02 3.450564075376066908e-01 4.076975640824124412e+02
3.585212345559451742e-05 -1.462101985681001114e-04 1.000000000000000000e+00
DSC_8225.JPG_max_x: 1316.81
DSC_8225.JPG_min_x: 185.087
DSC_8225.JPG_max_y: 798.781
DSC_8225.JPG_min_y: 269.364
DSC_8445.JPG_max_x: 1003.15
DSC_8445.JPG_min_x: 475.916
DSC_8445.JPG_max_y: 762.648
DSC_8445.JPG_min_y: 526.999
