7.378719560311347569e-01 -2.133654099508196234e-01 2.726407307413048784e+02
-1.140401504384167541e-01 3.582025403692138399e-01 1.168289505944701432e+03
-8.989379622162312696e-05 -2.953415114172154511e-04 1.000000000000000000e+00
DSC_8379.JPG_max_x: 1124.62
DSC_8379.JPG_min_x: 270.159
DSC_8379.JPG_max_y: 539.007
DSC_8379.JPG_min_y: 4.39294
DSC_8398.JPG_max_x: 1284.97
DSC_8398.JPG_min_x: 484.282
DSC_8398.JPG_max_y: 1647.43
DSC_8398.JPG_min_y: 1091.66
