5.302207455490970389e+00 2.580531224329848161e+00 -1.945111120430615983e+03
1.041336346658771062e+00 7.205508907701881682e+00 -2.619517643455886628e+03
2.877567232738245922e-03 1.996684129779654343e-03 1.000000000000000000e+00
DSC_8337.JPG_max_x: 1209.42
DSC_8337.JPG_min_x: 101.457
DSC_8337.JPG_max_y: 806.997
DSC_8337.JPG_min_y: 266.786
DSC_8467.JPG_max_x: 1226.77
DSC_8467.JPG_min_x: 68.716
DSC_8467.JPG_max_y: 1006.0
DSC_8467.JPG_min_y: 79.8008
