2.024261988497598086e+00 2.696851676089524474e-01 -5.848065629081453380e+02
-5.346489000937871411e-02 2.206846697656888789e+00 -1.967198276170002828e+03
-9.424043981986907821e-06 6.258980322121375289e-04 1.000000000000000000e+00
DSC_8354.JPG_max_x: 1272.05
DSC_8354.JPG_min_x: 118.495
DSC_8354.JPG_max_y: 1893.12
DSC_8354.JPG_min_y: 1247.38
DSC_8383.JPG_max_x: 1233.2
DSC_8383.JPG_min_x: 13.221
DSC_8383.JPG_max_y: 1000.49
DSC_8383.JPG_min_y: 430.989
