2.781829645148377939e+00 3.568439875958188789e+00 4.523275524684800644e+02
2.836598856381032929e-01 5.814496819738802280e+00 -6.390454971681459028e+03
-1.952967749317198248e-03 3.520330056539271862e-03 1.000000000000000000e+00
DSC_8340.JPG_max_x: 387.702
DSC_8340.JPG_min_x: 11.7752
DSC_8340.JPG_max_y: 1977.11
DSC_8340.JPG_min_y: 1499.47
DSC_8413.JPG_max_x: 1223.39
DSC_8413.JPG_min_x: 936.345
DSC_8413.JPG_max_y: 690.621
DSC_8413.JPG_min_y: 429.161
