2.696870522552023974e+00 2.015361986747887801e+00 -1.775101981158227090e+03
-1.113421027728936086e-01 3.060858854908379723e+00 7.202775518572397004e+02
1.218749722033851852e-03 1.300315467630725180e-03 1.000000000000000000e+00
DSC_8235.JPG_max_x: 1304.8
DSC_8235.JPG_min_x: 147.359
DSC_8235.JPG_max_y: 1013.32
DSC_8235.JPG_min_y: 352.697
DSC_8417.JPG_max_x: 845.577
DSC_8417.JPG_min_x: 293.779
DSC_8417.JPG_max_y: 1539.68
DSC_8417.JPG_min_y: 560.876
