-2.521163708625151489e+00 5.575488052076370549e-01 7.125939867159238474e+02
-3.552554173547968208e+00 7.370119050295917962e-01 9.363408674997276648e+02
-3.231136058510783796e-03 5.107601623434976628e-04 1.000000000000000000e+00
DSC_8334.JPG_max_x: 1018.27
DSC_8334.JPG_min_x: 381.377
DSC_8334.JPG_max_y: 1243.31
DSC_8334.JPG_min_y: 875.504
DSC_8362.JPG_max_x: 1330.47
DSC_8362.JPG_min_x: 142.499
DSC_8362.JPG_max_y: 1328.74
DSC_8362.JPG_min_y: 970.472
