4.451329310577897047e+00 1.386497294076898479e+00 -2.715280145235333748e+03
-1.622157424398245951e+00 5.494323848614026673e+00 -4.957341089202152034e+03
-5.451907054494701914e-04 1.268604362194372366e-03 1.000000000000000000e+00
DSC_8198.JPG_max_x: 476.558
DSC_8198.JPG_min_x: 123.622
DSC_8198.JPG_max_y: 1763.07
DSC_8198.JPG_min_y: 1119.23
DSC_8419.JPG_max_x: 588.047
DSC_8419.JPG_min_x: 3.98625
DSC_8419.JPG_max_y: 1396.87
DSC_8419.JPG_min_y: 285.393
