2.450654302620340619e-01 -8.150119489365356684e-02 9.641645820635346809e+02
-2.946173455344584524e-01 6.743979815286877955e-01 1.145864537820493751e+03
-3.062203327428964471e-04 1.520840154265231802e-04 1.000000000000000000e+00
DSC_8211.JPG_max_x: 794.078
DSC_8211.JPG_min_x: 25.558
DSC_8211.JPG_max_y: 1196.11
DSC_8211.JPG_min_y: 485.993
DSC_8412.JPG_max_x: 1209.01
DSC_8412.JPG_min_x: 810.9
DSC_8412.JPG_max_y: 1877.87
DSC_8412.JPG_min_y: 1403.31
