-2.539908244810716642e+00 -8.271488699680744627e-01 3.951157357247100663e+03
5.531209505024866635e-01 -3.018672138834685548e+00 3.289466498651921029e+03
-2.446238404759274810e-04 -1.165254650700111314e-03 9.999999999999998890e-01
DSC_8344.JPG_max_x: 1322.5
DSC_8344.JPG_min_x: 1111.33
DSC_8344.JPG_max_y: 1561.51
DSC_8344.JPG_min_y: 1304.73
DSC_8387.JPG_max_x: 612.62
DSC_8387.JPG_min_x: 83.3816
DSC_8387.JPG_max_y: 624.607
DSC_8387.JPG_min_y: 13.5671
