-7.944715624983642588e-01 -1.600911720818723738e-01 9.293181649021154271e+02
-1.778021559547162456e+00 9.030313554235416262e-01 3.639579517038352492e+02
-1.451420197009919153e-03 -7.257985408580682309e-05 1.000000000000000000e+00
DSC_8218.JPG_max_x: 403.967
DSC_8218.JPG_min_x: 327.819
DSC_8218.JPG_max_y: 1003.87
DSC_8218.JPG_min_y: 597.006
DSC_8458.JPG_max_x: 1319.61
DSC_8458.JPG_min_x: 1163.88
DSC_8458.JPG_max_y: 1571.97
DSC_8458.JPG_min_y: 624.403
