9.602754421452766032e-01 2.559190458487617392e-02 1.515622859578803627e+02
-3.040980353939224945e-01 1.009089996946948675e+00 8.312555632618536094e+01
-9.085530747684904577e-05 -1.299426966464093118e-04 9.999999999999998890e-01
DSC_8414.JPG_max_x: 813.918
DSC_8414.JPG_min_x: 269.477
DSC_8414.JPG_max_y: 1487.53
DSC_8414.JPG_min_y: 1017.14
DSC_8466.JPG_max_x: 1304.3
DSC_8466.JPG_min_x: 627.58
DSC_8466.JPG_max_y: 1982.26
DSC_8466.JPG_min_y: 1121.42
