9.734769940453243953e-01 3.445093995123839070e-01 -6.527494187657832470e+01
-1.510948858861574928e-01 1.052063726189591986e+00 1.902971382107180034e+02
-1.986156729128541766e-04 -5.547759161142615995e-05 1.000000000000000000e+00
DSC_8367.JPG_max_x: 980.144
DSC_8367.JPG_min_x: 16.6057
DSC_8367.JPG_max_y: 593.373
DSC_8367.JPG_min_y: 191.252
DSC_8431.JPG_max_x: 1328.54
DSC_8431.JPG_min_x: 142.145
DSC_8431.JPG_max_y: 839.054
DSC_8431.JPG_min_y: 364.132
