3.136559260275508798e-01 -1.147509177135006136e-01 4.614396498939643152e+02
-1.811125259918698049e-01 5.918842641089649970e-01 5.504677368450161339e+02
-2.060473865067373423e-04 -2.271880263017480862e-05 1.000000000000000000e+00
DSC_8292.JPG_max_x: 1327.23
DSC_8292.JPG_min_x: 276.106
DSC_8292.JPG_max_y: 1202.2
DSC_8292.JPG_min_y: 702.906
DSC_8366.JPG_max_x: 1127.54
DSC_8366.JPG_min_x: 427.59
DSC_8366.JPG_max_y: 1384.24
DSC_8366.JPG_min_y: 1012.87
