2.188786172059611790e+00 1.303597621373273618e+00 1.839416391490431977e+02
1.818061502476531199e-01 2.811504757935810339e+00 -2.464128863622547215e+03
3.752649486383583411e-04 1.931083873763672848e-03 1.000000000000000000e+00
DSC_8256.JPG_max_x: 1167.63
DSC_8256.JPG_min_x: 394.722
DSC_8256.JPG_max_y: 1667.55
DSC_8256.JPG_min_y: 1158.88
DSC_8415.JPG_max_x: 1147.81
DSC_8415.JPG_min_x: 723.708
DSC_8415.JPG_max_y: 508.555
DSC_8415.JPG_min_y: 270.524
