7.238329140960845232e-01 -1.498101110947897517e-02 3.780485806160572793e+01
2.932044719700746191e-02 6.580971417497204490e-01 7.368622864577650589e+00
1.198683011608882992e-04 -8.195941397559938465e-05 1.000000000000000000e+00
DSC_8335.JPG_max_x: 1277.24
DSC_8335.JPG_min_x: 267.671
DSC_8335.JPG_max_y: 968.234
DSC_8335.JPG_min_y: 18.7436
DSC_8365.JPG_max_x: 867.077
DSC_8365.JPG_min_x: 229.975
DSC_8365.JPG_max_y: 633.894
DSC_8365.JPG_min_y: 41.219
