-4.863170255165454869e-01 1.292399811375489344e-02 6.027844960043578340e+02
-6.761395892209912661e-01 -9.341883402005432893e-03 8.770981402924766144e+02
-6.777178447737583142e-04 -9.291508452416764072e-05 1.000000000000000000e+00
DSC_8400.JPG_max_x: 1330.86
DSC_8400.JPG_min_x: 143.944
DSC_8400.JPG_max_y: 1600.75
DSC_8400.JPG_min_y: 1174.9
DSC_8433.JPG_max_x: 680.841
DSC_8433.JPG_min_x: 35.3606
DSC_8433.JPG_max_y: 915.426
DSC_8433.JPG_min_y: 123.957
