1.390818081922996052e+00 8.263525115578986002e-02 -1.329129792758950771e+03
7.313882263606719114e-01 1.358099100222119660e+00 -1.739118343622195368e+02
7.243158899543280117e-04 1.575961215239757513e-04 1.000000000000000000e+00
DSC_8222.JPG_max_x: 1277.84
DSC_8222.JPG_min_x: 913.015
DSC_8222.JPG_max_y: 1897.14
DSC_8222.JPG_min_y: 778.139
DSC_8412.JPG_max_x: 269.967
DSC_8412.JPG_min_x: 7.12349
DSC_8412.JPG_max_y: 1517.52
DSC_8412.JPG_min_y: 871.626
