-4.382272816920191327e-01 -4.080725207511594066e-01 1.018824777551656098e+03
-7.668781100328334599e-01 -3.351758053676618943e-01 1.357348212621634502e+03
-5.023748936823658334e-04 -3.208305134930559402e-04 9.999999999999998890e-01
DSC_8348.JPG_max_x: 1283.56
DSC_8348.JPG_min_x: 932.007
DSC_8348.JPG_max_y: 1321.6
DSC_8348.JPG_min_y: 866.374
DSC_8450.JPG_max_x: 1324.49
DSC_8450.JPG_min_x: 668.578
DSC_8450.JPG_max_y: 1902.56
DSC_8450.JPG_min_y: 1040.1
