1.078899776949741707e+00 -5.924424956970430339e-02 1.598945947015438662e+02
1.507746255326937804e-02 1.029576190107402311e+00 4.295414033290899880e+01
1.865115306450406955e-05 -3.275922552536100275e-05 1.000000000000000000e+00
DSC_8351.JPG_max_x: 1074.5
DSC_8351.JPG_min_x: 165.063
DSC_8351.JPG_max_y: 897.4
DSC_8351.JPG_min_y: 41.6965
DSC_8417.JPG_max_x: 1287.61
DSC_8417.JPG_min_x: 331.909
DSC_8417.JPG_max_y: 984.306
DSC_8417.JPG_min_y: 87.1959
