-1.965813784781200058e+00 1.252178043804295315e+00 7.802006742598871369e+02
-4.099536338248887191e+00 2.616046632112071002e+00 1.624011551898641528e+03
-2.529931042305284730e-03 1.618679585683963822e-03 1.000000000000000000e+00
DSC_8290.JPG_max_x: 1311.26
DSC_8290.JPG_min_x: 80.2457
DSC_8290.JPG_max_y: 1518.64
DSC_8290.JPG_min_y: 342.271
DSC_8466.JPG_max_x: 853.682
DSC_8466.JPG_min_x: 16.4875
DSC_8466.JPG_max_y: 1968.94
DSC_8466.JPG_min_y: 968.605
