-3.151970119973134921e+00 -1.023087599807278147e+00 1.315223813642470077e+03
1.050621875701402141e-01 -3.908775034751023725e+00 4.452585955901317902e+03
4.319433010826081532e-05 -1.500252389593848164e-03 1.000000000000000000e+00
DSC_8216.JPG_max_x: 267.323
DSC_8216.JPG_min_x: 39.5146
DSC_8216.JPG_max_y: 1287.99
DSC_8216.JPG_min_y: 1148.56
DSC_8387.JPG_max_x: 957.637
DSC_8387.JPG_min_x: 125.742
DSC_8387.JPG_max_y: 620.871
DSC_8387.JPG_min_y: 31.3899
