-1.063142458929001277e+00 -2.363976016324818158e-02 7.935244936414103449e+02
-1.734069131437016908e+00 -9.459660005734640276e-01 1.757460360969693284e+03
-1.515786080065524176e-03 -9.957983240917467349e-05 1.000000000000000000e+00
DSC_8278.JPG_max_x: 1034.2
DSC_8278.JPG_min_x: 150.669
DSC_8278.JPG_max_y: 1034.32
DSC_8278.JPG_min_y: 445.571
DSC_8420.JPG_max_x: 715.801
DSC_8420.JPG_min_x: 77.5742
DSC_8420.JPG_max_y: 1835.93
DSC_8420.JPG_min_y: 737.796
