-2.366133330968838433e-01 7.768770215733416737e-03 2.890670083721016113e+02
-8.212132638595407430e-01 -2.016653429057930769e-01 1.132794175871989182e+03
-8.878043950515853702e-04 2.288354434665030963e-05 9.999999999999998890e-01
DSC_8348.JPG_max_x: 1328.72
DSC_8348.JPG_min_x: 536.567
DSC_8348.JPG_max_y: 1255.98
DSC_8348.JPG_min_y: 837.511
DSC_8448.JPG_max_x: 303.672
DSC_8448.JPG_min_x: 8.19525
DSC_8448.JPG_max_y: 1503.87
DSC_8448.JPG_min_y: 742.684
