1.194845631143923170e-01 -8.268932612526408432e-02 5.766514426666117288e+01
-6.481013274575885275e-01 3.773481221684299447e-01 7.466953340042950913e+02
-5.360829015475205650e-04 -1.076775574887076559e-04 1.000000000000000000e+00
DSC_8232.JPG_max_x: 1319.56
DSC_8232.JPG_min_x: 881.913
DSC_8232.JPG_max_y: 1138.21
DSC_8232.JPG_min_y: 595.585
DSC_8436.JPG_max_x: 728.32
DSC_8436.JPG_min_x: 29.4143
DSC_8436.JPG_max_y: 1791.53
DSC_8436.JPG_min_y: 533.949
