-2.151045534604008047e+00 3.714761014833883324e-01 1.072801253434932050e+03
-6.923286438849943769e-01 9.166372418025269253e-01 -6.392136749586292126e+02
-1.524523933723504615e-03 1.918972232370677838e-04 1.000000000000000000e+00
DSC_8232.JPG_max_x: 505.502
DSC_8232.JPG_min_x: 233.824
DSC_8232.JPG_max_y: 1786.76
DSC_8232.JPG_min_y: 1075.24
DSC_8361.JPG_max_x: 1307.94
DSC_8361.JPG_min_x: 378.432
DSC_8361.JPG_max_y: 1038.34
DSC_8361.JPG_min_y: 206.799
