8.583478071047664359e-01 3.160765453215003129e-01 -6.246518439971722501e+02
3.888750282005647985e-01 1.037729993917003268e+00 1.660742971206796483e+03
3.537246982582429775e-04 2.054560236576951260e-04 1.000000000000000000e+00
DSC_8205.JPG_max_x: 1273.63
DSC_8205.JPG_min_x: 641.31
DSC_8205.JPG_max_y: 622.853
DSC_8205.JPG_min_y: 126.735
DSC_8340.JPG_max_x: 387.702
DSC_8340.JPG_min_x: 3.7195
DSC_8340.JPG_max_y: 1859.42
DSC_8340.JPG_min_y: 1579.79
