2.633672048652295761e+00 9.334046790940810912e-01 -2.609795807778341896e+03
4.778394165250321457e-01 7.799183125233077885e-01 1.456371280955738939e+03
1.908936367039547376e-03 -1.194521259011277307e-03 1.000000000000000000e+00
DSC_8217.JPG_max_x: 1323.46
DSC_8217.JPG_min_x: 869.286
DSC_8217.JPG_max_y: 1058.62
DSC_8217.JPG_min_y: 140.433
DSC_8363.JPG_max_x: 811.817
DSC_8363.JPG_min_x: 22.2926
DSC_8363.JPG_max_y: 1280.97
DSC_8363.JPG_min_y: 707.319
