4.043519641666549758e-01 -4.820881752333180392e-01 5.287424355469170223e+02
8.360517013258098595e-01 -8.414937196171544675e-01 9.133910815098627154e+02
5.660367997011398486e-04 -8.233729348977848967e-04 1.000000000000000000e+00
DSC_8272.JPG_max_x: 1302.21
DSC_8272.JPG_min_x: 299.105
DSC_8272.JPG_max_y: 1526.33
DSC_8272.JPG_min_y: 670.025
DSC_8396.JPG_max_x: 931.388
DSC_8396.JPG_min_x: 381.857
DSC_8396.JPG_max_y: 1482.2
DSC_8396.JPG_min_y: 1052.27
