-5.062834513411214044e-01 -4.334720149040490744e-01 1.143004914835196587e+03
-7.224277461516651622e-01 -4.828993819787152919e-01 1.434350272798076276e+03
-4.750711247459572491e-04 -3.590812742580976502e-04 1.000000000000000000e+00
DSC_8270.JPG_max_x: 1044.43
DSC_8270.JPG_min_x: 517.817
DSC_8270.JPG_max_y: 1563.57
DSC_8270.JPG_min_y: 1156.77
DSC_8470.JPG_max_x: 1303.89
DSC_8470.JPG_min_x: 275.006
DSC_8470.JPG_max_y: 1729.72
DSC_8470.JPG_min_y: 1415.44
