2.697767854089438533e+00 2.011179552507042501e-01 -2.807992190872589163e+03
9.861540002101876201e-01 2.558399126744205443e+00 -1.367814412512887657e+03
1.148612318779117930e-03 1.052694353911829843e-04 1.000000000000000000e+00
DSC_8308.JPG_max_x: 1326.7
DSC_8308.JPG_min_x: 950.534
DSC_8308.JPG_max_y: 1602.49
DSC_8308.JPG_min_y: 884.539
DSC_8310.JPG_max_x: 392.108
DSC_8310.JPG_min_x: 11.017
DSC_8310.JPG_max_y: 1555.26
DSC_8310.JPG_min_y: 840.17
