1.134775749008000600e+00 -1.606255844383509476e-02 -2.152522573081243706e+02
2.002404209357721010e-01 7.211754397007634765e-01 9.409437302603615763e+02
2.627805126218143560e-04 -2.275071938574320623e-04 1.000000000000000000e+00
DSC_8447.JPG_max_x: 1035.63
DSC_8447.JPG_min_x: 325.58
DSC_8447.JPG_max_y: 596.155
DSC_8447.JPG_min_y: 251.913
DSC_8452.JPG_max_x: 806.307
DSC_8452.JPG_min_x: 147.94
DSC_8452.JPG_max_y: 1445.77
DSC_8452.JPG_min_y: 1104.57
