3.125152674077020243e-01 -5.306484377367960414e-01 1.051150916670135302e+03
3.206356845584281551e-02 1.588702570122344782e-01 -6.576391035663344375e+00
-1.721287339219727179e-04 -3.488721306909950979e-04 1.000000000000000000e+00
DSC_8260.JPG_max_x: 692.706
DSC_8260.JPG_min_x: 15.9092
DSC_8260.JPG_max_y: 1652.36
DSC_8260.JPG_min_y: 1155.99
DSC_8455.JPG_max_x: 1323.63
DSC_8455.JPG_min_x: 430.041
DSC_8455.JPG_max_y: 801.963
DSC_8455.JPG_min_y: 325.795
