-8.504024535494588699e-01 -3.154770555036804924e-01 9.847543499731632437e+02
-6.236977357953691348e-01 2.893296684552555675e-02 5.320483875344195894e+02
-1.003941313375021844e-03 -2.868429480162662266e-04 1.000000000000000000e+00
DSC_8203.JPG_max_x: 1175.1
DSC_8203.JPG_min_x: 369.647
DSC_8203.JPG_max_y: 1187.91
DSC_8203.JPG_min_y: 46.1119
DSC_8353.JPG_max_x: 1295.66
DSC_8353.JPG_min_x: 654.989
DSC_8353.JPG_max_y: 1332.05
DSC_8353.JPG_min_y: 363.496
