-7.829783034415687126e-01 -4.230208346373081491e-02 8.317985773896061801e+02
-1.038669179239171125e+00 -4.444287296386099650e-01 1.280639204300559641e+03
-1.147351682198837364e-03 -3.507854095887751110e-05 1.000000000000000000e+00
DSC_8250.JPG_max_x: 1321.22
DSC_8250.JPG_min_x: 469.481
DSC_8250.JPG_max_y: 1313.95
DSC_8250.JPG_min_y: 719.735
DSC_8318.JPG_max_x: 799.263
DSC_8318.JPG_min_x: 121.096
DSC_8318.JPG_max_y: 1351.52
DSC_8318.JPG_min_y: 658.762
