2.131168251731753394e+00 -2.150368037756801298e-01 -7.200838519312854942e+02
1.063274080911313924e+00 1.078258155166754273e+00 -2.476883851118779489e+02
1.035925458265013000e-03 -3.282612154556539081e-04 1.000000000000000000e+00
DSC_8314.JPG_max_x: 1202.07
DSC_8314.JPG_min_x: 558.697
DSC_8314.JPG_max_y: 1377.01
DSC_8314.JPG_min_y: 241.61
DSC_8332.JPG_max_x: 810.026
DSC_8332.JPG_min_x: 112.862
DSC_8332.JPG_max_y: 1586.75
DSC_8332.JPG_min_y: 501.739
