1.377482178542525304e+00 2.276049884355479669e-01 -1.137940173986668924e+03
5.172763810106673077e-01 1.695491901934289114e+00 -3.494252780086295047e+02
5.441495820220085614e-04 4.506975763124902550e-04 1.000000000000000000e+00
DSC_8226.JPG_max_x: 1300.75
DSC_8226.JPG_min_x: 565.222
DSC_8226.JPG_max_y: 1735.63
DSC_8226.JPG_min_y: 383.57
DSC_8260.JPG_max_x: 413.435
DSC_8260.JPG_min_x: 10.125
DSC_8260.JPG_max_y: 1329.97
DSC_8260.JPG_min_y: 527.813
