6.844543829277075497e-01 -3.038123381896495334e-01 1.003591293404840457e+02
-5.839797876990677761e-01 -1.798020566465681203e-01 1.429059259191238425e+03
-3.051293386616951622e-04 -5.586002253640711800e-04 1.000000000000000000e+00
DSC_8363.JPG_max_x: 379.288
DSC_8363.JPG_min_x: 60.8639
DSC_8363.JPG_max_y: 511.628
DSC_8363.JPG_min_y: 114.33
DSC_8400.JPG_max_x: 393.466
DSC_8400.JPG_min_x: 51.2539
DSC_8400.JPG_max_y: 1917.76
DSC_8400.JPG_min_y: 1262.55
