-1.216445777687373608e+00 -6.421451534331125144e-01 1.037790322833687014e+03
-1.686428070728744455e+00 -8.583278943883489998e-01 1.423575282570402578e+03
-1.187943625356481991e-03 -6.028711834617854178e-04 1.000000000000000000e+00
DSC_8321.JPG_max_x: 842.633
DSC_8321.JPG_min_x: 33.5338
DSC_8321.JPG_max_y: 1175.0
DSC_8321.JPG_min_y: 28.087
DSC_8350.JPG_max_x: 1220.72
DSC_8350.JPG_min_x: 288.484
DSC_8350.JPG_max_y: 1574.56
DSC_8350.JPG_min_y: 1198.96
