1.947392928595086670e-01 -2.812588330986687701e+00 8.584386545330914942e+02
-5.238934289000801714e-01 -3.097119168730240624e+00 1.498928752390133468e+03
-3.886891563794954039e-04 -2.383277113572762358e-03 1.000000000000000000e+00
DSC_8335.JPG_max_x: 879.342
DSC_8335.JPG_min_x: 290.183
DSC_8335.JPG_max_y: 486.061
DSC_8335.JPG_min_y: 6.48226
DSC_8468.JPG_max_x: 1199.97
DSC_8468.JPG_min_x: 701.355
DSC_8468.JPG_max_y: 1968.75
DSC_8468.JPG_min_y: 929.057
