9.769475883635242441e-01 -2.962743894444701542e-01 1.228116270683422755e+02
7.996048370700810370e-02 1.666451158593672821e-01 1.182441641310342675e+03
4.939161171538064912e-05 -4.993840252316572191e-04 1.000000000000000000e+00
DSC_8353.JPG_max_x: 802.703
DSC_8353.JPG_min_x: 155.472
DSC_8353.JPG_max_y: 395.079
DSC_8353.JPG_min_y: 110.246
DSC_8446.JPG_max_x: 916.49
DSC_8446.JPG_min_x: 253.472
DSC_8446.JPG_max_y: 1556.13
DSC_8446.JPG_min_y: 1273.08
