-4.537468533367413071e-01 -5.471128046150964819e-01 9.663499876765149565e+02
-3.198631685905302113e-01 -3.613860445130511745e-01 6.492230440100454416e+02
-4.781228812157836531e-04 -5.626312661363183469e-04 1.000000000000000000e+00
DSC_8430.JPG_max_x: 583.635
DSC_8430.JPG_min_x: 22.6084
DSC_8430.JPG_max_y: 1735.26
DSC_8430.JPG_min_y: 1295.56
DSC_8471.JPG_max_x: 1284.39
DSC_8471.JPG_min_x: 376.669
DSC_8471.JPG_max_y: 1341.58
DSC_8471.JPG_min_y: 288.645
