2.111953740684854530e+00 6.913395338733976381e-01 -1.011626918612946611e+03
-5.527346488678798186e-01 2.672211069344886170e+00 -2.773807834312321120e+03
-2.320024573525811869e-04 8.408360121946809995e-04 1.000000000000000000e+00
DSC_8438.JPG_max_x: 1211.85
DSC_8438.JPG_min_x: 513.149
DSC_8438.JPG_max_y: 1961.53
DSC_8438.JPG_min_y: 1276.18
DSC_8439.JPG_max_x: 1289.41
DSC_8439.JPG_min_x: 528.013
DSC_8439.JPG_max_y: 847.426
DSC_8439.JPG_min_y: 91.2186
