3.465970872477543430e-01 -4.086591717861210241e-03 1.081433955511229669e+03
-3.429085926265202366e-01 9.078617421864915160e-01 3.645636371520627961e+01
-4.139648255875380133e-04 5.385619865985905128e-05 1.000000000000000000e+00
DSC_8232.JPG_max_x: 369.539
DSC_8232.JPG_min_x: 64.3149
DSC_8232.JPG_max_y: 1730.41
DSC_8232.JPG_min_y: 841.549
DSC_8246.JPG_max_x: 1327.95
DSC_8246.JPG_min_x: 1071.87
DSC_8246.JPG_max_y: 1536.13
DSC_8246.JPG_min_y: 761.965
