1.287567783610955363e+00 3.801437457658415463e-03 -3.289231460306076542e+02
7.893428562275316140e-02 1.170802893950364965e+00 1.331386837837916630e+02
7.778752804675373531e-05 -1.336983713743819367e-05 1.000000000000000000e+00
DSC_8417.JPG_max_x: 1295.5
DSC_8417.JPG_min_x: 297.781
DSC_8417.JPG_max_y: 694.216
DSC_8417.JPG_min_y: 12.3528
DSC_8433.JPG_max_x: 1227.24
DSC_8433.JPG_min_x: 50.4362
DSC_8433.JPG_max_y: 962.712
DSC_8433.JPG_min_y: 194.064
