3.662204457937486612e+00 2.039594794561313762e+00 1.682268666902428322e+03
3.364321788876254993e-01 1.113833049449721635e+01 -1.195969142955932693e+04
-3.754270042149695282e-03 3.813441433632081077e-03 1.000000000000000000e+00
DSC_8232.JPG_max_x: 496.996
DSC_8232.JPG_min_x: 134.805
DSC_8232.JPG_max_y: 1807.24
DSC_8232.JPG_min_y: 1149.35
DSC_8423.JPG_max_x: 1322.16
DSC_8423.JPG_min_x: 864.512
DSC_8423.JPG_max_y: 1299.96
DSC_8423.JPG_min_y: 188.201
