1.926119399372908436e+00 7.671648565788209695e-02 7.481569296800159918e+01
4.081362093950451353e-01 2.542916678183039014e+00 -6.332473825710297888e+02
3.591111176930322519e-04 5.389158228872127426e-04 9.999999999999998890e-01
DSC_8198.JPG_max_x: 1308.83
DSC_8198.JPG_min_x: 9.0567
DSC_8198.JPG_max_y: 1245.88
DSC_8198.JPG_min_y: 622.194
DSC_8362.JPG_max_x: 1330.47
DSC_8362.JPG_min_x: 122.623
DSC_8362.JPG_max_y: 1523.66
DSC_8362.JPG_min_y: 794.085
