6.668247093581305407e-01 -1.392772569560945528e-01 3.092548055288084470e+02
8.693110169001505572e-02 4.913801797310489716e-01 -5.503982645527755579e+01
2.405378902328637219e-04 -2.481439172607657006e-04 1.000000000000000000e+00
DSC_8289.JPG_max_x: 1220.65
DSC_8289.JPG_min_x: 448.055
DSC_8289.JPG_max_y: 1574.85
DSC_8289.JPG_min_y: 283.483
DSC_8319.JPG_max_x: 1006.22
DSC_8319.JPG_min_x: 559.54
DSC_8319.JPG_max_y: 922.747
DSC_8319.JPG_min_y: 138.225
