-1.518124451344589732e+00 7.181664313756069840e-02 1.207246745184847441e+03
-2.031053321481691931e+00 5.705768874655324785e-01 7.855647775021373036e+02
-1.463717746349508467e-03 7.203381767098368949e-05 9.999999999999998890e-01
DSC_8320.JPG_max_x: 1166.77
DSC_8320.JPG_min_x: 53.2677
DSC_8320.JPG_max_y: 1693.41
DSC_8320.JPG_min_y: 507.265
DSC_8416.JPG_max_x: 1294.83
DSC_8416.JPG_min_x: 772.623
DSC_8416.JPG_max_y: 1634.04
DSC_8416.JPG_min_y: 967.01
