6.556521286254483050e-01 1.852237446803301768e-01 6.657954155427486285e+02
2.454591019191618845e-02 1.035892054823576158e+00 -8.741735307713488510e+02
-1.876403740892064562e-04 3.478632951927691677e-04 1.000000000000000000e+00
DSC_8256.JPG_max_x: 1106.32
DSC_8256.JPG_min_x: 305.116
DSC_8256.JPG_max_y: 1658.27
DSC_8256.JPG_min_y: 962.66
DSC_8447.JPG_max_x: 1324.43
DSC_8447.JPG_min_x: 798.814
DSC_8447.JPG_max_y: 553.808
DSC_8447.JPG_min_y: 104.18
