1.639463812797428810e+00 -1.802531102855326473e-01 2.516913144189139118e+01
1.553236026782912893e-01 1.170922313059763464e+00 -9.731743977095391074e+01
4.148714451782981619e-05 -3.370592978059682126e-04 1.000000000000000000e+00
DSC_8264.JPG_max_x: 470.514
DSC_8264.JPG_min_x: 66.2062
DSC_8264.JPG_max_y: 1010.49
DSC_8264.JPG_min_y: 615.041
DSC_8420.JPG_max_x: 866.953
DSC_8420.JPG_min_x: 30.5292
DSC_8420.JPG_max_y: 1675.34
DSC_8420.JPG_min_y: 784.969
