2.842886866262662515e+00 4.176167115944781627e-01 -1.222659847481045745e+03
6.342230211281024710e-02 3.293339470445700190e+00 -3.143739188110233954e+03
-5.370140353252298750e-04 7.260150844074962856e-04 1.000000000000000000e+00
DSC_8332.JPG_max_x: 824.847
DSC_8332.JPG_min_x: 536.511
DSC_8332.JPG_max_y: 1247.6
DSC_8332.JPG_min_y: 991.672
DSC_8437.JPG_max_x: 1142.14
DSC_8437.JPG_min_x: 510.143
DSC_8437.JPG_max_y: 630.676
DSC_8437.JPG_min_y: 112.694
