3.521901828015650437e+00 -8.851340224709590698e-01 -1.813727320071772283e+03
7.096480284073022338e-01 3.434143694516627487e+00 -1.189250465690302235e+03
1.413098872025036166e-03 6.216682059404772618e-04 1.000000000000000000e+00
DSC_8325.JPG_max_x: 1280.94
DSC_8325.JPG_min_x: 696.451
DSC_8325.JPG_max_y: 929.752
DSC_8325.JPG_min_y: 148.872
DSC_8411.JPG_max_x: 826.274
DSC_8411.JPG_min_x: 114.874
DSC_8411.JPG_max_y: 896.344
DSC_8411.JPG_min_y: 63.7913
