6.119421097882826732e-01 -2.036612895186790784e+00 1.750250074595346632e+03
2.381411923603857783e-01 -3.147924154321780410e+00 3.476081036115193456e+03
1.276631751525754465e-03 -1.539754030086361953e-03 1.000000000000000000e+00
DSC_8200.JPG_max_x: 777.957
DSC_8200.JPG_min_x: 256.02
DSC_8200.JPG_max_y: 1218.29
DSC_8200.JPG_min_y: 898.419
DSC_8283.JPG_max_x: 1290.36
DSC_8283.JPG_min_x: 721.952
DSC_8283.JPG_max_y: 1395.74
DSC_8283.JPG_min_y: 126.406
