1.136643877650432977e+01 4.797423131715786049e+00 -9.357664262429703740e+03
-6.390477651156097894e-01 1.411620808034292729e+01 -1.765070964619530059e+04
-1.169146691058745401e-05 6.296031806117949846e-03 1.000000000000000000e+00
DSC_8246.JPG_max_x: 1298.48
DSC_8246.JPG_min_x: 490.144
DSC_8246.JPG_max_y: 1914.41
DSC_8246.JPG_min_y: 1426.61
DSC_8247.JPG_max_x: 1168.04
DSC_8247.JPG_min_x: 335.229
DSC_8247.JPG_max_y: 670.978
DSC_8247.JPG_min_y: 168.02
