3.722278927499480528e-01 -1.776083550789159804e-01 5.073490612232474177e+02
-1.757437095664990956e-01 8.454297266662731403e-01 4.767182552954035373e+02
-4.015223851666213303e-04 2.158447603045301721e-05 1.000000000000000000e+00
DSC_8263.JPG_max_x: 975.953
DSC_8263.JPG_min_x: 161.048
DSC_8263.JPG_max_y: 843.237
DSC_8263.JPG_min_y: 13.8091
DSC_8441.JPG_max_x: 1215.77
DSC_8441.JPG_min_x: 589.965
DSC_8441.JPG_max_y: 1606.57
DSC_8441.JPG_min_y: 505.843
