-4.051627725515268008e-02 -1.270271349335961864e-01 2.633672107045999837e+02
-7.364614082114977200e-02 -1.693758113764053802e-02 1.065055650902556579e+02
-1.814987320122165378e-04 -4.647246839212548796e-04 1.000000000000000000e+00
DSC_8422.JPG_max_x: 1250.63
DSC_8422.JPG_min_x: 199.263
DSC_8422.JPG_max_y: 1778.0
DSC_8422.JPG_min_y: 1422.62
DSC_8439.JPG_max_x: 908.369
DSC_8439.JPG_min_x: 12.8111
DSC_8439.JPG_max_y: 1376.24
DSC_8439.JPG_min_y: 82.4051
