5.731558436843585014e+00 7.819588605900252842e-01 -6.024047671287952653e+03
4.034596396687021524e+00 6.159909071409007453e+00 -4.272078874039507355e+03
3.365144661740114129e-03 1.362547753916287883e-03 1.000000000000000000e+00
DSC_8226.JPG_max_x: 1307.38
DSC_8226.JPG_min_x: 831.678
DSC_8226.JPG_max_y: 1904.84
DSC_8226.JPG_min_y: 383.735
DSC_8244.JPG_max_x: 309.802
DSC_8244.JPG_min_x: 21.6179
DSC_8244.JPG_max_y: 1617.47
DSC_8244.JPG_min_y: 567.834
