1.043639031528001970e+00 3.692413603037411063e-01 -1.357584890931130985e+03
-2.957892675838534324e-01 1.166426529575135929e+00 3.940362741092591250e+02
1.850219796901553921e-04 2.748884154653647496e-05 1.000000000000000000e+00
DSC_8291.JPG_max_x: 1328.49
DSC_8291.JPG_min_x: 879.76
DSC_8291.JPG_max_y: 1352.06
DSC_8291.JPG_min_y: 437.906
DSC_8293.JPG_max_x: 256.894
DSC_8293.JPG_min_x: 28.3843
DSC_8293.JPG_max_y: 1426.93
DSC_8293.JPG_min_y: 419.613
