1.432294784265832899e+00 1.107783908428276565e+00 8.005453690600726304e+02
8.077330893074760598e-02 2.270266309943052452e+00 -2.260707627221876919e+03
-7.099380601150552051e-04 1.172797961296855648e-03 1.000000000000000000e+00
DSC_8260.JPG_max_x: 435.268
DSC_8260.JPG_min_x: 10.9526
DSC_8260.JPG_max_y: 1545.24
DSC_8260.JPG_min_y: 1146.3
DSC_8275.JPG_max_x: 1313.89
DSC_8275.JPG_min_x: 899.203
DSC_8275.JPG_max_y: 445.606
DSC_8275.JPG_min_y: 161.317
