-1.307644756285143206e+00 -5.712524354537527049e-01 1.043750288484724251e+03
-2.519350808092212013e+00 -5.886702860567917250e-01 1.163272815329148898e+03
-1.514337986078822043e-03 -5.792537152070508693e-04 1.000000000000000000e+00
DSC_8308.JPG_max_x: 690.416
DSC_8308.JPG_min_x: 32.8358
DSC_8308.JPG_max_y: 1602.38
DSC_8308.JPG_min_y: 721.999
DSC_8396.JPG_max_x: 1245.3
DSC_8396.JPG_min_x: 357.299
DSC_8396.JPG_max_y: 1680.47
DSC_8396.JPG_min_y: 1058.09
