6.128330843378413384e-01 -2.459711315713452445e-02 -1.556256393038796659e+01
9.396426809491941617e-03 4.983626837920154262e-01 6.723814413499781040e+02
-2.845611245215555001e-06 -5.970105051820685593e-05 1.000000000000000000e+00
DSC_8320.JPG_max_x: 1322.5
DSC_8320.JPG_min_x: 63.869
DSC_8320.JPG_max_y: 1528.42
DSC_8320.JPG_min_y: 507.265
DSC_8414.JPG_max_x: 819.632
DSC_8414.JPG_min_x: 13.5027
DSC_8414.JPG_max_y: 1554.99
DSC_8414.JPG_min_y: 967.199
