4.976876490186739610e-01 -1.109212940026580857e-01 1.542983973210455133e+02
8.097626542970867702e-02 1.731095343047658885e-01 1.240937189643928150e+03
4.344533303457088997e-05 -1.925472118155136946e-04 1.000000000000000000e+00
DSC_8225.JPG_max_x: 1264.63
DSC_8225.JPG_min_x: 193.424
DSC_8225.JPG_max_y: 867.078
DSC_8225.JPG_min_y: 291.454
DSC_8428.JPG_max_x: 750.33
DSC_8428.JPG_min_x: 193.055
DSC_8428.JPG_max_y: 1657.05
DSC_8428.JPG_min_y: 1378.19
