1.684545494149951583e+00 5.126060699622454475e-01 -3.144107546443115666e+02
-1.277852509078291066e-01 2.340837852490978310e+00 1.052665297941887502e+03
-2.303080416735712554e-04 4.667158115199561397e-04 1.000000000000000000e+00
DSC_8379.JPG_max_x: 625.057
DSC_8379.JPG_min_x: 211.002
DSC_8379.JPG_max_y: 645.424
DSC_8379.JPG_min_y: 12.8961
DSC_8448.JPG_max_x: 1023.77
DSC_8448.JPG_min_x: 41.908
DSC_8448.JPG_max_y: 1978.88
DSC_8448.JPG_min_y: 1181.61
