2.525183347351529051e+00 1.042298876782115746e+00 -1.337732564072194918e+03
-1.373956750589608033e-01 3.427258950603902843e+00 -3.425752584486840988e+03
-1.825600540709564393e-04 1.026242090431968247e-03 1.000000000000000000e+00
DSC_8430.JPG_max_x: 1095.49
DSC_8430.JPG_min_x: 93.6694
DSC_8430.JPG_max_y: 1694.35
DSC_8430.JPG_min_y: 1176.39
DSC_8447.JPG_max_x: 1324.43
DSC_8447.JPG_min_x: 232.887
DSC_8447.JPG_max_y: 891.266
DSC_8447.JPG_min_y: 251.913
