-8.111431610480417476e+02 -3.695746674931275066e+01 7.528232358018965460e+05
-2.277289698539167659e+02 -5.805732208924532642e+02 4.882425030409867177e+05
-2.425800619853272777e-01 -2.713999639938457359e-02 1.000000000000000000e+00
DSC_8266.JPG_max_x: 1189.7
DSC_8266.JPG_min_x: 902.292
DSC_8266.JPG_max_y: 1411.73
DSC_8266.JPG_min_y: 648.303
DSC_8304.JPG_max_x: 797.589
DSC_8304.JPG_min_x: 34.3222
DSC_8304.JPG_max_y: 1963.03
DSC_8304.JPG_min_y: 448.518
