5.728115629687777766e-01 5.151602679336102497e-01 3.350588946144078477e+02
3.021958583435467929e-02 8.596507276474131265e-01 1.020885889001007968e+03
1.001720819939089997e-05 3.035425316366993599e-04 1.000000000000000000e+00
DSC_8341.JPG_max_x: 1216.48
DSC_8341.JPG_min_x: 160.682
DSC_8341.JPG_max_y: 1037.11
DSC_8341.JPG_min_y: 407.206
DSC_8474.JPG_max_x: 1178.74
DSC_8474.JPG_min_x: 621.708
DSC_8474.JPG_max_y: 1457.48
DSC_8474.JPG_min_y: 1221.58
