1.738583770660307559e+00 2.176519024994424678e-01 -5.430263119511287186e+02
6.689635556777304148e-03 1.872353289634658191e+00 -1.492572197860095457e+03
1.564801898684233105e-05 4.693098445205627503e-04 1.000000000000000000e+00
DSC_8294.JPG_max_x: 1309.03
DSC_8294.JPG_min_x: 255.044
DSC_8294.JPG_max_y: 1496.28
DSC_8294.JPG_min_y: 1013.21
DSC_8455.JPG_max_x: 1256.85
DSC_8455.JPG_min_x: 100.452
DSC_8455.JPG_max_y: 787.703
DSC_8455.JPG_min_y: 263.624
