-1.825584477125046790e-01 -1.408117111289572398e-01 3.143433144749022290e+02
-3.380808925529513731e-01 -9.104863737978341476e-01 8.037039322428298647e+02
-6.320126523189464104e-04 -9.418431619115470374e-04 9.999999999999998890e-01
DSC_8253.JPG_max_x: 1324.89
DSC_8253.JPG_min_x: 305.922
DSC_8253.JPG_max_y: 727.452
DSC_8253.JPG_min_y: 602.112
DSC_8255.JPG_max_x: 1047.24
DSC_8255.JPG_min_x: 8.72259
DSC_8255.JPG_max_y: 593.196
DSC_8255.JPG_min_y: 452.663
