-8.413104538947733246e-01 -6.317086889979077746e-01 1.167503225137812251e+03
-1.112529689467294025e+00 -5.526543215678527687e-01 1.228955475914311364e+03
-7.671659814568203197e-04 -5.174807836539088669e-04 1.000000000000000000e+00
DSC_8436.JPG_max_x: 976.728
DSC_8436.JPG_min_x: 548.472
DSC_8436.JPG_max_y: 1754.15
DSC_8436.JPG_min_y: 543.83
DSC_8458.JPG_max_x: 1319.61
DSC_8458.JPG_min_x: 732.203
DSC_8458.JPG_max_y: 1962.71
DSC_8458.JPG_min_y: 557.862
