1.435698306691802761e+00 1.507084960971022958e-01 6.446875497846897360e+02
1.112058902416736550e-01 1.434964347631889403e+00 -1.314958244943554064e+03
3.249359024520274324e-04 3.684809264134130736e-04 1.000000000000000000e+00
DSC_8252.JPG_max_x: 693.359
DSC_8252.JPG_min_x: 35.8972
DSC_8252.JPG_max_y: 1421.51
DSC_8252.JPG_min_y: 955.931
DSC_8433.JPG_max_x: 1121.15
DSC_8433.JPG_min_x: 615.886
DSC_8433.JPG_max_y: 473.445
DSC_8433.JPG_min_y: 60.5363
