6.208593001771501640e+00 3.155825456910001492e+00 -8.174876830280029935e+03
-1.510714883808456921e-01 7.262678723496093447e+00 -1.203353763436860845e+03
3.478490212504164319e-03 1.384429728705811142e-03 1.000000000000000000e+00
DSC_8331.JPG_max_x: 1233.52
DSC_8331.JPG_min_x: 789.196
DSC_8331.JPG_max_y: 1366.17
DSC_8331.JPG_min_y: 418.338
DSC_8419.JPG_max_x: 366.087
DSC_8419.JPG_min_x: 10.7299
DSC_8419.JPG_max_y: 1417.96
DSC_8419.JPG_min_y: 285.393
