-3.476372080275369036e+00 2.878235470173597932e+00 1.032664579311840043e+03
-4.075730095180496448e+00 4.042099315588618680e+00 8.341564807995706587e+02
-3.624717248655318080e-03 2.713978149759865670e-03 1.000000000000000000e+00
DSC_8277.JPG_max_x: 640.359
DSC_8277.JPG_min_x: 22.8298
DSC_8277.JPG_max_y: 695.527
DSC_8277.JPG_min_y: 210.103
DSC_8294.JPG_max_x: 1314.75
DSC_8294.JPG_min_x: 862.501
DSC_8294.JPG_max_y: 1496.28
DSC_8294.JPG_min_y: 1046.65
