-4.867781760258599100e+00 -1.527149605012134037e+00 6.878684588290590909e+03
3.629190350141015542e-01 -5.747105065085790443e+00 5.660012080402435458e+03
-1.210902612445127627e-03 -1.600464308327973406e-03 9.999999999999998890e-01
DSC_8194.JPG_max_x: 1329.0
DSC_8194.JPG_min_x: 944.232
DSC_8194.JPG_max_y: 1988.37
DSC_8194.JPG_min_y: 1082.54
DSC_8361.JPG_max_x: 576.029
DSC_8361.JPG_min_x: 226.319
DSC_8361.JPG_max_y: 1628.47
DSC_8361.JPG_min_y: 49.0641
