8.327358807117860584e-01 2.325279956881664833e-01 1.708877595146978479e+02
-6.276440089653893828e-02 9.701212242443733036e-01 2.093352374173778401e+02
-5.712952386971652214e-05 7.747592870839210344e-05 1.000000000000000000e+00
DSC_8354.JPG_max_x: 979.055
DSC_8354.JPG_min_x: 10.5182
DSC_8354.JPG_max_y: 1900.35
DSC_8354.JPG_min_y: 585.735
DSC_8412.JPG_max_x: 1205.83
DSC_8412.JPG_min_x: 386.039
DSC_8412.JPG_max_y: 1776.98
DSC_8412.JPG_min_y: 720.892
