4.952991546338913476e-01 2.116013208878006202e-01 5.417316742910760468e+02
-6.095116831062709073e-01 1.014416483054587648e+00 5.525648072412923284e+02
-3.618536740568240083e-04 1.207257149283129415e-04 1.000000000000000000e+00
DSC_8238.JPG_max_x: 722.362
DSC_8238.JPG_min_x: 202.798
DSC_8238.JPG_max_y: 1392.04
DSC_8238.JPG_min_y: 777.733
DSC_8466.JPG_max_x: 1318.77
DSC_8466.JPG_min_x: 812.826
DSC_8466.JPG_max_y: 1689.31
DSC_8466.JPG_min_y: 1120.91
