-9.046906088339191632e-01 -7.198310981075000115e-01 1.294602778464385892e+03
-1.092103360950386737e+00 -9.524248925421386902e-01 1.668475137663477426e+03
-7.029395411013918561e-04 -5.546803837812955837e-04 1.000000000000000000e+00
DSC_8430.JPG_max_x: 560.715
DSC_8430.JPG_min_x: 348.612
DSC_8430.JPG_max_y: 1543.29
DSC_8430.JPG_min_y: 1219.21
DSC_8470.JPG_max_x: 1330.79
DSC_8470.JPG_min_x: 485.465
DSC_8470.JPG_max_y: 1898.73
DSC_8470.JPG_min_y: 1429.02
