-1.703622315523936059e-01 -8.206109857089981530e-01 8.145362591966203354e+02
-2.555392008193081432e-01 -5.358241691773227844e-01 6.437989334926079437e+02
-2.105589038965734064e-04 -9.887836151198209876e-04 9.999999999999998890e-01
DSC_8268.JPG_max_x: 829.143
DSC_8268.JPG_min_x: 13.725
DSC_8268.JPG_max_y: 1695.52
DSC_8268.JPG_min_y: 725.689
DSC_8335.JPG_max_x: 1024.97
DSC_8335.JPG_min_x: 817.461
DSC_8335.JPG_max_y: 871.583
DSC_8335.JPG_min_y: 2.53289
