3.839852129513547374e-01 -4.609205539977805355e-01 1.216084849554682251e+03
-1.338463101177190806e-01 2.947459912746075439e-01 1.028114182092654346e+03
-2.280932429716668879e-04 -2.211393336902474154e-04 1.000000000000000000e+00
DSC_8311.JPG_max_x: 308.436
DSC_8311.JPG_min_x: 16.2382
DSC_8311.JPG_max_y: 954.601
DSC_8311.JPG_min_y: 436.096
DSC_8454.JPG_max_x: 1325.96
DSC_8454.JPG_min_x: 1111.25
DSC_8454.JPG_max_y: 1721.68
DSC_8454.JPG_min_y: 1287.84
