1.215387500061688053e+00 9.331363298990356936e-02 -1.310390175256758539e+03
-1.401652660064246492e-01 1.242617972747054544e+00 6.229477642755788480e+01
8.941268687428775733e-05 -5.113187962174352855e-05 1.000000000000000000e+00
DSC_8294.JPG_max_x: 1318.95
DSC_8294.JPG_min_x: 1174.35
DSC_8294.JPG_max_y: 1352.17
DSC_8294.JPG_min_y: 491.944
DSC_8310.JPG_max_x: 390.306
DSC_8310.JPG_min_x: 164.938
DSC_8310.JPG_max_y: 1501.64
DSC_8310.JPG_min_y: 468.79
