-1.421085786016715036e-01 -8.891222578828092069e-03 1.669040419820832994e+02
-7.122692083080324199e-01 -1.338793685272494371e-01 7.735578237918912237e+02
-9.895754950375850595e-04 -3.185052217656773421e-05 1.000000000000000000e+00
DSC_8314.JPG_max_x: 1208.28
DSC_8314.JPG_min_x: 972.493
DSC_8314.JPG_max_y: 1088.03
DSC_8314.JPG_min_y: 362.419
DSC_8234.JPG_max_x: 1053.35
DSC_8234.JPG_min_x: 9.32304
DSC_8234.JPG_max_y: 1074.1
DSC_8234.JPG_min_y: 650.086
