3.951387669056440066e-02 4.559821004405678613e-02 8.979083992334474260e+02
-6.592491201146386537e-01 7.294112223240007964e-01 6.436398825841230291e+02
-5.949562065508512930e-04 1.191438470173038916e-04 9.999999999999998890e-01
DSC_8274.JPG_max_x: 680.083
DSC_8274.JPG_min_x: 60.4801
DSC_8274.JPG_max_y: 1193.91
DSC_8274.JPG_min_y: 597.799
DSC_8472.JPG_max_x: 1325.6
DSC_8472.JPG_min_x: 884.589
DSC_8472.JPG_max_y: 1436.48
DSC_8472.JPG_min_y: 1002.14
