2.389410855583268267e-01 -8.400801469272054511e-01 9.447652623500753180e+02
-2.314159375770824534e-02 -9.230061724851622573e-01 1.106395288913869990e+03
6.903512879593239385e-05 -8.580748317578613818e-04 1.000000000000000000e+00
DSC_8274.JPG_max_x: 413.112
DSC_8274.JPG_min_x: 111.714
DSC_8274.JPG_max_y: 1270.72
DSC_8274.JPG_min_y: 612.862
DSC_8366.JPG_max_x: 1106.96
DSC_8366.JPG_min_x: 483.953
DSC_8366.JPG_max_y: 1288.13
DSC_8366.JPG_min_y: 1020.7
