2.282475390954902261e-01 -3.088940379843650441e-01 8.612158296518921361e+02
-4.403355911424437497e-01 5.186214900246433057e-01 1.120878230669370623e+03
-5.218945193527797094e-04 -1.486502479962235543e-04 1.000000000000000000e+00
DSC_8265.JPG_max_x: 319.266
DSC_8265.JPG_min_x: 133.204
DSC_8265.JPG_max_y: 567.961
DSC_8265.JPG_min_y: 22.2369
DSC_8298.JPG_max_x: 1029.04
DSC_8298.JPG_min_x: 891.098
DSC_8298.JPG_max_y: 1703.56
DSC_8298.JPG_min_y: 1163.47
