8.276299435916306679e-01 -3.142423313858232481e-01 -3.679009183180670561e+01
1.838287730195846126e-01 2.118794638120942431e-01 1.114134757781314647e+03
7.039786119930174215e-05 -4.259990974302596458e-04 1.000000000000000000e+00
DSC_8367.JPG_max_x: 1320.7
DSC_8367.JPG_min_x: 263.161
DSC_8367.JPG_max_y: 710.028
DSC_8367.JPG_min_y: 166.611
DSC_8380.JPG_max_x: 1018.24
DSC_8380.JPG_min_x: 87.2008
DSC_8380.JPG_max_y: 1884.66
DSC_8380.JPG_min_y: 1284.16
