-3.656022016611579217e-02 -1.165023553316948401e+00 1.126257221671827892e+03
-3.535432569641064338e-01 -4.903432214596237793e-01 6.637602538584153535e+02
-3.206829722379884984e-04 -8.769579273141991016e-04 1.000000000000000000e+00
DSC_8323.JPG_max_x: 641.712
DSC_8323.JPG_min_x: 46.6363
DSC_8323.JPG_max_y: 947.424
DSC_8323.JPG_min_y: 200.987
DSC_8431.JPG_max_x: 1328.54
DSC_8431.JPG_min_x: 32.9265
DSC_8431.JPG_max_y: 921.244
DSC_8431.JPG_min_y: 387.447
