-5.672859290989427095e-01 -1.449429630106959521e-01 6.897282796200380517e+02
-3.767884551071212784e-02 -2.453496823727903953e-01 2.588256726854890530e+02
-8.461647309852602218e-04 -2.910971918186318146e-04 1.000000000000000000e+00
DSC_8250.JPG_max_x: 1274.25
DSC_8250.JPG_min_x: 34.7548
DSC_8250.JPG_max_y: 1295.74
DSC_8250.JPG_min_y: 731.204
DSC_8399.JPG_max_x: 723.786
DSC_8399.JPG_min_x: 365.403
DSC_8399.JPG_max_y: 318.252
DSC_8399.JPG_min_y: 42.2025
