1.075641127058412083e+00 -7.030556867104163082e-03 -4.375912414054406554e+02
3.953446047333604441e-02 9.327238781038752480e-01 -8.165718638181051858e+01
1.704425119090007359e-04 -3.174685677462241016e-05 1.000000000000000000e+00
DSC_8337.JPG_max_x: 1320.43
DSC_8337.JPG_min_x: 443.732
DSC_8337.JPG_max_y: 1303.51
DSC_8337.JPG_min_y: 175.845
DSC_8353.JPG_max_x: 801.634
DSC_8353.JPG_min_x: 18.4191
DSC_8353.JPG_max_y: 1077.06
DSC_8353.JPG_min_y: 91.8099
