3.469193135975440767e-01 -3.145853586814322811e-01 7.903048455146158631e+02
3.783312174653526150e-02 5.285771631048366004e-01 1.239925185206950715e+02
-1.727703830823799328e-04 -7.515799224799756483e-05 1.000000000000000000e+00
DSC_8345.JPG_max_x: 1315.97
DSC_8345.JPG_min_x: 267.994
DSC_8345.JPG_max_y: 1787.84
DSC_8345.JPG_min_y: 631.908
DSC_8425.JPG_max_x: 1069.32
DSC_8425.JPG_min_x: 695.871
DSC_8425.JPG_max_y: 1726.62
DSC_8425.JPG_min_y: 511.725
