-2.440467454104299216e-01 -3.943516433077020600e-01 5.308976948579421560e+02
-5.360903205864506749e-01 -9.068346400230201665e-01 1.191251666958714623e+03
-4.563208074962331502e-04 -7.494641178780035067e-04 1.000000000000000000e+00
DSC_8318.JPG_max_x: 1311.5
DSC_8318.JPG_min_x: 381.878
DSC_8318.JPG_max_y: 1064.62
DSC_8318.JPG_min_y: 570.47
DSC_8470.JPG_max_x: 584.07
DSC_8470.JPG_min_x: 456.894
DSC_8470.JPG_max_y: 1560.19
DSC_8470.JPG_min_y: 1058.63
