1.511282590117251301e+00 5.635439191653945912e-01 -5.299217115774575859e+02
-1.717243834077151754e-01 1.169520857240763378e+00 -3.040245302435418751e+01
-4.460111303771334017e-05 1.017849023802955001e-04 9.999999999999998890e-01
DSC_8397.JPG_max_x: 981.206
DSC_8397.JPG_min_x: 339.663
DSC_8397.JPG_max_y: 538.896
DSC_8397.JPG_min_y: 199.709
DSC_8473.JPG_max_x: 1160.17
DSC_8473.JPG_min_x: 189.001
DSC_8473.JPG_max_y: 444.028
DSC_8473.JPG_min_y: 88.7791
