5.429805941095584565e-01 1.033735405778834632e-01 3.513832753252515886e+02
-6.843965107478641730e-02 6.099380332990076425e-01 1.583040471249893244e+02
-1.765837616269598097e-04 -2.008857055421209683e-04 1.000000000000000000e+00
DSC_8395.JPG_max_x: 1020.74
DSC_8395.JPG_min_x: 63.1113
DSC_8395.JPG_max_y: 838.972
DSC_8395.JPG_min_y: 239.633
DSC_8413.JPG_max_x: 1250.8
DSC_8413.JPG_min_x: 467.669
DSC_8413.JPG_max_y: 856.009
DSC_8413.JPG_min_y: 303.387
