3.342249007925203741e-01 -3.322052788182076194e-02 7.650416057669269776e+02
-1.788336275719979163e-01 8.956033781522171333e-01 3.683795473528428488e+01
-2.382677542034892810e-04 2.069439113295970192e-05 1.000000000000000000e+00
DSC_8248.JPG_max_x: 907.513
DSC_8248.JPG_min_x: 23.6073
DSC_8248.JPG_max_y: 1666.21
DSC_8248.JPG_min_y: 498.964
DSC_8278.JPG_max_x: 1322.66
DSC_8278.JPG_min_x: 678.792
DSC_8278.JPG_max_y: 1552.46
DSC_8278.JPG_min_y: 401.926
