-1.403283364456754967e+01 -2.616339951402120612e+00 -6.842102546695353340e+03
-9.883465490680737320e-01 -2.867316701239795762e+01 3.224478643297814051e+04
8.353945645141193713e-03 -1.623233704764466198e-02 1.000000000000000000e+00
DSC_8324.JPG_max_x: 789.909
DSC_8324.JPG_min_x: 109.132
DSC_8324.JPG_max_y: 1588.41
DSC_8324.JPG_min_y: 1279.97
DSC_8339.JPG_max_x: 1284.83
DSC_8339.JPG_min_x: 605.361
DSC_8339.JPG_max_y: 760.795
DSC_8339.JPG_min_y: 262.188
