-2.734229696892648276e-01 -4.349440611555859815e-01 8.058325522925471205e+02
-3.275890746192796632e-01 -4.334047346843143689e-02 2.424031273525560550e+02
-6.848026518946855653e-04 -4.311390075956604085e-04 1.000000000000000000e+00
DSC_8380.JPG_max_x: 701.207
DSC_8380.JPG_min_x: 109.489
DSC_8380.JPG_max_y: 1657.4
DSC_8380.JPG_min_y: 1303.84
DSC_8447.JPG_max_x: 964.988
DSC_8447.JPG_min_x: 460.126
DSC_8447.JPG_max_y: 596.684
DSC_8447.JPG_min_y: 275.676
