4.977049639125501024e+00 -2.717246781845095716e-01 -4.217825572389351692e+03
5.029908619567591721e+00 5.094585751715219324e+00 -4.278208442638878296e+03
4.545122902394190152e-03 1.980801131651469861e-04 1.000000000000000000e+00
DSC_8440.JPG_max_x: 1293.32
DSC_8440.JPG_min_x: 962.143
DSC_8440.JPG_max_y: 1610.01
DSC_8440.JPG_min_y: 670.107
DSC_8458.JPG_max_x: 298.263
DSC_8458.JPG_min_x: 43.1352
DSC_8458.JPG_max_y: 1518.93
DSC_8458.JPG_min_y: 745.188
