1.022610138434522042e+01 -4.157314968625418217e-02 -1.062311876258235134e+04
1.352590196584139814e+00 8.477815916402999363e+00 -7.612192828452695721e+03
1.093749300592273708e-03 -1.800771616134040057e-05 1.000000000000000000e+00
DSC_8230.JPG_max_x: 1247.1
DSC_8230.JPG_min_x: 1048.55
DSC_8230.JPG_max_y: 1190.09
DSC_8230.JPG_min_y: 774.569
DSC_8386.JPG_max_x: 893.709
DSC_8386.JPG_min_x: 31.0933
DSC_8386.JPG_max_y: 1802.22
DSC_8386.JPG_min_y: 239.98
