5.682047240413873546e+00 1.750336444934887936e+00 -3.500202971621044526e+03
6.715933120523184807e-02 5.679602483682534064e+00 -8.320222957478279568e+03
4.635097535137121163e-04 2.155449840466014313e-03 1.000000000000000000e+00
DSC_8242.JPG_max_x: 994.159
DSC_8242.JPG_min_x: 195.179
DSC_8242.JPG_max_y: 1977.39
DSC_8242.JPG_min_y: 1507.14
DSC_8243.JPG_max_x: 1012.74
DSC_8243.JPG_min_x: 127.02
DSC_8243.JPG_max_y: 537.248
DSC_8243.JPG_min_y: 86.1955
