8.880852685172051508e-01 -6.028622441657985331e-02 5.242595655984927134e+02
3.734007089981549593e-02 6.543039273711519499e-01 -4.841303587056432178e+01
1.608960371163727456e-04 -2.465733867189415771e-04 1.000000000000000000e+00
DSC_8427.JPG_max_x: 1227.77
DSC_8427.JPG_min_x: 191.956
DSC_8427.JPG_max_y: 989.968
DSC_8427.JPG_min_y: 185.095
DSC_8455.JPG_max_x: 1328.97
DSC_8455.JPG_min_x: 655.954
DSC_8455.JPG_max_y: 731.677
DSC_8455.JPG_min_y: 69.1374
