3.582711498295038099e-01 7.368805371289254003e-02 7.022472079058470626e+02
-1.323960946137908434e-01 6.106300011487231227e-01 5.402146272751983815e+02
-1.258067484766453895e-04 8.086296791670434590e-05 1.000000000000000000e+00
DSC_8240.JPG_max_x: 1327.49
DSC_8240.JPG_min_x: 28.0237
DSC_8240.JPG_max_y: 1787.01
DSC_8240.JPG_min_y: 909.338
DSC_8414.JPG_max_x: 1323.96
DSC_8414.JPG_min_x: 736.725
DSC_8414.JPG_max_y: 1480.18
DSC_8414.JPG_min_y: 1018.44
