1.689933040187354720e+02 6.414646920616586101e+01 -1.535453224237793765e+05
9.948370282929546704e+01 2.082719456912261080e+02 -1.341876071663412440e+05
9.185246472277719398e-02 5.712373090282593657e-02 1.000000000000000000e+00
DSC_8320.JPG_max_x: 1327.42
DSC_8320.JPG_min_x: 478.085
DSC_8320.JPG_max_y: 1698.78
DSC_8320.JPG_min_y: 634.365
DSC_8452.JPG_max_x: 772.482
DSC_8452.JPG_min_x: 137.044
DSC_8452.JPG_max_y: 1853.12
DSC_8452.JPG_min_y: 826.146
