1.526177585327299635e+00 -1.025444567322345568e+00 1.031226522398518455e+03
5.052476863634354221e-01 -1.152913826887437265e+00 1.432215079926772205e+03
2.450827118274416343e-03 -1.101742076384990953e-03 1.000000000000000000e+00
DSC_8252.JPG_max_x: 263.201
DSC_8252.JPG_min_x: 6.69969
DSC_8252.JPG_max_y: 1957.35
DSC_8252.JPG_min_y: 1104.2
DSC_8319.JPG_max_x: 984.64
DSC_8319.JPG_min_x: 703.758
DSC_8319.JPG_max_y: 960.681
DSC_8319.JPG_min_y: 304.059
