-1.752640738156526101e+00 -8.294770363998099638e-02 1.363727547256834669e+03
-5.459796831338047163e+00 3.760702460755416809e-01 1.666737036896985501e+03
-3.488353502810816447e-03 1.417450593826428788e-03 9.999999999999998890e-01
DSC_8233.JPG_max_x: 971.469
DSC_8233.JPG_min_x: 172.579
DSC_8233.JPG_max_y: 1003.17
DSC_8233.JPG_min_y: 40.8216
DSC_8332.JPG_max_x: 516.893
DSC_8332.JPG_min_x: 38.8333
DSC_8332.JPG_max_y: 1988.28
DSC_8332.JPG_min_y: 599.124
