7.947276284002563473e-01 -1.301727850742062931e-01 9.276390150489365283e+01
2.394692381907685130e-01 2.147684599240850256e-01 9.957720837628877462e+02
1.542817595308146621e-04 -3.460012072522522758e-04 1.000000000000000000e+00
DSC_8323.JPG_max_x: 1331.12
DSC_8323.JPG_min_x: 101.362
DSC_8323.JPG_max_y: 937.975
DSC_8323.JPG_min_y: 183.539
DSC_8444.JPG_max_x: 1068.49
DSC_8444.JPG_min_x: 166.49
DSC_8444.JPG_max_y: 1714.22
DSC_8444.JPG_min_y: 1101.93
