1.011034291144438546e+00 1.887549993418135078e-02 -2.994126472217323567e+02
1.452536024967122363e-01 9.840904212015918473e-01 3.038907829858139280e+02
1.135264083744586900e-04 2.302668643231868008e-05 1.000000000000000000e+00
DSC_8320.JPG_max_x: 1327.42
DSC_8320.JPG_min_x: 391.802
DSC_8320.JPG_max_y: 1803.13
DSC_8320.JPG_min_y: 634.365
DSC_8446.JPG_max_x: 896.682
DSC_8446.JPG_min_x: 119.85
DSC_8446.JPG_max_y: 1933.25
DSC_8446.JPG_min_y: 965.613
