1.119588784648460456e+00 2.493262960926345417e-01 -1.479215744090065066e+00
-4.590146656966408445e-01 1.859578046065871293e+00 -1.258808570141154064e+02
-3.239757475205813511e-04 1.757929490702249973e-04 1.000000000000000000e+00
DSC_8216.JPG_max_x: 841.652
DSC_8216.JPG_min_x: 66.4162
DSC_8216.JPG_max_y: 1176.37
DSC_8216.JPG_min_y: 511.071
DSC_8422.JPG_max_x: 1308.04
DSC_8422.JPG_min_x: 234.792
DSC_8422.JPG_max_y: 1796.18
DSC_8422.JPG_min_y: 783.952
