4.466559826828553348e+00 4.411133422199178811e-01 -4.321767226873828804e+03
1.591810168249854440e+00 3.790344526217505727e+00 -3.059524322046072484e+03
2.022799462719080971e-03 -5.710137605472825851e-04 1.000000000000000000e+00
DSC_8220.JPG_max_x: 1290.13
DSC_8220.JPG_min_x: 875.322
DSC_8220.JPG_max_y: 1406.15
DSC_8220.JPG_min_y: 908.377
DSC_8254.JPG_max_x: 691.246
DSC_8254.JPG_min_x: 95.9133
DSC_8254.JPG_max_y: 1848.43
DSC_8254.JPG_min_y: 777.991
