1.459485350502440992e+00 5.021796808180392091e-01 -1.190782933146087998e+03
1.818677511866401142e-02 1.669127771645712688e+00 -1.783140838351260300e+03
1.319609022044331004e-03 2.098395474943684936e-04 1.000000000000000000e+00
DSC_8314.JPG_max_x: 586.532
DSC_8314.JPG_min_x: 239.274
DSC_8314.JPG_max_y: 1749.2
DSC_8314.JPG_min_y: 1343.92
DSC_8199.JPG_max_x: 247.969
DSC_8199.JPG_min_x: 6.61794
DSC_8199.JPG_max_y: 671.86
DSC_8199.JPG_min_y: 230.352
