2.175867206031112111e-01 -5.089109960413443767e-01 6.338695842476266762e+02
-1.356634994714126796e-01 -6.015394501903087443e-01 1.191796530827977222e+03
-1.234420152974193658e-04 -6.478885194256969000e-04 1.000000000000000000e+00
DSC_8227.JPG_max_x: 1295.32
DSC_8227.JPG_min_x: 24.4749
DSC_8227.JPG_max_y: 817.795
DSC_8227.JPG_min_y: 201.84
DSC_8454.JPG_max_x: 1183.9
DSC_8454.JPG_min_x: 517.605
DSC_8454.JPG_max_y: 1546.16
DSC_8454.JPG_min_y: 1244.25
