7.944334500464216298e-01 -2.479836166121647256e-01 1.941314594358165948e+02
-4.524681781315012530e-02 4.864271163055362557e-01 1.168205973837546253e+03
-7.455668429331585459e-05 -2.027918466901712253e-04 1.000000000000000000e+00
DSC_8297.JPG_max_x: 975.786
DSC_8297.JPG_min_x: 56.7834
DSC_8297.JPG_max_y: 495.757
DSC_8297.JPG_min_y: 107.288
DSC_8456.JPG_max_x: 1026.23
DSC_8456.JPG_min_x: 139.281
DSC_8456.JPG_max_y: 1571.53
DSC_8456.JPG_min_y: 1262.49
