-4.621297516272437456e+00 2.237670646621605197e+00 8.642378871167517218e+02
-4.046060087732970345e+01 2.398169552808020910e+01 1.133748751701891706e+03
-2.674761311239714709e-02 1.575355003311060612e-02 1.000000000000000000e+00
DSC_8361.JPG_max_x: 1288.7
DSC_8361.JPG_min_x: 250.113
DSC_8361.JPG_max_y: 1622.5
DSC_8361.JPG_min_y: 443.86
DSC_8363.JPG_max_x: 745.873
DSC_8363.JPG_min_x: 29.0333
DSC_8363.JPG_max_y: 1828.0
DSC_8363.JPG_min_y: 789.131
