2.120482362287166023e+00 8.641003357248907557e-01 6.694712286383821720e+02
1.557450780871237062e-01 3.122982862510498059e+00 -3.166859733417514235e+03
-3.074575030716425786e-04 1.257296646215968735e-03 1.000000000000000000e+00
DSC_8262.JPG_max_x: 625.39
DSC_8262.JPG_min_x: 181.567
DSC_8262.JPG_max_y: 1509.07
DSC_8262.JPG_min_y: 1001.92
DSC_8277.JPG_max_x: 1245.0
DSC_8277.JPG_min_x: 856.787
DSC_8277.JPG_max_y: 605.678
DSC_8277.JPG_min_y: 24.2541
