2.145215488086429811e+00 -1.369881577689735508e-01 -1.069593895775726793e+02
2.858505792844804883e-01 1.655428888253022368e+00 -3.094543327898658163e+02
1.535729187854723043e-04 1.236145351916288066e-04 1.000000000000000000e+00
DSC_8234.JPG_max_x: 1050.81
DSC_8234.JPG_min_x: 155.968
DSC_8234.JPG_max_y: 1325.05
DSC_8234.JPG_min_y: 807.459
DSC_8450.JPG_max_x: 1321.92
DSC_8450.JPG_min_x: 71.4369
DSC_8450.JPG_max_y: 1629.98
DSC_8450.JPG_min_y: 982.181
