1.028657374267231805e+00 2.582054911689384696e-02 -1.039435427243332128e+02
-7.864489505592207885e-02 9.444972354241110146e-01 -2.893615503758179841e+01
-5.916213856066259818e-05 -3.162443789056565961e-05 1.000000000000000000e+00
DSC_8414.JPG_max_x: 1229.9
DSC_8414.JPG_min_x: 269.477
DSC_8414.JPG_max_y: 1713.52
DSC_8414.JPG_min_y: 1015.47
DSC_8430.JPG_max_x: 1322.95
DSC_8430.JPG_min_x: 235.268
DSC_8430.JPG_max_y: 1705.15
DSC_8430.JPG_min_y: 932.408
