7.560209584728001808e-02 -7.902883243610875352e-01 1.171583328506969792e+03
4.217814403627288128e-02 1.710448225572163425e-03 1.928623083133284695e+02
-1.034420466494702330e-04 -5.516143468633013950e-04 1.000000000000000000e+00
DSC_8273.JPG_max_x: 1062.91
DSC_8273.JPG_min_x: 157.027
DSC_8273.JPG_max_y: 1264.88
DSC_8273.JPG_min_y: 36.4225
DSC_8471.JPG_max_x: 1314.23
DSC_8471.JPG_min_x: 746.013
DSC_8471.JPG_max_y: 868.419
DSC_8471.JPG_min_y: 161.286
