3.556592169689112293e-01 1.343628825735837702e-02 5.301616895324274310e+02
-8.016768096812884603e-02 5.060188692903457852e-01 5.180842292201514283e+02
-1.230042764857563716e-04 1.952225758882851950e-05 1.000000000000000000e+00
DSC_8226.JPG_max_x: 1307.38
DSC_8226.JPG_min_x: 223.739
DSC_8226.JPG_max_y: 1672.43
DSC_8226.JPG_min_y: 383.57
DSC_8454.JPG_max_x: 1174.37
DSC_8454.JPG_min_x: 626.667
DSC_8454.JPG_max_y: 1349.32
DSC_8454.JPG_min_y: 722.955
