4.259730497587218001e-01 1.488634749689162207e-01 -2.121769233547265969e+02
-1.037102670273163108e-01 5.233681367909519544e-01 1.483256610867275072e+02
-3.140562517195266278e-04 2.446571601523425720e-04 1.000000000000000000e+00
DSC_8287.JPG_max_x: 1053.82
DSC_8287.JPG_min_x: 536.701
DSC_8287.JPG_max_y: 952.096
DSC_8287.JPG_min_y: 24.7107
DSC_8473.JPG_max_x: 391.813
DSC_8473.JPG_min_x: 40.0085
DSC_8473.JPG_max_y: 563.989
DSC_8473.JPG_min_y: 122.689
