1.232347177753896128e+00 -1.487750651831254156e-01 -1.180373799318385437e+02
-3.419469304829289014e-01 1.065086122471850638e+00 8.506479383652278159e+01
-2.875943998154189022e-04 -1.370445025565953897e-04 9.999999999999998890e-01
DSC_8332.JPG_max_x: 817.337
DSC_8332.JPG_min_x: 517.972
DSC_8332.JPG_max_y: 1226.9
DSC_8332.JPG_min_y: 488.673
DSC_8436.JPG_max_x: 1178.4
DSC_8436.JPG_min_x: 539.018
DSC_8436.JPG_max_y: 1819.32
DSC_8436.JPG_min_y: 535.643
