3.985962309298017647e+00 1.124929858055347953e+00 -2.356628324570888708e+03
1.009012541907510288e-03 4.753562129854884688e+00 -4.862363961373692291e+03
1.962528789164283297e-04 1.254320188203755706e-03 9.999999999999998890e-01
DSC_8248.JPG_max_x: 643.859
DSC_8248.JPG_min_x: 207.885
DSC_8248.JPG_max_y: 1893.19
DSC_8248.JPG_min_y: 1047.64
DSC_8315.JPG_max_x: 582.116
DSC_8315.JPG_min_x: 81.754
DSC_8315.JPG_max_y: 1234.61
DSC_8315.JPG_min_y: 44.7948
