9.615291877781237950e-01 1.815597669930371638e-01 4.292387078695031555e+00
2.900440140375680053e-03 9.054828374154574311e-01 2.643555420057029437e+02
-5.543085649418010014e-05 -3.005058643417908101e-06 1.000000000000000000e+00
DSC_8353.JPG_max_x: 1096.15
DSC_8353.JPG_min_x: 24.4407
DSC_8353.JPG_max_y: 575.88
DSC_8353.JPG_min_y: 81.8559
DSC_8431.JPG_max_x: 1214.14
DSC_8431.JPG_min_x: 138.151
DSC_8431.JPG_max_y: 835.109
DSC_8431.JPG_min_y: 352.51
