1.483275958230509950e-01 -7.198663646532180160e-02 3.412500626060755167e+02
-5.753483508567894811e-01 7.984006711433445647e-01 8.966499009298692613e+01
-6.894262872136181592e-04 -2.661734224194546274e-05 1.000000000000000000e+00
DSC_8198.JPG_max_x: 668.607
DSC_8198.JPG_min_x: 56.322
DSC_8198.JPG_max_y: 1699.14
DSC_8198.JPG_min_y: 659.103
DSC_8264.JPG_max_x: 785.996
DSC_8264.JPG_min_x: 219.552
DSC_8264.JPG_max_y: 1600.98
DSC_8264.JPG_min_y: 470.826
