7.168102390848892780e-01 3.108009924042143615e-02 -2.175360850400175821e+02
1.051654076411169189e-02 7.250532908984160807e-01 1.969916538973272679e+02
4.015589845915090651e-05 1.049019160317017155e-05 1.000000000000000000e+00
DSC_8330.JPG_max_x: 1206.7
DSC_8330.JPG_min_x: 250.518
DSC_8330.JPG_max_y: 1971.55
DSC_8330.JPG_min_y: 670.658
DSC_8248.JPG_max_x: 639.388
DSC_8248.JPG_min_x: 7.77993
DSC_8248.JPG_max_y: 1566.84
DSC_8248.JPG_min_y: 671.221
