3.472481811430628618e+00 1.877477468987549303e+00 -4.787821248607954658e+03
3.271142381604722482e-01 3.828419614985260289e+00 -2.602882340721000105e+02
1.895678978138231035e-03 1.467283312855190754e-03 1.000000000000000000e+00
DSC_8353.JPG_max_x: 1325.14
DSC_8353.JPG_min_x: 986.429
DSC_8353.JPG_max_y: 797.437
DSC_8353.JPG_min_y: 283.795
DSC_8413.JPG_max_x: 230.457
DSC_8413.JPG_min_x: 3.93044
DSC_8413.JPG_max_y: 768.447
DSC_8413.JPG_min_y: 323.645
