4.515736432761628394e-01 -1.290763261048824898e-02 1.446563382875407378e+01
-1.221429554033519882e-01 4.572529901577923606e-01 6.250821310678433065e+02
-1.334246223946181727e-04 1.946471425425128968e-05 1.000000000000000000e+00
DSC_8286.JPG_max_x: 1307.89
DSC_8286.JPG_min_x: 20.2235
DSC_8286.JPG_max_y: 1648.06
DSC_8286.JPG_min_y: 568.885
DSC_8430.JPG_max_x: 708.277
DSC_8430.JPG_min_x: 17.2726
DSC_8430.JPG_max_y: 1377.99
DSC_8430.JPG_min_y: 895.358
