-2.751691469394457745e-01 -7.897000551444375294e-01 6.667800119207022362e+02
-9.695103060876038015e-01 -1.067180980748737573e+00 1.467770371100985585e+03
-6.435164176114738406e-04 -8.565386681625563204e-04 9.999999999999998890e-01
DSC_8279.JPG_max_x: 964.255
DSC_8279.JPG_min_x: 258.374
DSC_8279.JPG_max_y: 936.237
DSC_8279.JPG_min_y: 11.3675
DSC_8298.JPG_max_x: 1029.04
DSC_8298.JPG_min_x: 340.387
DSC_8298.JPG_max_y: 1871.47
DSC_8298.JPG_min_y: 1162.43
