-1.846964982931874610e-01 -1.009058954181935475e+00 5.038925660639380908e+02
8.977255010110591904e-01 -3.294120876115460117e+00 2.717361390367685999e+03
8.118322538680475308e-04 -1.766043674689010516e-03 1.000000000000000000e+00
DSC_8226.JPG_max_x: 997.711
DSC_8226.JPG_min_x: 179.661
DSC_8226.JPG_max_y: 1746.13
DSC_8226.JPG_min_y: 1475.33
DSC_8412.JPG_max_x: 1182.91
DSC_8412.JPG_min_x: 698.713
DSC_8412.JPG_max_y: 1680.4
DSC_8412.JPG_min_y: 1357.66
