-7.728224955084318504e-01 2.812740964948380329e-01 7.890227494473407432e+02
-1.575314802630985112e+00 7.020084870589032855e-01 1.333825909679781034e+03
-1.083317603098866077e-03 2.318823788729964662e-04 1.000000000000000000e+00
DSC_8431.JPG_max_x: 1152.62
DSC_8431.JPG_min_x: 374.976
DSC_8431.JPG_max_y: 565.969
DSC_8431.JPG_min_y: 239.777
DSC_8466.JPG_max_x: 1295.39
DSC_8466.JPG_min_x: 30.2636
DSC_8466.JPG_max_y: 1743.23
DSC_8466.JPG_min_y: 936.972
