7.084106788759899631e-01 3.083085692052464077e-01 5.302273530833891755e+02
-1.085727443075568399e-01 1.016422697008692255e+00 7.945500627410838845e+00
-9.432692385789795679e-05 1.580326578520284745e-04 1.000000000000000000e+00
DSC_8426.JPG_max_x: 854.078
DSC_8426.JPG_min_x: 51.6253
DSC_8426.JPG_max_y: 1960.1
DSC_8426.JPG_min_y: 816.406
DSC_8454.JPG_max_x: 1309.57
DSC_8454.JPG_min_x: 841.22
DSC_8454.JPG_max_y: 1546.48
DSC_8454.JPG_min_y: 723.173
