2.691525543174418805e-02 -5.454076567358797645e-01 6.221035787459561561e+02
3.751244041927510875e-02 -9.768530272451125818e-01 1.122495636067915484e+03
-4.038872865695639406e-05 -8.058405606584374782e-04 1.000000000000000000e+00
DSC_8288.JPG_max_x: 1126.29
DSC_8288.JPG_min_x: 161.338
DSC_8288.JPG_max_y: 1898.72
DSC_8288.JPG_min_y: 736.332
DSC_8398.JPG_max_x: 756.547
DSC_8398.JPG_min_x: 414.77
DSC_8398.JPG_max_y: 1487.08
DSC_8398.JPG_min_y: 973.741
