1.239397532691418835e+00 6.745136249008576446e-01 -1.421676592785036291e+03
-1.823469573435289870e-01 1.482033016399634029e+00 1.915358164522275501e+02
2.787843755331828035e-04 2.483716983572611774e-04 1.000000000000000000e+00
DSC_8429.JPG_max_x: 1301.3
DSC_8429.JPG_min_x: 558.721
DSC_8429.JPG_max_y: 1244.7
DSC_8429.JPG_min_y: 428.242
DSC_8443.JPG_max_x: 531.599
DSC_8443.JPG_min_x: 11.6264
DSC_8443.JPG_max_y: 1380.29
DSC_8443.JPG_min_y: 467.358
