5.982131661279163071e-01 -5.358375594340480941e-02 7.360926911937339412e+01
-2.298503781391847064e-02 4.626139376378789470e-01 3.072787992639115373e+01
-9.821212005208193409e-06 -1.504981543857757511e-04 9.999999999999998890e-01
DSC_8193.JPG_max_x: 1088.93
DSC_8193.JPG_min_x: 244.847
DSC_8193.JPG_max_y: 1789.51
DSC_8193.JPG_min_y: 845.47
DSC_8213.JPG_max_x: 808.212
DSC_8213.JPG_min_x: 180.463
DSC_8213.JPG_max_y: 1175.64
DSC_8213.JPG_min_y: 426.262
