1.473806407390067186e+00 1.059274977718121548e-02 4.788952875219233363e+01
-3.076980275336675952e-01 1.274581071597879811e+00 -6.632914009159607360e+01
-2.502493460181497023e-04 3.080990039328864557e-06 1.000000000000000000e+00
DSC_8202.JPG_max_x: 697.77
DSC_8202.JPG_min_x: 45.2153
DSC_8202.JPG_max_y: 1247.86
DSC_8202.JPG_min_y: 682.198
DSC_8238.JPG_max_x: 1317.65
DSC_8238.JPG_min_x: 130.809
DSC_8238.JPG_max_y: 1547.24
DSC_8238.JPG_min_y: 734.001
