-2.448472465216739724e-01 -4.467918446559072665e-01 4.924991297357277631e+02
-6.455892634702929678e-02 -9.289904054138783951e-02 1.188891651462015204e+02
-4.948560679590376012e-04 -9.202743331362834298e-04 1.000000000000000000e+00
DSC_8305.JPG_max_x: 1197.65
DSC_8305.JPG_min_x: 377.495
DSC_8305.JPG_max_y: 640.366
DSC_8305.JPG_min_y: 131.007
DSC_8351.JPG_max_x: 1151.77
DSC_8351.JPG_min_x: 443.129
DSC_8351.JPG_max_y: 1088.83
DSC_8351.JPG_min_y: 70.6815
