-9.652742485597691768e+00 -3.580349775892469610e-01 9.514146244947398372e+03
-1.615227730421255004e+01 -7.690155162906633812e+00 5.288527693913336407e+03
-1.251847542679732951e-02 9.488599942296004801e-04 1.000000000000000000e+00
DSC_8441.JPG_max_x: 1307.07
DSC_8441.JPG_min_x: 1024.32
DSC_8441.JPG_max_y: 738.124
DSC_8441.JPG_min_y: 22.1277
DSC_8458.JPG_max_x: 200.698
DSC_8458.JPG_min_x: 43.1352
DSC_8458.JPG_max_y: 1518.93
DSC_8458.JPG_min_y: 1037.88
