1.558379297202721336e-01 -2.599255771714477636e-01 2.873149550315907845e+02
8.494584521366521646e-02 -2.252804733518508629e-01 3.031926092484045512e+02
1.144589552684680819e-04 -6.746469451025407073e-04 1.000000000000000000e+00
DSC_8286.JPG_max_x: 1159.59
DSC_8286.JPG_min_x: 849.323
DSC_8286.JPG_max_y: 1589.89
DSC_8286.JPG_min_y: 1213.22
DSC_8431.JPG_max_x: 921.719
DSC_8431.JPG_min_x: 374.888
DSC_8431.JPG_max_y: 711.949
DSC_8431.JPG_min_y: 344.037
