8.576602895426308493e-01 -8.132364895694377260e-01 1.300895908515699830e+03
1.584244451590306468e-01 7.619919922875832974e-01 3.330183044039281413e+02
-3.630850962389059748e-04 -1.281754692203585704e-04 1.000000000000000000e+00
DSC_8349.JPG_max_x: 290.215
DSC_8349.JPG_min_x: 16.7805
DSC_8349.JPG_max_y: 1353.36
DSC_8349.JPG_min_y: 433.029
DSC_8421.JPG_max_x: 1219.42
DSC_8421.JPG_min_x: 420.102
DSC_8421.JPG_max_y: 1819.54
DSC_8421.JPG_min_y: 694.857
