3.609815893605836101e-01 5.978988960710460709e-01 3.163505288662925636e+02
-1.412282722790277334e-01 6.832053491186234062e-01 4.486403310587311921e+02
-2.082094312153553322e-04 5.989962071344345730e-04 1.000000000000000000e+00
DSC_8223.JPG_max_x: 1233.91
DSC_8223.JPG_min_x: 397.836
DSC_8223.JPG_max_y: 847.833
DSC_8223.JPG_min_y: 82.1007
DSC_8397.JPG_max_x: 1013.39
DSC_8397.JPG_min_x: 538.71
DSC_8397.JPG_max_y: 688.281
DSC_8397.JPG_min_y: 430.765
