1.114305923131481135e+00 8.534898926146562703e-02 -1.588509844714702410e+02
4.784065469530642684e-02 1.196399399633822247e+00 -2.504980774713258640e+01
-1.046574612963043006e-05 2.940032595170532367e-05 1.000000000000000000e+00
DSC_8415.JPG_max_x: 1148.81
DSC_8415.JPG_min_x: 208.114
DSC_8415.JPG_max_y: 1248.49
DSC_8415.JPG_min_y: 240.216
DSC_8431.JPG_max_x: 1155.37
DSC_8431.JPG_min_x: 138.151
DSC_8431.JPG_max_y: 1463.2
DSC_8431.JPG_min_y: 325.353
