-8.494638140394460635e+00 -2.322625771024952268e+00 1.678216889882883834e+03
1.321321782902142028e-02 -9.106349207206644536e+00 8.822428837478550122e+03
-9.513105478104972928e-04 -3.539326339735694629e-03 1.000000000000000000e+00
DSC_8318.JPG_max_x: 381.3
DSC_8318.JPG_min_x: 188.791
DSC_8318.JPG_max_y: 1331.8
DSC_8318.JPG_min_y: 1022.93
DSC_8469.JPG_max_x: 1302.51
DSC_8469.JPG_min_x: 808.317
DSC_8469.JPG_max_y: 818.393
DSC_8469.JPG_min_y: 180.329
