1.111131248590282228e+00 -1.736528430750256535e-01 -2.136899535302946731e+02
1.488958064592857677e-01 1.211107191064014765e+00 -2.340395554689109474e+02
8.455709319549255276e-05 5.783965788580204868e-05 1.000000000000000000e+00
DSC_8338.JPG_max_x: 1314.02
DSC_8338.JPG_min_x: 365.535
DSC_8338.JPG_max_y: 1899.03
DSC_8338.JPG_min_y: 463.276
DSC_8354.JPG_max_x: 957.014
DSC_8354.JPG_min_x: 8.73949
DSC_8354.JPG_max_y: 1884.68
DSC_8354.JPG_min_y: 442.1
