1.392194630160978608e-01 -2.568203156501264531e-02 9.864991286560610888e+02
-1.041534661826736929e+00 1.167684532665014485e+00 2.730812648557680404e+02
-1.093277657218398114e-03 1.942580167472190587e-04 1.000000000000000000e+00
DSC_8253.JPG_max_x: 335.522
DSC_8253.JPG_min_x: 4.4818
DSC_8253.JPG_max_y: 950.484
DSC_8253.JPG_min_y: 567.472
DSC_8319.JPG_max_x: 1298.19
DSC_8319.JPG_min_x: 852.586
DSC_8319.JPG_max_y: 1213.85
DSC_8319.JPG_min_y: 830.534
