6.620520187133497991e+00 2.517300814855185198e+00 -4.207934798439940096e+03
1.093378198056483702e-01 8.211552369710535260e+00 -1.051735842110016165e+04
1.927481363593095505e-04 3.191685304810765265e-03 1.000000000000000000e+00
DSC_8196.JPG_max_x: 1314.1
DSC_8196.JPG_min_x: 50.9566
DSC_8196.JPG_max_y: 1892.73
DSC_8196.JPG_min_y: 1263.44
DSC_8197.JPG_max_x: 1321.87
DSC_8197.JPG_min_x: 67.6868
DSC_8197.JPG_max_y: 711.809
DSC_8197.JPG_min_y: 16.6444
