9.443454024041112449e-01 1.925171949107532809e-01 9.062914979971343143e+01
-8.416300163191416800e-03 9.715255025676170497e-01 1.803918943452783594e+02
-1.439164008760638529e-04 -1.737964754049215122e-05 1.000000000000000000e+00
DSC_8353.JPG_max_x: 1059.22
DSC_8353.JPG_min_x: 162.888
DSC_8353.JPG_max_y: 411.768
DSC_8353.JPG_min_y: 81.9071
DSC_8447.JPG_max_x: 1329.23
DSC_8447.JPG_min_x: 273.224
DSC_8447.JPG_max_y: 675.679
DSC_8447.JPG_min_y: 297.463
