1.825046698968733283e+00 2.854618297957661088e+00 -8.200229834555146624e+01
3.959110585511107505e-01 3.145400546268324771e+00 -1.149733796384897687e+03
5.938850194618014704e-04 3.666386975849197667e-03 1.000000000000000000e+00
DSC_8257.JPG_max_x: 1258.48
DSC_8257.JPG_min_x: 18.5744
DSC_8257.JPG_max_y: 895.408
DSC_8257.JPG_min_y: 282.407
DSC_8353.JPG_max_x: 1095.0
DSC_8353.JPG_min_x: 487.656
DSC_8353.JPG_max_y: 487.298
DSC_8353.JPG_min_y: 89.8904
