1.109980830172296873e+00 6.233606079808111655e-01 -1.238558919431460936e+03
-1.447673274123502662e-01 8.015997661707792155e-01 5.617907633929163467e+02
2.830910152849984364e-04 1.694070082022602129e-06 1.000000000000000000e+00
DSC_8349.JPG_max_x: 931.933
DSC_8349.JPG_min_x: 556.374
DSC_8349.JPG_max_y: 1441.77
DSC_8349.JPG_min_y: 773.79
DSC_8399.JPG_max_x: 319.939
DSC_8399.JPG_min_x: 96.422
DSC_8399.JPG_max_y: 1408.57
DSC_8399.JPG_min_y: 828.019
