-6.723083665013132304e+01 1.666890392617666361e+00 4.848216338292565342e+04
-2.546412243477933757e+01 -3.762775601302070072e+01 4.338442315401067754e+04
-2.299060494478109146e-02 5.710680114344581860e-04 9.999999999999998890e-01
DSC_8362.JPG_max_x: 1311.74
DSC_8362.JPG_min_x: 780.733
DSC_8362.JPG_max_y: 1437.28
DSC_8362.JPG_min_y: 843.966
DSC_8434.JPG_max_x: 1326.67
DSC_8434.JPG_min_x: 135.065
DSC_8434.JPG_max_y: 1671.89
DSC_8434.JPG_min_y: 520.755
