1.019971463616892837e+00 5.270304601395743582e-02 -1.137880787280336563e+03
-2.134472865301228206e-01 9.924774046170565800e-01 3.636572826577749993e+02
6.920296490923095892e-05 -2.287741729542233600e-05 1.000000000000000000e+00
DSC_8290.JPG_max_x: 1322.88
DSC_8290.JPG_min_x: 1069.56
DSC_8290.JPG_max_y: 1783.34
DSC_8290.JPG_min_y: 1039.05
DSC_8292.JPG_max_x: 286.162
DSC_8292.JPG_min_x: 21.5034
DSC_8292.JPG_max_y: 1762.95
DSC_8292.JPG_min_y: 1059.0
