7.869648256052601543e-01 1.793771115917656978e-01 -3.470569318198491828e+02
6.312275785893688429e-01 5.906862347684065373e-01 3.614749291711030423e+02
6.018445668003540808e-04 -4.840708605125479825e-05 9.999999999999998890e-01
DSC_8224.JPG_max_x: 1277.47
DSC_8224.JPG_min_x: 250.937
DSC_8224.JPG_max_y: 1682.32
DSC_8224.JPG_min_y: 762.766
DSC_8454.JPG_max_x: 585.043
DSC_8454.JPG_min_x: 22.3987
DSC_8454.JPG_max_y: 1239.45
DSC_8454.JPG_min_y: 882.227
