1.129892142491526474e+00 -4.712244654254996862e-02 -3.733209581275974074e+02
-1.633405658445634748e-02 1.125264062001873455e+00 1.792815035581081133e+02
-1.339977067261081750e-04 -4.097717562791391067e-06 1.000000000000000000e+00
DSC_8314.JPG_max_x: 567.907
DSC_8314.JPG_min_x: 360.216
DSC_8314.JPG_max_y: 1360.57
DSC_8314.JPG_min_y: 644.969
DSC_8418.JPG_max_x: 229.059
DSC_8418.JPG_min_x: 7.88387
DSC_8418.JPG_max_y: 1852.92
DSC_8418.JPG_min_y: 957.09
