4.863790026782694453e-01 -6.370115346388276478e-01 1.183476213557602023e+03
2.706697887304571615e-01 -2.103553494348427422e-01 1.145443155502587842e+03
7.532910806106629014e-05 -4.227985610644638772e-04 1.000000000000000000e+00
DSC_8213.JPG_max_x: 507.053
DSC_8213.JPG_min_x: 58.5776
DSC_8213.JPG_max_y: 1093.55
DSC_8213.JPG_min_y: 469.813
DSC_8324.JPG_max_x: 1323.16
DSC_8324.JPG_min_x: 971.566
DSC_8324.JPG_max_y: 1743.28
DSC_8324.JPG_min_y: 1358.14
