4.884650147474999038e+00 1.288271840360545761e+00 -2.356319936653856530e+03
2.310570091192891973e-01 5.262067260420702830e+00 -5.808827060318688382e+03
2.310749120126996312e-04 2.290413598079595221e-03 1.000000000000000000e+00
DSC_8292.JPG_max_x: 1057.79
DSC_8292.JPG_min_x: 111.749
DSC_8292.JPG_max_y: 1949.72
DSC_8292.JPG_min_y: 1149.75
DSC_8293.JPG_max_x: 1022.15
DSC_8293.JPG_min_x: 40.2268
DSC_8293.JPG_max_y: 818.044
DSC_8293.JPG_min_y: 77.7891
