1.045982268831541440e+00 -3.799936516780979545e-01 7.371700949696368070e+02
6.150651272582861873e-02 8.257661549927272082e-01 2.741412464353257974e+02
4.164411885279167272e-05 -1.062518355016655431e-04 9.999999999999998890e-01
DSC_8315.JPG_max_x: 585.842
DSC_8315.JPG_min_x: 77.5132
DSC_8315.JPG_max_y: 1029.38
DSC_8315.JPG_min_y: 22.0159
DSC_8331.JPG_max_x: 1169.53
DSC_8331.JPG_min_x: 616.803
DSC_8331.JPG_max_y: 1260.13
DSC_8331.JPG_min_y: 297.11
