-9.173396610246106198e-01 -2.848894885915718156e-01 1.041810486526579552e+03
-7.601629005063139655e-01 7.681513063617574633e-02 7.348289846292332186e+02
-9.449149871489169027e-04 -1.873945377799217382e-04 1.000000000000000000e+00
DSC_8217.JPG_max_x: 1033.18
DSC_8217.JPG_min_x: 563.451
DSC_8217.JPG_max_y: 696.811
DSC_8217.JPG_min_y: 63.4377
DSC_8361.JPG_max_x: 1307.94
DSC_8361.JPG_min_x: 321.224
DSC_8361.JPG_max_y: 1209.29
DSC_8361.JPG_min_y: 405.776
