6.987042999124719600e-01 -4.173765138277796272e-01 7.200519941439642935e+02
8.343459473726608233e-02 4.247128332303813369e-01 5.548249553148838231e+02
-4.355332563738585904e-05 -2.230346818434342725e-04 1.000000000000000000e+00
DSC_8260.JPG_max_x: 788.711
DSC_8260.JPG_min_x: 47.6864
DSC_8260.JPG_max_y: 1401.31
DSC_8260.JPG_min_y: 861.836
DSC_8442.JPG_max_x: 1134.39
DSC_8442.JPG_min_x: 288.094
DSC_8442.JPG_max_y: 1846.59
DSC_8442.JPG_min_y: 1176.0
