-5.699911326626719843e-01 2.659810068937041444e-02 6.267119632685213446e+02
-1.765952518506099356e+00 -2.879795129098118855e-01 1.915367267195211070e+03
-1.317691246247468771e-03 1.329640712238387668e-04 1.000000000000000000e+00
DSC_8292.JPG_max_x: 1327.23
DSC_8292.JPG_min_x: 133.83
DSC_8292.JPG_max_y: 1580.99
DSC_8292.JPG_min_y: 758.304
DSC_8454.JPG_max_x: 558.94
DSC_8454.JPG_min_x: 22.3987
DSC_8454.JPG_max_y: 1556.15
DSC_8454.JPG_min_y: 903.387
