6.014833869952358469e-01 2.794805394860978148e-02 8.729892661110920926e+02
-1.154688995972796839e-01 9.217646124458834800e-01 6.082676654945834827e+01
-2.519976083534124114e-04 8.849517942132383930e-05 9.999999999999998890e-01
DSC_8260.JPG_max_x: 621.949
DSC_8260.JPG_min_x: 25.8858
DSC_8260.JPG_max_y: 1492.22
DSC_8260.JPG_min_y: 504.175
DSC_8294.JPG_max_x: 1314.75
DSC_8294.JPG_min_x: 815.518
DSC_8294.JPG_max_y: 1405.41
DSC_8294.JPG_min_y: 491.944
