-1.107479564334272193e-01 -2.315843186643193885e-01 3.725577299894691237e+02
-1.302046520854216460e-01 -2.977122540113337767e-01 4.713260794746712463e+02
-2.939054092020676966e-04 -6.237168481817805237e-04 1.000000000000000000e+00
DSC_8324.JPG_max_x: 1139.74
DSC_8324.JPG_min_x: 221.358
DSC_8324.JPG_max_y: 1524.48
DSC_8324.JPG_min_y: 441.053
DSC_8340.JPG_max_x: 1283.5
DSC_8340.JPG_min_x: 11.7752
DSC_8340.JPG_max_y: 1723.44
DSC_8340.JPG_min_y: 511.019
