4.543497569549374226e+00 2.349489039249352818e+00 -6.710942944404132504e+03
-3.341427625705414850e-01 3.465291683448253224e+00 -3.539203172654792979e+03
1.069128953849230639e-03 5.945724743074881679e-04 1.000000000000000000e+00
DSC_8396.JPG_max_x: 1301.33
DSC_8396.JPG_min_x: 794.311
DSC_8396.JPG_max_y: 1681.06
DSC_8396.JPG_min_y: 1220.18
DSC_8429.JPG_max_x: 844.864
DSC_8429.JPG_min_x: 224.856
DSC_8429.JPG_max_y: 658.221
DSC_8429.JPG_min_y: 81.3892
