1.204317164783176297e+00 3.951731395414854325e-02 -3.888469132039331839e+02
5.628182060678493803e-01 1.294535668669056561e+00 -4.778274548748573238e+02
6.517958840012227440e-04 1.076694953337924040e-04 1.000000000000000000e+00
DSC_8284.JPG_max_x: 1297.87
DSC_8284.JPG_min_x: 301.345
DSC_8284.JPG_max_y: 1504.9
DSC_8284.JPG_min_y: 357.087
DSC_8290.JPG_max_x: 616.47
DSC_8290.JPG_min_x: 6.50955
DSC_8290.JPG_max_y: 1118.66
DSC_8290.JPG_min_y: 262.97
