6.812542504364281770e-01 -3.910913326835237513e-01 5.761707245332282810e+02
-4.415713326717734394e-02 7.179853619059625713e-02 1.509476864754157532e+03
-5.280103600266871955e-05 -3.627845869461465266e-04 1.000000000000000000e+00
DSC_8361.JPG_max_x: 692.333
DSC_8361.JPG_min_x: 104.07
DSC_8361.JPG_max_y: 457.436
DSC_8361.JPG_min_y: 47.1496
DSC_8374.JPG_max_x: 1090.19
DSC_8374.JPG_min_x: 597.589
DSC_8374.JPG_max_y: 1866.38
DSC_8374.JPG_min_y: 1556.07
