1.333981269080134924e+00 5.898119544574745299e-02 -6.410037084028936079e+02
5.133884147359191186e-02 1.170356964086047391e+00 -2.107747214074291549e+02
7.600796852976191736e-05 2.347391453526546663e-05 9.999999999999998890e-01
DSC_8196.JPG_max_x: 1330.69
DSC_8196.JPG_min_x: 418.861
DSC_8196.JPG_max_y: 1795.33
DSC_8196.JPG_min_y: 609.058
DSC_8216.JPG_max_x: 1149.35
DSC_8216.JPG_min_x: 5.00906
DSC_8216.JPG_max_y: 1734.77
DSC_8216.JPG_min_y: 507.534
