5.340509558103538890e-01 -2.052963007031509246e+00 8.120065106749128745e+02
1.088375411334769449e+00 -4.649153935310653019e+00 1.958150721096626285e+03
7.784731170287395759e-04 -2.527966955932038368e-03 9.999999999999998890e-01
DSC_8253.JPG_max_x: 1029.91
DSC_8253.JPG_min_x: 15.3939
DSC_8253.JPG_max_y: 779.333
DSC_8253.JPG_min_y: 554.537
DSC_8416.JPG_max_x: 865.896
DSC_8416.JPG_min_x: 564.316
DSC_8416.JPG_max_y: 1761.47
DSC_8416.JPG_min_y: 1249.52
