6.090443499549444972e+00 1.519348789518032705e-01 -5.626265373190601167e+03
2.148783815953517085e+00 4.387820466087867466e+00 -3.062744808885164730e+03
2.329664765551417351e-03 1.598326294816789102e-04 1.000000000000000000e+00
DSC_8232.JPG_max_x: 1319.37
DSC_8232.JPG_min_x: 903.19
DSC_8232.JPG_max_y: 1661.91
DSC_8232.JPG_min_y: 591.357
DSC_8348.JPG_max_x: 588.883
DSC_8348.JPG_min_x: 13.7667
DSC_8348.JPG_max_y: 1791.09
DSC_8348.JPG_min_y: 563.988
