2.592620046100059250e-01 -1.409790770631221823e-01 5.895089226801121640e+02
-3.078193035877330175e-01 4.527210866152798774e-01 7.286604307883698084e+02
-2.935561517582573748e-04 -1.236154460284437406e-04 1.000000000000000000e+00
DSC_8322.JPG_max_x: 887.13
DSC_8322.JPG_min_x: 44.7596
DSC_8322.JPG_max_y: 979.53
DSC_8322.JPG_min_y: 601.721
DSC_8380.JPG_max_x: 1106.34
DSC_8380.JPG_min_x: 551.936
DSC_8380.JPG_max_y: 1375.56
DSC_8380.JPG_min_y: 1085.3
