7.867433269636416870e-01 -7.192131036298724921e-04 9.073031503315364432e+01
1.692865690712226090e-01 6.604617393319660579e-01 4.615358647948856969e+02
1.588616481995569593e-04 -1.880052857135485367e-05 1.000000000000000000e+00
DSC_8334.JPG_max_x: 1328.64
DSC_8334.JPG_min_x: 408.147
DSC_8334.JPG_max_y: 1861.28
DSC_8334.JPG_min_y: 745.409
DSC_8398.JPG_max_x: 959.955
DSC_8398.JPG_min_x: 396.669
DSC_8398.JPG_max_y: 1644.75
DSC_8398.JPG_min_y: 979.992
