-7.674638838841757460e-01 -3.594521938056502997e-01 1.019564563267963990e+03
-1.482472852621492310e+00 -2.998181045214267648e-01 1.228982055621338986e+03
-8.900482848327887029e-04 -3.297241442861148920e-04 1.000000000000000000e+00
DSC_8208.JPG_max_x: 945.09
DSC_8208.JPG_min_x: 22.5411
DSC_8208.JPG_max_y: 1911.39
DSC_8208.JPG_min_y: 817.461
DSC_8380.JPG_max_x: 1111.57
DSC_8380.JPG_min_x: 799.564
DSC_8380.JPG_max_y: 1829.98
DSC_8380.JPG_min_y: 1099.93
