1.102558768354869656e+00 9.704051878710526213e-02 3.904189930927918795e+01
1.484556009865907189e-01 1.101722436220659462e+00 -1.976398886598608442e+02
1.105579740039319572e-04 3.117216644389782763e-05 1.000000000000000000e+00
DSC_8428.JPG_max_x: 1241.69
DSC_8428.JPG_min_x: 4.60722
DSC_8428.JPG_max_y: 1735.08
DSC_8428.JPG_min_y: 938.797
DSC_8444.JPG_max_x: 1324.92
DSC_8444.JPG_min_x: 142.069
DSC_8444.JPG_max_y: 1609.68
DSC_8444.JPG_min_y: 821.698
