-4.634341050361194814e-01 -1.752081466529347709e-01 8.571594698987838683e+02
-1.746570629558653609e-01 1.991621416200705375e-01 5.350787750831668745e+02
-6.701464564590509402e-04 -1.511842222146233175e-05 1.000000000000000000e+00
DSC_8401.JPG_max_x: 1010.47
DSC_8401.JPG_min_x: 321.997
DSC_8401.JPG_max_y: 1790.88
DSC_8401.JPG_min_y: 1085.13
DSC_8459.JPG_max_x: 878.589
DSC_8459.JPG_min_x: 471.623
DSC_8459.JPG_max_y: 1876.11
DSC_8459.JPG_min_y: 811.959
