-7.291953963904224123e-01 3.090879379702635710e-01 4.940404782713683858e+02
-1.222144431150687521e-01 8.632206660675543208e-01 -8.562140833335714660e+02
-1.001268098416006717e-03 1.466698365134297204e-04 1.000000000000000000e+00
DSC_8196.JPG_max_x: 1176.32
DSC_8196.JPG_min_x: 443.553
DSC_8196.JPG_max_y: 1346.28
DSC_8196.JPG_min_y: 1139.4
DSC_8329.JPG_max_x: 1084.47
DSC_8329.JPG_min_x: 666.374
DSC_8329.JPG_max_y: 1534.68
DSC_8329.JPG_min_y: 170.221
