8.245057724655762144e-01 -1.671190372128232848e-01 4.766905150658772072e+01
-1.309422857137140447e-02 3.559615770362002940e-01 9.456950109494870276e+02
-5.613849098348601866e-06 -4.127562643761002389e-04 9.999999999999998890e-01
DSC_8415.JPG_max_x: 1151.04
DSC_8415.JPG_min_x: 146.517
DSC_8415.JPG_max_y: 694.203
DSC_8415.JPG_min_y: 291.978
DSC_8430.JPG_max_x: 1244.33
DSC_8430.JPG_min_x: 78.6577
DSC_8430.JPG_max_y: 1670.28
DSC_8430.JPG_min_y: 1191.18
