-1.561390213571928420e+00 -5.194910374281664911e-01 1.119506970165257826e+03
-3.257324210145242649e+00 -3.021466794565281777e-01 1.461638167349831065e+03
-1.929177605888900268e-03 -3.625203705325012933e-04 1.000000000000000000e+00
DSC_8353.JPG_max_x: 1240.95
DSC_8353.JPG_min_x: 24.4407
DSC_8353.JPG_max_y: 1026.26
DSC_8353.JPG_min_y: 124.72
DSC_8364.JPG_max_x: 1323.92
DSC_8364.JPG_min_x: 450.27
DSC_8364.JPG_max_y: 1687.15
DSC_8364.JPG_min_y: 1310.58
