3.945678731247361792e-01 -1.277742549234407665e+00 6.326155339688781396e+02
1.244437989607751982e+00 -2.874944380040633796e+00 1.215070357558472779e+03
9.909360571650613000e-04 -2.330029735026318410e-03 1.000000000000000000e+00
DSC_8304.JPG_max_x: 1106.53
DSC_8304.JPG_min_x: 29.0201
DSC_8304.JPG_max_y: 1784.88
DSC_8304.JPG_min_y: 487.392
DSC_8364.JPG_max_x: 818.69
DSC_8364.JPG_min_x: 346.294
DSC_8364.JPG_max_y: 1604.39
DSC_8364.JPG_min_y: 1075.88
