5.516437772188028665e-01 2.664782629377228373e-02 2.577906552578778019e+02
-2.451503039977227100e-02 4.435156377620813051e-01 5.810190965717506515e+02
-1.359028600423676496e-05 2.734832473738950875e-05 1.000000000000000000e+00
DSC_8205.JPG_max_x: 1064.76
DSC_8205.JPG_min_x: 107.142
DSC_8205.JPG_max_y: 1027.7
DSC_8205.JPG_min_y: 118.631
DSC_8369.JPG_max_x: 857.553
DSC_8369.JPG_min_x: 318.097
DSC_8369.JPG_max_y: 994.488
DSC_8369.JPG_min_y: 614.698
