8.633148513767322507e-01 -1.749827153317334849e-01 -1.070527592468659037e+02
-2.530382498901788749e-02 8.028771509809518037e-01 3.676370465623886048e+02
-4.954320183264795577e-05 -1.038770273352045701e-04 1.000000000000000000e+00
DSC_8277.JPG_max_x: 1234.75
DSC_8277.JPG_min_x: 233.196
DSC_8277.JPG_max_y: 559.404
DSC_8277.JPG_min_y: 195.831
DSC_8457.JPG_max_x: 975.459
DSC_8457.JPG_min_x: 58.3913
DSC_8457.JPG_max_y: 892.699
DSC_8457.JPG_min_y: 537.429
