2.837250367716713795e-01 -5.465304035343495487e-02 3.358682055359511196e+02
-5.066472454262058167e-02 7.100382485421157241e-01 2.250435707841688497e+02
-3.992239953444242685e-04 -3.451743024024570781e-05 1.000000000000000000e+00
DSC_8361.JPG_max_x: 596.776
DSC_8361.JPG_min_x: 135.162
DSC_8361.JPG_max_y: 454.524
DSC_8361.JPG_min_y: 47.1496
DSC_8407.JPG_max_x: 645.08
DSC_8407.JPG_min_x: 382.16
DSC_8407.JPG_max_y: 666.208
DSC_8407.JPG_min_y: 285.413
