8.702007583670178903e+00 1.814599805844840930e+00 -4.416152902233663553e+03
1.159708845860755733e-01 1.027273041748379789e+01 -1.036358307688459354e+04
-5.323261195638691258e-05 2.728727485675067239e-03 1.000000000000000000e+00
DSC_8350.JPG_max_x: 904.961
DSC_8350.JPG_min_x: 317.161
DSC_8350.JPG_max_y: 1524.0
DSC_8350.JPG_min_y: 1014.65
DSC_8449.JPG_max_x: 1249.1
DSC_8449.JPG_min_x: 121.723
DSC_8449.JPG_max_y: 1039.93
DSC_8449.JPG_min_y: 39.3493
