1.613147262962078443e+01 5.831131797897910474e-01 -1.152203349494670147e+04
7.048159068689662243e-01 1.816237579381381195e+01 -1.820324171116780417e+04
2.594937149511631225e-03 7.622853317386641889e-03 1.000000000000000000e+00
DSC_8322.JPG_max_x: 1326.93
DSC_8322.JPG_min_x: 753.387
DSC_8322.JPG_max_y: 1396.04
DSC_8322.JPG_min_y: 1141.04
DSC_8339.JPG_max_x: 747.769
DSC_8339.JPG_min_x: 95.3063
DSC_8339.JPG_max_y: 556.231
DSC_8339.JPG_min_y: 262.188
