-2.141923193514031709e+01 -6.051542895286009305e+00 1.569610439580436832e+04
-1.991103518910028736e-01 -2.720203178565604674e+01 2.396257424735248424e+04
3.094195149299428828e-03 -2.052535629448657903e-02 1.000000000000000000e+00
DSC_8274.JPG_max_x: 1223.32
DSC_8274.JPG_min_x: 560.563
DSC_8274.JPG_max_y: 1345.72
DSC_8274.JPG_min_y: 1049.46
DSC_8455.JPG_max_x: 968.245
DSC_8455.JPG_min_x: 160.788
DSC_8455.JPG_max_y: 544.157
DSC_8455.JPG_min_y: 268.738
