3.682853651491082014e-01 -1.129177730858579587e-01 6.794962441881357336e+02
1.642942987918189490e-01 6.825541765478888578e-01 4.143831847044813088e+01
3.738098823496799724e-05 -2.935369811846987460e-05 1.000000000000000000e+00
DSC_8421.JPG_max_x: 966.25
DSC_8421.JPG_min_x: 26.3857
DSC_8421.JPG_max_y: 1726.87
DSC_8421.JPG_min_y: 63.4367
DSC_8459.JPG_max_x: 915.215
DSC_8459.JPG_min_x: 597.703
DSC_8459.JPG_max_y: 1392.57
DSC_8459.JPG_min_y: 182.854
