2.058986081902479626e+01 5.396954006605963805e+00 -1.673491945582029075e+04
-4.270857671738645389e-01 2.621958524507909516e+01 -2.558814088107032148e+04
-6.332838047949664560e-04 7.904827437485158897e-03 1.000000000000000000e+00
DSC_8216.JPG_max_x: 1213.91
DSC_8216.JPG_min_x: 625.009
DSC_8216.JPG_max_y: 1856.45
DSC_8216.JPG_min_y: 1029.96
DSC_8405.JPG_max_x: 1304.01
DSC_8405.JPG_min_x: 258.154
DSC_8405.JPG_max_y: 1503.46
DSC_8405.JPG_min_y: 122.592
