1.001699482956348364e+00 -3.658836242229716040e-01 5.453132333710527746e+02
-1.768233915430924078e-02 6.099154220793665537e-01 6.920474779580811173e+02
-7.581433522786745424e-05 -3.121561175723179950e-04 1.000000000000000000e+00
DSC_8249.JPG_max_x: 542.525
DSC_8249.JPG_min_x: 13.6617
DSC_8249.JPG_max_y: 683.957
DSC_8249.JPG_min_y: 202.883
DSC_8331.JPG_max_x: 1154.88
DSC_8331.JPG_min_x: 425.72
DSC_8331.JPG_max_y: 1496.51
DSC_8331.JPG_min_y: 891.275
