-1.068044805785294704e+00 1.543034851466331903e+00 -7.514596527919433129e+02
-6.472896664429539371e+00 5.364058568700621699e+00 9.665119646809523601e+01
-5.087910077349822903e-03 3.511914193604300221e-03 1.000000000000000000e+00
DSC_8270.JPG_max_x: 1124.83
DSC_8270.JPG_min_x: 131.7
DSC_8270.JPG_max_y: 1658.97
DSC_8270.JPG_min_y: 878.953
DSC_8396.JPG_max_x: 1041.83
DSC_8396.JPG_min_x: 103.09
DSC_8396.JPG_max_y: 1713.41
DSC_8396.JPG_min_y: 1135.85
