-6.612558573669037321e-01 -1.108889588669120518e-01 8.576908608863381005e+02
-1.900721279077725590e-01 -4.311904724280963414e-02 2.593058254793469359e+02
-7.688770442485997432e-04 -1.314539335187368840e-04 1.000000000000000000e+00
DSC_8250.JPG_max_x: 1262.99
DSC_8250.JPG_min_x: 1012.04
DSC_8250.JPG_max_y: 1778.84
DSC_8250.JPG_min_y: 1111.6
DSC_8267.JPG_max_x: 1076.36
DSC_8267.JPG_min_x: 617.131
DSC_8267.JPG_max_y: 1034.88
DSC_8267.JPG_min_y: 14.3534
