-7.176792766841239013e-02 -2.056404021390634829e-01 1.355768703693327666e+02
-6.714896652541173516e-01 -2.027657929314182983e+00 1.356818788962646522e+03
-4.994232594224412439e-04 -1.493785743609070881e-03 1.000000000000000000e+00
DSC_8227.JPG_max_x: 1299.55
DSC_8227.JPG_min_x: 15.8967
DSC_8227.JPG_max_y: 1114.94
DSC_8227.JPG_min_y: 201.84
DSC_8310.JPG_max_x: 1296.74
DSC_8310.JPG_min_x: 25.0102
DSC_8310.JPG_max_y: 1737.86
DSC_8310.JPG_min_y: 1073.13
