5.555438650415490676e-01 -6.790788976748803885e-01 1.106312549524197493e+03
4.795718382490521403e-01 7.564311347288321663e-01 -4.480623607252398699e+01
-2.835323840940131819e-04 -6.162483820320377719e-05 9.999999999999998890e-01
DSC_8265.JPG_max_x: 663.409
DSC_8265.JPG_min_x: 144.164
DSC_8265.JPG_max_y: 1150.45
DSC_8265.JPG_min_y: 390.204
DSC_8299.JPG_max_x: 1106.06
DSC_8299.JPG_min_x: 413.678
DSC_8299.JPG_max_y: 1395.23
DSC_8299.JPG_min_y: 354.445
