4.949978284498298131e-01 -2.225856922232242324e-02 1.051377166809607218e+02
-3.301047442005661942e-02 5.136886724821594363e-01 6.196055870747106837e+02
-6.394744623479639068e-05 1.042986472567120132e-05 1.000000000000000000e+00
DSC_8272.JPG_max_x: 1314.25
DSC_8272.JPG_min_x: 262.724
DSC_8272.JPG_max_y: 1977.99
DSC_8272.JPG_min_y: 670.025
DSC_8472.JPG_max_x: 775.601
DSC_8472.JPG_min_x: 208.407
DSC_8472.JPG_max_y: 1603.33
DSC_8472.JPG_min_y: 981.179
