-8.169376772912945173e-02 -1.551278833881928332e+00 1.028796566616212885e+03
-5.962667366667382396e-01 -1.710578639415261781e+00 1.359134790083922780e+03
-3.467107818560900357e-04 -1.351176177812824300e-03 1.000000000000000000e+00
DSC_8429.JPG_max_x: 594.775
DSC_8429.JPG_min_x: 48.3311
DSC_8429.JPG_max_y: 696.486
DSC_8429.JPG_min_y: 81.3892
DSC_8472.JPG_max_x: 1303.14
DSC_8472.JPG_min_x: 751.161
DSC_8472.JPG_max_y: 1511.22
DSC_8472.JPG_min_y: 1166.73
