6.925883817346433213e-01 -2.643131964099689271e-02 -5.698565498347427649e+01
-1.127596522025183234e-01 7.605058859380146030e-01 2.617242150556076581e+02
-1.136397296698984916e-04 2.655353176893509727e-05 1.000000000000000000e+00
DSC_8244.JPG_max_x: 1237.26
DSC_8244.JPG_min_x: 258.466
DSC_8244.JPG_max_y: 1613.08
DSC_8244.JPG_min_y: 561.962
DSC_8456.JPG_max_x: 864.278
DSC_8456.JPG_min_x: 106.181
DSC_8456.JPG_max_y: 1457.17
DSC_8456.JPG_min_y: 668.461
