6.710868848224185168e-01 2.074806627337299203e-01 5.221690167617487077e+02
7.587430261834849851e-03 4.794613257239567772e-01 3.171379391745626890e+02
6.106868858740374976e-05 1.482787183221261145e-05 1.000000000000000000e+00
DSC_8205.JPG_max_x: 1016.59
DSC_8205.JPG_min_x: 284.109
DSC_8205.JPG_max_y: 1154.94
DSC_8205.JPG_min_y: 157.684
DSC_8339.JPG_max_x: 1273.13
DSC_8339.JPG_min_x: 729.971
DSC_8339.JPG_max_y: 868.071
DSC_8339.JPG_min_y: 378.569
