3.369441897686197285e-01 -8.726851015729343575e-02 1.004050909764733319e+03
-3.247068517215563888e-01 6.095196648943685958e-01 5.561186456086650196e+02
-2.948471694941421826e-04 -6.760001365319783830e-05 1.000000000000000000e+00
DSC_8336.JPG_max_x: 417.114
DSC_8336.JPG_min_x: 6.43509
DSC_8336.JPG_max_y: 1551.31
DSC_8336.JPG_min_y: 603.273
DSC_8416.JPG_max_x: 1314.42
DSC_8416.JPG_min_x: 997.438
DSC_8416.JPG_max_y: 1717.31
DSC_8416.JPG_min_y: 957.129
