5.503404382175922649e-01 -8.972969143301498529e-02 3.777518990022455796e+02
3.035828660699065734e-02 6.365600432097689998e-01 -6.195014289048375389e+01
-1.416135357437019117e-04 -3.631558121689997388e-05 1.000000000000000000e+00
DSC_8287.JPG_max_x: 1233.61
DSC_8287.JPG_min_x: 176.73
DSC_8287.JPG_max_y: 591.593
DSC_8287.JPG_min_y: 86.537
DSC_8321.JPG_max_x: 1238.44
DSC_8321.JPG_min_x: 471.845
DSC_8321.JPG_max_y: 434.326
DSC_8321.JPG_min_y: 16.8056
