1.505627438999201484e+00 1.666414778541125963e-01 1.309383770945928802e+02
1.828246001654422470e-02 2.453074899649799079e+00 -4.767825420816141957e+01
-7.896339443583237248e-04 7.556022541381978656e-04 1.000000000000000000e+00
DSC_8417.JPG_max_x: 553.456
DSC_8417.JPG_min_x: 333.792
DSC_8417.JPG_max_y: 562.778
DSC_8417.JPG_min_y: 110.106
DSC_8463.JPG_max_x: 1182.24
DSC_8463.JPG_min_x: 730.703
DSC_8463.JPG_max_y: 1361.5
DSC_8463.JPG_min_y: 282.784
