9.331350868282778377e-01 1.847367230584044395e-01 1.968024072444588057e+02
7.319237685937754478e-02 9.938953794438455391e-01 1.062202618126963642e+02
6.589151213477195137e-05 5.883566897244266907e-05 1.000000000000000000e+00
DSC_8349.JPG_max_x: 956.208
DSC_8349.JPG_min_x: 17.3175
DSC_8349.JPG_max_y: 1414.2
DSC_8349.JPG_min_y: 283.492
DSC_8401.JPG_max_x: 1078.05
DSC_8401.JPG_min_x: 323.071
DSC_8401.JPG_max_y: 1394.11
DSC_8401.JPG_min_y: 426.183
