1.004542945766419448e+00 2.962159244499267263e-01 -9.542981713411683131e+02
1.572496579971600084e-01 2.679470186269272136e-01 1.042089430327079981e+03
2.043378905162441248e-04 -5.520235597317098850e-04 1.000000000000000000e+00
DSC_8397.JPG_max_x: 1310.13
DSC_8397.JPG_min_x: 798.501
DSC_8397.JPG_max_y: 655.515
DSC_8397.JPG_min_y: 316.797
DSC_8412.JPG_max_x: 519.11
DSC_8412.JPG_min_x: 23.6575
DSC_8412.JPG_max_y: 1646.52
DSC_8412.JPG_min_y: 1257.62
