7.844448335872744593e-01 -2.666487866027902331e-01 -1.587533180760626692e+02
2.631506194428356316e-01 5.138591556354888956e-01 1.091979128860537912e+03
1.415156349637599459e-04 -5.718802988139983997e-05 1.000000000000000000e+00
DSC_8225.JPG_max_x: 1308.64
DSC_8225.JPG_min_x: 426.526
DSC_8225.JPG_max_y: 1069.79
DSC_8225.JPG_min_y: 298.797
DSC_8338.JPG_max_x: 567.04
DSC_8338.JPG_min_x: 27.0956
DSC_8338.JPG_max_y: 1751.23
DSC_8338.JPG_min_y: 1307.06
