9.527470643898105607e+00 2.429573521091933586e+00 -9.075249318616941309e+03
-7.155645393543758059e-01 9.585162019367281516e+00 -8.437370774099657865e+03
2.355811243766195353e-03 2.699110182438939180e-03 1.000000000000000000e+00
DSC_8234.JPG_max_x: 1308.26
DSC_8234.JPG_min_x: 853.519
DSC_8234.JPG_max_y: 1604.3
DSC_8234.JPG_min_y: 948.381
DSC_8335.JPG_max_x: 859.341
DSC_8335.JPG_min_x: 253.091
DSC_8335.JPG_max_y: 764.491
DSC_8335.JPG_min_y: 8.89366
