1.085693939759646787e+00 5.164106112723109154e-01 -3.514046261874216839e+02
9.972419926204262319e-02 6.297173779185418763e-01 4.185840717547861232e+02
7.377677970148412362e-04 -8.363158120565325232e-05 1.000000000000000000e+00
DSC_8315.JPG_max_x: 760.117
DSC_8315.JPG_min_x: 154.57
DSC_8315.JPG_max_y: 1680.71
DSC_8315.JPG_min_y: 174.903
DSC_8363.JPG_max_x: 945.456
DSC_8363.JPG_min_x: 171.774
DSC_8363.JPG_max_y: 1206.84
DSC_8363.JPG_min_y: 327.283
