4.576372339709617876e-01 -1.198971799878864770e-02 3.619773534639871286e+02
-1.293381573902974667e-02 4.864005823757724389e-01 6.555990218476721338e+02
-2.513314543883760023e-05 4.926147826685474328e-07 1.000000000000000000e+00
DSC_8256.JPG_max_x: 1303.95
DSC_8256.JPG_min_x: 43.0051
DSC_8256.JPG_max_y: 1830.15
DSC_8256.JPG_min_y: 662.433
DSC_8472.JPG_max_x: 977.361
DSC_8472.JPG_min_x: 376.339
DSC_8472.JPG_max_y: 1522.48
DSC_8472.JPG_min_y: 980.052
