2.150292324065443239e+00 1.049711554603076191e+00 -3.398998339541094992e+03
-9.580831589590767250e-02 2.143001112440249045e+00 3.770406540649937028e+02
8.661920270300414032e-04 1.856476759224522522e-04 1.000000000000000000e+00
DSC_8329.JPG_max_x: 1332.33
DSC_8329.JPG_min_x: 917.313
DSC_8329.JPG_max_y: 1557.68
DSC_8329.JPG_min_y: 652.678
DSC_8331.JPG_max_x: 384.527
DSC_8331.JPG_min_x: 25.9445
DSC_8331.JPG_max_y: 1692.32
DSC_8331.JPG_min_y: 732.751
