9.696702747721758220e-01 -8.220058200742945409e-02 8.289964223017815925e+01
2.014931436983787572e-01 1.004725719409121698e+00 1.446833204516711362e+02
1.290374189290051246e-04 1.529377117115842961e-05 1.000000000000000000e+00
DSC_8352.JPG_max_x: 1310.55
DSC_8352.JPG_min_x: 72.4339
DSC_8352.JPG_max_y: 1689.52
DSC_8352.JPG_min_y: 814.869
DSC_8366.JPG_max_x: 1076.99
DSC_8366.JPG_min_x: 21.6405
DSC_8366.JPG_max_y: 1752.48
DSC_8366.JPG_min_y: 1016.3
