1.277220678372170903e+00 1.277113261647580877e+00 -1.048040957373563288e+03
-2.398279010583356519e-01 1.305438780182857972e+00 3.854013102813830187e+02
3.678387913841601325e-04 3.507325448981908476e-05 1.000000000000000000e+00
DSC_8271.JPG_max_x: 1227.27
DSC_8271.JPG_min_x: 13.5158
DSC_8271.JPG_max_y: 1345.85
DSC_8271.JPG_min_y: 596.142
DSC_8273.JPG_max_x: 1164.26
DSC_8273.JPG_min_x: 130.912
DSC_8273.JPG_max_y: 1843.11
DSC_8273.JPG_min_y: 851.4
