-1.173825623538049090e+00 8.984075596802612029e-01 -2.248270850741701281e+02
-2.433726019223342973e+00 -1.006221072625433699e+00 2.214438584356741103e+03
-2.379688506303933703e-03 1.800162783179856750e-04 9.999999999999998890e-01
DSC_8362.JPG_max_x: 1328.41
DSC_8362.JPG_min_x: 183.386
DSC_8362.JPG_max_y: 1437.48
DSC_8362.JPG_min_y: 974.352
DSC_8398.JPG_max_x: 778.959
DSC_8398.JPG_min_x: 103.882
DSC_8398.JPG_max_y: 1444.48
DSC_8398.JPG_min_y: 1037.48
