-9.528653629812512404e-01 -1.243063687983164689e+00 1.001391694667517640e+03
-1.710898320634448300e-01 -2.217952822760482778e+00 2.549406200431850266e+03
4.226781462998007729e-05 -1.505958762632088072e-03 1.000000000000000000e+00
DSC_8244.JPG_max_x: 664.721
DSC_8244.JPG_min_x: 40.2122
DSC_8244.JPG_max_y: 1613.08
DSC_8244.JPG_min_y: 1317.27
DSC_8325.JPG_max_x: 1294.52
DSC_8325.JPG_min_x: 366.326
DSC_8325.JPG_max_y: 867.84
DSC_8325.JPG_min_y: 422.966
