1.821941238865901758e+00 -1.800815009798471533e-01 1.942660569609794720e+03
8.267041639669064912e-02 3.036886028028167317e+00 -2.823584045689444338e+03
-9.729286958837291867e-04 1.572913485958058735e-03 1.000000000000000000e+00
DSC_8324.JPG_max_x: 773.944
DSC_8324.JPG_min_x: 24.2612
DSC_8324.JPG_max_y: 1499.37
DSC_8324.JPG_min_y: 1229.22
DSC_8413.JPG_max_x: 1217.36
DSC_8413.JPG_min_x: 533.539
DSC_8413.JPG_max_y: 676.264
DSC_8413.JPG_min_y: 380.183
