4.674035681984839430e-01 -1.131671000416680090e-01 9.844954636644182528e+02
-2.430883291195374829e-01 7.590900693277754518e-01 3.334208386268614390e+02
-2.692730651207599622e-04 -6.577463682191330146e-05 9.999999999999998890e-01
DSC_8336.JPG_max_x: 408.65
DSC_8336.JPG_min_x: 8.33363
DSC_8336.JPG_max_y: 1551.31
DSC_8336.JPG_min_y: 603.273
DSC_8432.JPG_max_x: 1295.3
DSC_8432.JPG_min_x: 923.471
DSC_8432.JPG_max_y: 1719.65
DSC_8432.JPG_min_y: 821.451
