2.053481304360462278e+00 5.139326942021311684e-01 -9.219977138838323754e+02
-4.330634945995632812e-01 2.558491976211283436e+00 -2.705408225445622065e+03
-1.408974747591709036e-04 6.978200315976536760e-04 1.000000000000000000e+00
DSC_8266.JPG_max_x: 1232.51
DSC_8266.JPG_min_x: 274.233
DSC_8266.JPG_max_y: 1946.16
DSC_8266.JPG_min_y: 1249.54
DSC_8267.JPG_max_x: 1260.71
DSC_8267.JPG_min_x: 176.175
DSC_8267.JPG_max_y: 820.76
DSC_8267.JPG_min_y: 85.7847
