1.428850264790880953e+00 9.365234928131767056e-01 6.681698811941204212e+02
-4.230669550457130113e-01 2.715761441462856141e+00 -2.290406088385189776e+02
-3.924294141949478368e-04 1.093113579402028683e-03 9.999999999999998890e-01
DSC_8253.JPG_max_x: 458.797
DSC_8253.JPG_min_x: 29.4482
DSC_8253.JPG_max_y: 951.279
DSC_8253.JPG_min_y: 645.453
DSC_8449.JPG_max_x: 1246.75
DSC_8449.JPG_min_x: 795.489
DSC_8449.JPG_max_y: 1166.98
DSC_8449.JPG_min_y: 889.334
