2.041249239715105190e+00 5.283993458532985077e-01 -8.061624303767597439e+02
-3.108125811193620039e-02 2.377304440573355215e+00 -1.926728659924395743e+03
1.506634332816610455e-05 7.051708058228210946e-04 1.000000000000000000e+00
DSC_8322.JPG_max_x: 1316.86
DSC_8322.JPG_min_x: 64.9171
DSC_8322.JPG_max_y: 1788.07
DSC_8322.JPG_min_y: 829.808
DSC_8323.JPG_max_x: 1331.12
DSC_8323.JPG_min_x: 9.92535
DSC_8323.JPG_max_y: 1018.91
DSC_8323.JPG_min_y: 19.5989
