6.660664314509848749e-01 8.261932484090270257e-02 -1.323104065453687781e+02
-2.335653162971041211e-02 7.871453480714247775e-01 1.100804356249799838e+02
-1.066088628704258469e-04 5.488175081148711967e-04 1.000000000000000000e+00
DSC_8209.JPG_max_x: 1294.59
DSC_8209.JPG_min_x: 171.127
DSC_8209.JPG_max_y: 920.554
DSC_8209.JPG_min_y: 221.728
DSC_8395.JPG_max_x: 673.196
DSC_8395.JPG_min_x: 16.1091
DSC_8395.JPG_max_y: 579.186
DSC_8395.JPG_min_y: 258.137
