-2.419633251580152411e+00 -8.310966753971893439e-01 1.462862214912740683e+03
-4.526042236945498898e-03 -2.854008167842252863e+00 3.519845696309520463e+03
-9.679652295673340482e-05 -1.092798681205566858e-03 1.000000000000000000e+00
DSC_8378.JPG_max_x: 393.508
DSC_8378.JPG_min_x: 309.252
DSC_8378.JPG_max_y: 1401.07
DSC_8378.JPG_min_y: 1258.12
DSC_8469.JPG_max_x: 1281.61
DSC_8469.JPG_min_x: 808.317
DSC_8469.JPG_max_y: 849.714
DSC_8469.JPG_min_y: 180.329
