6.889334890551289670e-01 -1.491352255481764588e-01 2.233005481542315636e+02
2.139728931563144795e-02 5.911538240678627654e-01 2.154203377293207211e+02
-6.675942228422398919e-05 -2.073137495858047076e-04 1.000000000000000000e+00
DSC_8245.JPG_max_x: 760.588
DSC_8245.JPG_min_x: 117.162
DSC_8245.JPG_max_y: 687.241
DSC_8245.JPG_min_y: 15.9347
DSC_8261.JPG_max_x: 786.969
DSC_8261.JPG_min_x: 292.541
DSC_8261.JPG_max_y: 760.44
DSC_8261.JPG_min_y: 234.547
