1.664143770276104384e+00 1.135311514419210660e-01 -1.186365766549878344e+03
7.398058146760131404e-01 1.816489590043897540e+00 -1.067623673825359901e+03
9.356137427812920553e-04 2.178462244881343814e-04 1.000000000000000000e+00
DSC_8240.JPG_max_x: 1265.16
DSC_8240.JPG_min_x: 632.151
DSC_8240.JPG_max_y: 1477.57
DSC_8240.JPG_min_y: 903.792
DSC_8274.JPG_max_x: 431.864
DSC_8274.JPG_min_x: 11.504
DSC_8274.JPG_max_y: 1078.75
DSC_8274.JPG_min_y: 596.885
