-2.990333978685631444e-01 -5.065442247439664106e-03 3.536164969940391529e+02
-1.032141296357054649e+00 -4.090122054889386294e-01 1.502432409347046132e+03
-8.525694448131413599e-04 -9.543009163992333739e-05 9.999999999999998890e-01
DSC_8232.JPG_max_x: 1322.11
DSC_8232.JPG_min_x: 150.879
DSC_8232.JPG_max_y: 1121.07
DSC_8232.JPG_min_y: 595.841
DSC_8434.JPG_max_x: 342.025
DSC_8434.JPG_min_x: 128.057
DSC_8434.JPG_max_y: 1423.61
DSC_8434.JPG_min_y: 511.074
