4.022499201529745605e+00 7.031683401477607509e-01 -3.493441251460146304e+03
2.224320746533555049e+00 3.640581841178716971e+00 -1.539722483173821956e+03
2.425752386498802784e-03 5.871655590760306489e-04 1.000000000000000000e+00
DSC_8202.JPG_max_x: 1180.14
DSC_8202.JPG_min_x: 696.473
DSC_8202.JPG_max_y: 1451.25
DSC_8202.JPG_min_y: 659.547
DSC_8338.JPG_max_x: 418.521
DSC_8338.JPG_min_x: 39.8866
DSC_8338.JPG_max_y: 1475.78
DSC_8338.JPG_min_y: 820.294
