3.113136382171016514e+00 8.932743910883937932e-01 -2.149428833678811316e+03
-4.922593267450962040e-01 3.826761425778889336e+00 -3.204001396139902226e+03
-7.529541735406069212e-04 6.979729478017342777e-04 1.000000000000000000e+00
DSC_8262.JPG_max_x: 848.263
DSC_8262.JPG_min_x: 473.928
DSC_8262.JPG_max_y: 1461.68
DSC_8262.JPG_min_y: 952.388
DSC_8345.JPG_max_x: 1301.25
DSC_8345.JPG_min_x: 189.802
DSC_8345.JPG_max_y: 1342.91
DSC_8345.JPG_min_y: 41.1595
