2.476707935769810298e+00 3.480538360672905118e-01 -1.165443703072616472e+03
-1.019065279094197418e+00 4.826114565894436659e+00 -2.983512511336173702e+03
-1.249587769784543971e-03 8.939113060954319333e-04 1.000000000000000000e+00
DSC_8200.JPG_max_x: 792.391
DSC_8200.JPG_min_x: 219.541
DSC_8200.JPG_max_y: 1200.27
DSC_8200.JPG_min_y: 848.391
DSC_8268.JPG_max_x: 1300.42
DSC_8268.JPG_min_x: 16.8477
DSC_8268.JPG_max_y: 1654.14
DSC_8268.JPG_min_y: 521.122
