-2.668306866620451245e+00 4.339982093184815287e-02 1.070205763966521772e+03
-1.173325554852267194e+00 2.918955926874840512e-01 2.901183953816467920e+02
-2.830729846795324110e-03 1.543371087612092636e-04 1.000000000000000000e+00
DSC_8353.JPG_max_x: 405.291
DSC_8353.JPG_min_x: 24.4407
DSC_8353.JPG_max_y: 1167.36
DSC_8353.JPG_min_y: 110.411
DSC_8379.JPG_max_x: 1300.31
DSC_8379.JPG_min_x: 59.7252
DSC_8379.JPG_max_y: 1187.75
DSC_8379.JPG_min_y: 231.745
