-2.155769890400634214e-02 -5.949975428855003301e-02 1.184489782876840280e+02
-5.714378392102008319e-02 -4.186709796385273963e-01 7.121024280960161832e+02
-1.390106069583340557e-04 -5.377549188219764992e-04 1.000000000000000000e+00
DSC_8324.JPG_max_x: 1323.16
DSC_8324.JPG_min_x: 1173.35
DSC_8324.JPG_max_y: 1722.57
DSC_8324.JPG_min_y: 1460.76
DSC_8327.JPG_max_x: 1237.29
DSC_8327.JPG_min_x: 44.1133
DSC_8327.JPG_max_y: 1087.89
DSC_8327.JPG_min_y: 692.343
