6.224058255705317011e-01 -7.381562237739357213e-02 3.138868262509487295e+02
3.868759958316923125e-02 5.496075506774336095e-01 8.560017402813052456e+00
9.193719506699327669e-05 -1.059126084221145950e-04 1.000000000000000000e+00
DSC_8319.JPG_max_x: 1068.6
DSC_8319.JPG_min_x: 80.3554
DSC_8319.JPG_max_y: 1385.46
DSC_8319.JPG_min_y: 39.5775
DSC_8417.JPG_max_x: 912.447
DSC_8417.JPG_min_x: 354.603
DSC_8417.JPG_max_y: 857.535
DSC_8417.JPG_min_y: 48.1367
