9.595194014057644161e-01 -1.691795636950985393e-01 -2.087143338073454117e+02
-1.155390633897065110e-02 1.001483774830580042e+00 -6.153918388312973775e+01
-7.112941423272269731e-05 -1.331479346879025608e-04 9.999999999999998890e-01
DSC_8219.JPG_max_x: 1262.22
DSC_8219.JPG_min_x: 383.544
DSC_8219.JPG_max_y: 962.519
DSC_8219.JPG_min_y: 309.832
DSC_8235.JPG_max_x: 1083.72
DSC_8235.JPG_min_x: 29.6504
DSC_8235.JPG_max_y: 1074.37
DSC_8235.JPG_min_y: 260.078
