-3.256277931584848906e-01 -5.392201945444122790e-01 7.742524219346571499e+02
-9.907466699855083103e-01 2.023050001567194278e-01 5.512754052972846921e+02
-9.666036138261698126e-04 -4.314816811036571958e-04 1.000000000000000000e+00
DSC_8218.JPG_max_x: 1279.66
DSC_8218.JPG_min_x: 7.88829
DSC_8218.JPG_max_y: 1274.68
DSC_8218.JPG_min_y: 532.253
DSC_8418.JPG_max_x: 978.412
DSC_8418.JPG_min_x: 197.615
DSC_8418.JPG_max_y: 1871.72
DSC_8418.JPG_min_y: 675.019
