3.333752024745168629e+00 6.213568633787468487e-01 -1.831737470678894169e+03
9.854983805471746461e-01 2.165455708501515364e+00 -1.019632100537259589e+03
9.881147226439165009e-04 1.679851349309104103e-04 1.000000000000000000e+00
DSC_8366.JPG_max_x: 1319.5
DSC_8366.JPG_min_x: 419.22
DSC_8366.JPG_max_y: 1603.98
DSC_8366.JPG_min_y: 1020.34
DSC_8472.JPG_max_x: 1292.89
DSC_8472.JPG_min_x: 283.894
DSC_8472.JPG_max_y: 1502.16
DSC_8472.JPG_min_y: 988.369
