1.307311696412026603e+00 9.735782130637370135e-02 2.998419015863397021e+02
8.402829475726562858e-02 1.286926364958666413e+00 -4.294674331438044419e+02
1.097532790420536959e-04 1.072007805373577870e-04 1.000000000000000000e+00
DSC_8240.JPG_max_x: 936.029
DSC_8240.JPG_min_x: 4.96994
DSC_8240.JPG_max_y: 1731.77
DSC_8240.JPG_min_y: 897.983
DSC_8256.JPG_max_x: 1327.41
DSC_8256.JPG_min_x: 354.978
DSC_8256.JPG_max_y: 1499.4
DSC_8256.JPG_min_y: 666.114
