1.911012294574003123e+00 2.063715623475132280e-02 -4.861090742956618556e+02
2.018567712012400428e-01 1.796893127850124339e+00 -1.078711172955334405e+03
1.848724157495042013e-04 9.412786189113994212e-06 1.000000000000000000e+00
DSC_8364.JPG_max_x: 1059.22
DSC_8364.JPG_min_x: 327.69
DSC_8364.JPG_max_y: 1658.07
DSC_8364.JPG_min_y: 1027.08
DSC_8432.JPG_max_x: 1282.62
DSC_8432.JPG_min_x: 151.961
DSC_8432.JPG_max_y: 1807.66
DSC_8432.JPG_min_y: 781.762
