-8.944142566804373640e-02 4.254933232985732561e-01 9.458214180894817673e+02
-2.635909652055160035e-01 1.420147421655626019e+00 -5.145880263673011967e+01
-8.596850177145755811e-04 1.150194591233687225e-03 9.999999999999998890e-01
DSC_8323.JPG_max_x: 941.122
DSC_8323.JPG_min_x: 101.362
DSC_8323.JPG_max_y: 891.793
DSC_8323.JPG_min_y: 183.539
DSC_8367.JPG_max_x: 1198.55
DSC_8367.JPG_min_x: 838.766
DSC_8367.JPG_max_y: 794.241
DSC_8367.JPG_min_y: 163.743
