-9.023853832576249345e-02 9.948572233201047332e-02 1.076676676081329106e+03
-7.119731186834535874e-01 8.804847515803568836e-01 4.165357739197967248e+02
-7.102883370114257107e-04 1.726816372408175907e-04 1.000000000000000000e+00
DSC_8274.JPG_max_x: 481.683
DSC_8274.JPG_min_x: 11.504
DSC_8274.JPG_max_y: 1414.89
DSC_8274.JPG_min_y: 601.74
DSC_8452.JPG_max_x: 1317.22
DSC_8452.JPG_min_x: 1004.19
DSC_8452.JPG_max_y: 1474.53
DSC_8452.JPG_min_y: 839.811
