5.926827928405996815e+00 1.490012530184007256e-01 -2.043890554906047100e+03
3.041283472358833340e+00 6.144278238771057055e+00 -4.555572852365659855e+03
3.621290298117582802e-03 3.845226724373819157e-04 1.000000000000000000e+00
DSC_8252.JPG_max_x: 1062.76
DSC_8252.JPG_min_x: 332.396
DSC_8252.JPG_max_y: 1144.39
DSC_8252.JPG_min_y: 619.674
DSC_8290.JPG_max_x: 847.501
DSC_8290.JPG_min_x: 9.91781
DSC_8290.JPG_max_y: 1142.52
DSC_8290.JPG_min_y: 260.948
