1.209309181262457900e+00 1.906100249956736992e-01 -3.037111840364680688e+02
6.038533267947700928e-02 1.276363450666272881e+00 -9.201435925096575374e+01
7.951769753286243466e-05 1.303882693749937999e-04 1.000000000000000000e+00
DSC_8366.JPG_max_x: 1330.53
DSC_8366.JPG_min_x: 21.6405
DSC_8366.JPG_max_y: 1836.51
DSC_8366.JPG_min_y: 1016.3
DSC_8396.JPG_max_x: 1217.16
DSC_8396.JPG_min_x: 28.3563
DSC_8396.JPG_max_y: 1752.99
DSC_8396.JPG_min_y: 1052.27
