1.330269550592209304e+00 2.646825499616315552e-03 -7.755518000755269270e+01
-5.597819186708944544e-02 1.366793023264175178e+00 -2.614233597395310085e+02
-5.448542632421486719e-05 -1.028732357115752718e-06 1.000000000000000000e+00
DSC_8252.JPG_max_x: 1037.61
DSC_8252.JPG_min_x: 63.6688
DSC_8252.JPG_max_y: 1427.76
DSC_8252.JPG_min_y: 578.377
DSC_8268.JPG_max_x: 1315.25
DSC_8268.JPG_min_x: 13.725
DSC_8268.JPG_max_y: 1684.23
DSC_8268.JPG_min_y: 506.824
