2.806465023547024984e+00 1.027659314160717097e+00 -2.424579773119100082e+03
-7.572946691582980172e-01 3.139870294736652578e+00 3.473018696777826335e+02
6.900124747282961090e-04 4.103539879440343805e-04 1.000000000000000000e+00
DSC_8335.JPG_max_x: 1207.31
DSC_8335.JPG_min_x: 730.378
DSC_8335.JPG_max_y: 809.208
DSC_8335.JPG_min_y: 141.105
DSC_8471.JPG_max_x: 788.524
DSC_8471.JPG_min_x: 16.7731
DSC_8471.JPG_max_y: 1140.59
DSC_8471.JPG_min_y: 85.8122
