-6.417319118315026882e-01 -6.074872869473574299e-01 1.301838254684344520e+03
-6.236388832329855525e-01 2.904705466665170044e-01 -1.908870327330652970e+02
-7.089904647162792927e-04 -4.377297639724484369e-04 1.000000000000000000e+00
DSC_8394.JPG_max_x: 577.645
DSC_8394.JPG_min_x: 4.72716
DSC_8394.JPG_max_y: 1586.39
DSC_8394.JPG_min_y: 1074.13
DSC_8397.JPG_max_x: 1327.68
DSC_8397.JPG_min_x: 350.27
DSC_8397.JPG_max_y: 952.043
DSC_8397.JPG_min_y: 78.83
