7.027855509439889792e-01 -1.111656381300575071e-02 3.395827679305171500e+02
2.137172533222913284e-01 7.683730035132138037e-01 4.318920773455708400e+02
1.410909380210299564e-04 6.997665094793427691e-05 1.000000000000000000e+00
DSC_8238.JPG_max_x: 1098.79
DSC_8238.JPG_min_x: 21.2495
DSC_8238.JPG_max_y: 1741.83
DSC_8238.JPG_min_y: 811.696
DSC_8366.JPG_max_x: 892.367
DSC_8366.JPG_min_x: 313.93
DSC_8366.JPG_max_y: 1539.14
DSC_8366.JPG_min_y: 1057.63
