6.197777318771388044e-01 -1.305001995924208180e-01 2.527534644663220433e+02
5.550934167334115737e-03 5.236629896615310198e-01 1.851669476867255071e+02
-4.237724055919608223e-05 -1.448385011721229514e-04 1.000000000000000000e+00
DSC_8385.JPG_max_x: 1038.47
DSC_8385.JPG_min_x: 45.3839
DSC_8385.JPG_max_y: 1683.92
DSC_8385.JPG_min_y: 381.337
DSC_8393.JPG_max_x: 920.487
DSC_8393.JPG_min_x: 184.027
DSC_8393.JPG_max_y: 1472.27
DSC_8393.JPG_min_y: 395.543
