7.872787535688523519e+00 2.961446932484543826e+00 -5.000273351381037173e+03
-2.077922722607331851e-01 8.907891868994115114e+00 -1.188252132170977529e+04
1.054297203116738157e-04 3.889148801370112454e-03 1.000000000000000000e+00
DSC_8208.JPG_max_x: 1293.58
DSC_8208.JPG_min_x: 33.9712
DSC_8208.JPG_max_y: 1990.06
DSC_8208.JPG_min_y: 1523.45
DSC_8209.JPG_max_x: 1317.49
DSC_8209.JPG_min_x: 72.3812
DSC_8209.JPG_max_y: 636.359
DSC_8209.JPG_min_y: 221.728
