-4.409139055195485213e+00 8.110644638402236817e-01 3.902350909323484302e+03
-1.096882271400443543e+01 1.326686525005195405e-02 7.641696981667865657e+03
-1.028318625714849492e-02 5.534343629991143182e-03 1.000000000000000000e+00
DSC_8276.JPG_max_x: 1326.99
DSC_8276.JPG_min_x: 156.845
DSC_8276.JPG_max_y: 1656.08
DSC_8276.JPG_min_y: 509.429
DSC_8298.JPG_max_x: 1009.56
DSC_8298.JPG_min_x: 33.8019
DSC_8298.JPG_max_y: 1514.36
DSC_8298.JPG_min_y: 527.714
