1.172932432452973295e+00 4.966424216696087302e-02 -9.719142725010588038e+02
-1.721683321539331235e-01 1.048939349339588656e+00 3.041432444667638180e+01
-2.383058627451361720e-04 -1.707860877955329635e-05 1.000000000000000000e+00
DSC_8296.JPG_max_x: 1295.53
DSC_8296.JPG_min_x: 949.69
DSC_8296.JPG_max_y: 1025.42
DSC_8296.JPG_min_y: 435.155
DSC_8328.JPG_max_x: 865.396
DSC_8328.JPG_min_x: 239.525
DSC_8328.JPG_max_y: 1300.89
DSC_8328.JPG_min_y: 406.528
