1.004696134793631224e+01 1.256118043877250678e-01 -7.212494846152840182e+03
8.346256780838368083e-01 6.806168770775086863e+00 -4.995840093754035479e+03
6.349850780276468636e-04 -8.338949803300636635e-05 1.000000000000000000e+00
DSC_8246.JPG_max_x: 835.48
DSC_8246.JPG_min_x: 717.567
DSC_8246.JPG_max_y: 1009.66
DSC_8246.JPG_min_y: 695.737
DSC_8386.JPG_max_x: 869.946
DSC_8386.JPG_min_x: 79.6733
DSC_8386.JPG_max_y: 1789.77
DSC_8386.JPG_min_y: 277.368
