9.115026417478651055e-01 1.300641605483601054e-02 -3.109422508625547152e+02
-1.292273369215561803e-02 1.101199663914711691e+00 -1.418589947716520498e+02
-7.327720111468283303e-05 1.320249074761155285e-04 1.000000000000000000e+00
DSC_8233.JPG_max_x: 1208.45
DSC_8233.JPG_min_x: 334.6
DSC_8233.JPG_max_y: 1149.0
DSC_8233.JPG_min_y: 274.411
DSC_8249.JPG_max_x: 783.635
DSC_8249.JPG_min_x: 13.6617
DSC_8249.JPG_max_y: 1035.27
DSC_8249.JPG_min_y: 157.603
