-8.422267048434181058e-01 -3.522032326104376221e-01 9.280663291862721280e+02
-1.968437412791815389e+00 -1.283722316069774438e-01 1.199891134215658894e+03
-1.273307629545311495e-03 -3.138567586306128089e-04 9.999999999999998890e-01
DSC_8330.JPG_max_x: 988.739
DSC_8330.JPG_min_x: 232.779
DSC_8330.JPG_max_y: 1518.39
DSC_8330.JPG_min_y: 621.927
DSC_8402.JPG_max_x: 1206.96
DSC_8402.JPG_min_x: 106.958
DSC_8402.JPG_max_y: 1821.5
DSC_8402.JPG_min_y: 1136.6
