3.411566439232435188e-01 1.165944104367975381e-01 7.566718940725169205e+02
-1.283347267257130442e+00 2.505070961346367309e+00 -1.150349595089269087e+03
-1.498269323362965951e-03 2.053824999068238288e-04 1.000000000000000000e+00
DSC_8236.JPG_max_x: 304.245
DSC_8236.JPG_min_x: 4.53003
DSC_8236.JPG_max_y: 1186.26
DSC_8236.JPG_min_y: 712.917
DSC_8282.JPG_max_x: 1315.0
DSC_8282.JPG_min_x: 732.947
DSC_8282.JPG_max_y: 1689.72
DSC_8282.JPG_min_y: 532.019
