-5.888348959341366262e-01 -7.604367885092019330e-01 1.102534642535042167e+03
-8.535244737772965662e-01 -6.277341531987172818e-01 1.051593406313422975e+03
-6.889105679678710200e-04 -6.606998273917163902e-04 1.000000000000000000e+00
DSC_8274.JPG_max_x: 685.556
DSC_8274.JPG_min_x: 11.504
DSC_8274.JPG_max_y: 1177.43
DSC_8274.JPG_min_y: 597.727
DSC_8414.JPG_max_x: 1308.78
DSC_8414.JPG_min_x: 792.422
DSC_8414.JPG_max_y: 1331.88
DSC_8414.JPG_min_y: 1016.67
