-8.983412053052690638e-01 -3.997292844500230369e-02 7.644083405499131914e+02
-4.583137530504288293e+00 1.538279235566547998e+00 8.472760686155787653e+02
-2.957653169787974236e-03 7.396242941125650639e-04 1.000000000000000000e+00
DSC_8283.JPG_max_x: 1303.13
DSC_8283.JPG_min_x: 715.262
DSC_8283.JPG_max_y: 1768.87
DSC_8283.JPG_min_y: 1408.73
DSC_8291.JPG_max_x: 884.711
DSC_8291.JPG_min_x: 134.721
DSC_8291.JPG_max_y: 1970.66
DSC_8291.JPG_min_y: 1351.9
