1.833003745351933134e+01 -7.002299331695809315e+00 1.144003118018866644e+03
2.443209692325856608e+01 -2.638213959967018596e+01 1.698821849508016749e+04
2.105292924524689024e-02 -6.584297608360977286e-03 1.000000000000000000e+00
DSC_8220.JPG_max_x: 455.946
DSC_8220.JPG_min_x: 5.36746
DSC_8220.JPG_max_y: 1061.17
DSC_8220.JPG_min_y: 822.231
DSC_8468.JPG_max_x: 1160.11
DSC_8468.JPG_min_x: 746.562
DSC_8468.JPG_max_y: 1974.47
DSC_8468.JPG_min_y: 1220.68
