6.860731260503440954e-01 4.076809641083582458e-01 3.853045913343658668e+01
-6.327902516394012453e-03 1.005751501176465279e+00 1.149121096555663371e+03
-1.719106271482787697e-05 2.450076355078469699e-04 1.000000000000000000e+00
DSC_8341.JPG_max_x: 1216.48
DSC_8341.JPG_min_x: 166.198
DSC_8341.JPG_max_y: 1037.11
DSC_8341.JPG_min_y: 473.574
DSC_8442.JPG_max_x: 1050.94
DSC_8442.JPG_min_x: 347.816
DSC_8442.JPG_max_y: 1762.07
DSC_8442.JPG_min_y: 1460.45
