1.375951200458280566e+00 -3.248208649213128463e-01 -3.557134404293267949e+02
1.628408847396437265e-01 1.256059775872038653e+00 -1.531979872655685142e+02
1.732269981654630561e-04 -2.072348554119037608e-04 1.000000000000000000e+00
DSC_8325.JPG_max_x: 1327.28
DSC_8325.JPG_min_x: 378.304
DSC_8325.JPG_max_y: 988.406
DSC_8325.JPG_min_y: 53.1578
DSC_8341.JPG_max_x: 1120.28
DSC_8341.JPG_min_x: 14.6013
DSC_8341.JPG_max_y: 1285.17
DSC_8341.JPG_min_y: 21.511
