1.147009876189772001e-02 -4.473296567940108215e-01 3.620633719226871676e+02
-3.204147356332303076e-01 -1.247508350757397411e+00 1.243792259930565478e+03
-2.395092085161537794e-04 -1.017520760277467341e-03 1.000000000000000000e+00
DSC_8271.JPG_max_x: 1300.18
DSC_8271.JPG_min_x: 339.455
DSC_8271.JPG_max_y: 972.443
DSC_8271.JPG_min_y: 50.302
DSC_8352.JPG_max_x: 875.799
DSC_8352.JPG_min_x: 236.303
DSC_8352.JPG_max_y: 1364.11
DSC_8352.JPG_min_y: 1139.94
