-7.541158919633179636e-01 -4.095845623749032605e-01 9.035098030588587790e+02
-2.328762191686474470e+00 -1.619739259527420705e+00 1.889615929845579785e+03
-1.458913573473389052e-03 -6.449352303444688857e-04 1.000000000000000000e+00
DSC_8223.JPG_max_x: 1316.61
DSC_8223.JPG_min_x: 827.74
DSC_8223.JPG_max_y: 1066.5
DSC_8223.JPG_min_y: 267.368
DSC_8338.JPG_max_x: 349.315
DSC_8338.JPG_min_x: 11.6771
DSC_8338.JPG_max_y: 1975.14
DSC_8338.JPG_min_y: 1475.78
