-4.824436022402417978e-01 -1.278041737783634169e+00 9.504855865198333049e+02
-2.997729315017719776e-01 -8.340836939003356543e-01 6.147936886474285529e+02
-5.168009232607900707e-04 -1.354315123201196890e-03 1.000000000000000000e+00
DSC_8243.JPG_max_x: 911.937
DSC_8243.JPG_min_x: 31.8087
DSC_8243.JPG_max_y: 740.036
DSC_8243.JPG_min_y: 5.29852
DSC_8445.JPG_max_x: 1176.85
DSC_8445.JPG_min_x: 277.226
DSC_8445.JPG_max_y: 783.87
DSC_8445.JPG_min_y: 342.837
