5.569902950324299162e-01 -9.513376862923490773e-02 4.308484281934916567e+02
1.890261253829256943e-02 3.229635738221622865e-01 1.593737985711738929e+03
-3.157602590575913295e-06 -1.163006376044298739e-04 1.000000000000000000e+00
DSC_8205.JPG_max_x: 1035.23
DSC_8205.JPG_min_x: 102.284
DSC_8205.JPG_max_y: 647.513
DSC_8205.JPG_min_y: 72.4086
DSC_8368.JPG_max_x: 1013.52
DSC_8368.JPG_min_x: 480.994
DSC_8368.JPG_max_y: 1966.02
DSC_8368.JPG_min_y: 1638.7
