1.746655776744634903e+00 -6.124927475376899799e-02 -8.912170651521391846e+02
1.212308961604854796e+00 1.005975564364938180e+00 3.431785063496432286e+01
1.017336364331085461e-03 -1.515764708156729340e-04 1.000000000000000000e+00
DSC_8234.JPG_max_x: 1306.58
DSC_8234.JPG_min_x: 829.667
DSC_8234.JPG_max_y: 1766.21
DSC_8234.JPG_min_y: 735.63
DSC_8378.JPG_max_x: 630.405
DSC_8378.JPG_min_x: 299.125
DSC_8378.JPG_max_y: 1640.61
DSC_8378.JPG_min_y: 1049.1
