4.702358028505254639e-01 -1.883357595984023747e-01 6.374268137178268034e+02
3.666398737058054053e-02 8.532863437227777847e-01 4.864134080100793653e+02
-3.979195310670138744e-04 4.407338657090937364e-05 1.000000000000000000e+00
DSC_8233.JPG_max_x: 747.924
DSC_8233.JPG_min_x: 154.528
DSC_8233.JPG_max_y: 615.604
DSC_8233.JPG_min_y: 88.7673
DSC_8439.JPG_max_x: 1235.97
DSC_8439.JPG_min_x: 721.941
DSC_8439.JPG_max_y: 1348.59
DSC_8439.JPG_min_y: 651.19
