7.035653946992943553e-01 1.040293755645387529e-02 -3.367054653180597512e+01
3.165918542870695129e-02 6.809304380186309569e-01 -1.080997327343654320e+02
9.325149939838406126e-05 -5.323796824086075066e-05 1.000000000000000000e+00
DSC_8335.JPG_max_x: 1032.21
DSC_8335.JPG_min_x: 314.797
DSC_8335.JPG_max_y: 1273.55
DSC_8335.JPG_min_y: 130.214
DSC_8379.JPG_max_x: 636.258
DSC_8379.JPG_min_x: 190.678
DSC_8379.JPG_max_y: 774.616
DSC_8379.JPG_min_y: 4.39294
