1.367295605941477588e+00 9.667197940676566792e-03 -3.330468808318236142e+02
1.280898078614186586e-01 1.511073974800080988e+00 -1.515539438586026336e+03
-4.622825063338896413e-04 -4.432272234280274664e-05 1.000000000000000000e+00
DSC_8246.JPG_max_x: 801.111
DSC_8246.JPG_min_x: 414.775
DSC_8246.JPG_max_y: 1501.04
DSC_8246.JPG_min_y: 950.482
DSC_8345.JPG_max_x: 1301.25
DSC_8345.JPG_min_x: 261.925
DSC_8345.JPG_max_y: 1223.89
DSC_8345.JPG_min_y: 41.1595
