1.268134233733290195e+01 2.239888290171260010e+00 -8.948168222553715168e+03
-3.720452574829264947e-01 8.950015914507682524e+00 -1.411760870462392177e+03
9.491219129822332529e-04 2.912652255548486401e-03 1.000000000000000000e+00
DSC_8329.JPG_max_x: 791.415
DSC_8329.JPG_min_x: 681.748
DSC_8329.JPG_max_y: 385.353
DSC_8329.JPG_min_y: 194.647
DSC_8387.JPG_max_x: 676.674
DSC_8387.JPG_min_x: 62.6895
DSC_8387.JPG_max_y: 606.98
DSC_8387.JPG_min_y: 22.2348
