3.663672266949233314e-02 3.459512371888163962e+00 -3.895169035610115884e+02
-1.584047119096385403e+00 4.578826921407085138e+00 8.921478638963238836e+02
-1.032376932484372701e-03 4.790691244816075098e-03 9.999999999999998890e-01
DSC_8367.JPG_max_x: 1132.56
DSC_8367.JPG_min_x: 838.766
DSC_8367.JPG_max_y: 694.556
DSC_8367.JPG_min_y: 163.743
DSC_8445.JPG_max_x: 859.622
DSC_8445.JPG_min_x: 53.055
DSC_8445.JPG_max_y: 806.753
DSC_8445.JPG_min_y: 350.171
