2.878329679968279819e+00 9.650737502328508022e-01 -1.016788778973039257e+03
2.357932230717683583e-02 3.307395084796137308e+00 -3.294532057996055300e+03
-4.957055490003665586e-06 1.917513699104577861e-03 1.000000000000000000e+00
DSC_8204.JPG_max_x: 1200.26
DSC_8204.JPG_min_x: 97.9989
DSC_8204.JPG_max_y: 1934.22
DSC_8204.JPG_min_y: 1444.38
DSC_8355.JPG_max_x: 985.34
DSC_8355.JPG_min_x: 204.298
DSC_8355.JPG_max_y: 674.615
DSC_8355.JPG_min_y: 388.663
