8.908948087875765420e-01 3.060159430466617980e-01 1.152997765340327163e+02
1.871964225166554766e-02 1.569318100358239487e+00 -1.654080510117065614e+03
-2.887233629169346839e-04 4.295982423932664853e-04 9.999999999999998890e-01
DSC_8348.JPG_max_x: 963.543
DSC_8348.JPG_min_x: 32.5804
DSC_8348.JPG_max_y: 1889.07
DSC_8348.JPG_min_y: 1086.73
DSC_8377.JPG_max_x: 1069.95
DSC_8377.JPG_min_x: 362.015
DSC_8377.JPG_max_y: 741.639
DSC_8377.JPG_min_y: 39.8129
