5.575638375491186460e-01 -1.698006490246420086e-01 5.843761552620204611e+02
2.089488210460233031e-01 5.816183400879737508e-01 5.510578973541057621e+02
-2.623214127907320343e-05 -6.086602454498230810e-05 1.000000000000000000e+00
DSC_8228.JPG_max_x: 786.928
DSC_8228.JPG_min_x: 98.0483
DSC_8228.JPG_max_y: 1765.66
DSC_8228.JPG_min_y: 372.352
DSC_8426.JPG_max_x: 786.577
DSC_8426.JPG_min_x: 514.635
DSC_8426.JPG_max_y: 1979.58
DSC_8426.JPG_min_y: 818.091
