3.007957554778351028e-01 -1.563169997336946837e+00 1.202115733853936945e+03
-2.271477439438751057e-03 -3.865975006937674152e-01 3.806348189652727001e+02
2.019232324880481386e-04 -1.249455600522807056e-03 1.000000000000000000e+00
DSC_8271.JPG_max_x: 1130.49
DSC_8271.JPG_min_x: 575.489
DSC_8271.JPG_max_y: 987.419
DSC_8271.JPG_min_y: 50.302
DSC_8471.JPG_max_x: 1319.73
DSC_8471.JPG_min_x: 261.197
DSC_8471.JPG_max_y: 948.199
DSC_8471.JPG_min_y: 237.451
