8.190740871592716577e-01 1.888484639194000780e-01 4.664685918649088876e+02
4.251059057634496985e-01 4.203184221107429952e-01 1.368116810200488999e+03
2.697467325724219023e-04 -1.011206610018781726e-05 1.000000000000000000e+00
DSC_8205.JPG_max_x: 1172.0
DSC_8205.JPG_min_x: 491.907
DSC_8205.JPG_max_y: 1027.7
DSC_8205.JPG_min_y: 151.395
DSC_8412.JPG_max_x: 1191.16
DSC_8412.JPG_min_x: 813.687
DSC_8412.JPG_max_y: 1768.48
DSC_8412.JPG_min_y: 1452.78
