2.625647779099315926e+01 7.775209446784608680e+00 -1.798476877526459430e+04
-1.506862473125510915e-01 3.307074234112756272e+01 -4.246044949188462488e+04
-1.782170274557921342e-03 1.056647304732551487e-02 1.000000000000000000e+00
DSC_8200.JPG_max_x: 885.066
DSC_8200.JPG_min_x: 273.026
DSC_8200.JPG_max_y: 1637.77
DSC_8200.JPG_min_y: 1345.1
DSC_8237.JPG_max_x: 1150.36
DSC_8237.JPG_min_x: 41.6343
DSC_8237.JPG_max_y: 655.941
DSC_8237.JPG_min_y: 136.12
