-2.144723184895806767e-01 -1.291645609549422202e-01 3.457578828974124008e+02
-4.449181911689456537e-01 -1.092618706198521306e+00 1.506073878043652030e+03
-3.477108850884278314e-04 -6.940979760619351256e-04 1.000000000000000000e+00
DSC_8220.JPG_max_x: 1304.29
DSC_8220.JPG_min_x: 326.814
DSC_8220.JPG_max_y: 1505.39
DSC_8220.JPG_min_y: 757.983
DSC_8396.JPG_max_x: 1112.31
DSC_8396.JPG_min_x: 57.2571
DSC_8396.JPG_max_y: 1593.82
DSC_8396.JPG_min_y: 1267.2
