1.313309883370169961e+00 1.002685106792571557e-01 -7.250134649660594732e+01
1.058261585914360287e-01 1.769307425663655842e+00 -4.046216235840047375e+02
1.333637151273194225e-05 4.981667083353570310e-04 1.000000000000000000e+00
DSC_8226.JPG_max_x: 1224.09
DSC_8226.JPG_min_x: 62.8783
DSC_8226.JPG_max_y: 1912.55
DSC_8226.JPG_min_y: 880.068
DSC_8324.JPG_max_x: 1022.35
DSC_8324.JPG_min_x: 103.355
DSC_8324.JPG_max_y: 1565.88
DSC_8324.JPG_min_y: 865.938
