-1.114641518012669863e+00 -1.903458177334059476e-01 1.032545483481892234e+03
-1.909621598255388131e+00 4.862713090546432748e-01 4.779711107949130451e+02
-1.474105813311593063e-03 -2.577104875818386981e-04 1.000000000000000000e+00
DSC_8376.JPG_max_x: 885.769
DSC_8376.JPG_min_x: 8.85578
DSC_8376.JPG_max_y: 1362.96
DSC_8376.JPG_min_y: 844.637
DSC_8402.JPG_max_x: 1321.89
DSC_8402.JPG_min_x: 295.086
DSC_8402.JPG_max_y: 1821.5
DSC_8402.JPG_min_y: 1098.92
