1.737125746888242395e+00 1.012681885951671745e+00 -1.224904989205266475e+03
3.449231559435139011e-02 1.727120811901357467e+00 8.508027640236254285e+01
6.378828430354502484e-04 1.287848756667693800e-04 1.000000000000000000e+00
DSC_8337.JPG_max_x: 1320.43
DSC_8337.JPG_min_x: 546.441
DSC_8337.JPG_max_y: 1364.83
DSC_8337.JPG_min_y: 184.992
DSC_8453.JPG_max_x: 838.746
DSC_8453.JPG_min_x: 184.074
DSC_8453.JPG_max_y: 1531.84
DSC_8453.JPG_min_y: 251.841
