-1.586643380101302236e+00 9.628312929614861460e-02 1.034683803406943298e+03
-2.460402193672813098e+00 8.162036961120707756e-01 3.354942434710912380e+02
-1.897412845488139150e-03 5.458188237712038361e-05 1.000000000000000000e+00
DSC_8428.JPG_max_x: 1210.04
DSC_8428.JPG_min_x: 11.5722
DSC_8428.JPG_max_y: 1676.9
DSC_8428.JPG_min_y: 938.797
DSC_8430.JPG_max_x: 1327.75
DSC_8430.JPG_min_x: 693.466
DSC_8430.JPG_max_y: 1705.15
DSC_8430.JPG_min_y: 938.55
