1.023175207102787532e+00 5.743927161537211168e-01 2.569080403661802166e+02
7.520435712026986297e-02 1.007384997386043590e+00 -9.457009472463131772e+01
1.503069681394466294e-04 1.844645249225741182e-04 1.000000000000000000e+00
DSC_8383.JPG_max_x: 905.303
DSC_8383.JPG_min_x: 151.482
DSC_8383.JPG_max_y: 1137.19
DSC_8383.JPG_min_y: 430.989
DSC_8413.JPG_max_x: 1285.33
DSC_8413.JPG_min_x: 608.832
DSC_8413.JPG_max_y: 856.009
DSC_8413.JPG_min_y: 319.955
