-1.465019322256666312e+00 -3.417700689505603906e-01 1.455675231058708505e+03
-3.388320953030170002e-01 -8.562496261335764691e-01 1.083257752707120517e+03
-1.513146288049971398e-03 3.008182107092578680e-05 1.000000000000000000e+00
DSC_8262.JPG_max_x: 1320.78
DSC_8262.JPG_min_x: 764.445
DSC_8262.JPG_max_y: 1261.32
DSC_8262.JPG_min_y: 952.388
DSC_8361.JPG_max_x: 1187.61
DSC_8361.JPG_min_x: 102.089
DSC_8361.JPG_max_y: 584.668
DSC_8361.JPG_min_y: 53.2475
