9.338747576439275777e-01 -1.223882625091664150e-01 1.464540704986114150e+01
2.441029121811874938e-02 8.471905878369805354e-01 -1.397888772227179857e+02
1.766798509826001220e-04 -1.051006588944980918e-04 1.000000000000000000e+00
DSC_8441.JPG_max_x: 1237.07
DSC_8441.JPG_min_x: 100.814
DSC_8441.JPG_max_y: 1591.33
DSC_8441.JPG_min_y: 44.818
DSC_8477.JPG_max_x: 960.423
DSC_8477.JPG_min_x: 25.1603
DSC_8477.JPG_max_y: 1178.87
DSC_8477.JPG_min_y: 9.69334
