-1.128014178252045863e+00 1.002159829012950532e+00 3.353108660039816300e+02
2.470756444034866439e-01 -1.661754751876873826e+00 3.134534523906944742e+03
-3.445627757816589580e-03 1.466072875695557639e-03 1.000000000000000000e+00
DSC_8360.JPG_max_x: 679.268
DSC_8360.JPG_min_x: 40.0405
DSC_8360.JPG_max_y: 1974.31
DSC_8360.JPG_min_y: 493.057
DSC_8375.JPG_max_x: 1222.9
DSC_8375.JPG_min_x: 493.308
DSC_8375.JPG_max_y: 1491.61
DSC_8375.JPG_min_y: 16.405
