6.389753139130637249e-01 -1.401305439194883373e+00 7.903497854644201652e+02
9.685953404077045636e-01 -2.228387079472153864e+00 1.255888338712800760e+03
7.655927515604152994e-04 -1.771611660228945275e-03 1.000000000000000000e+00
DSC_8211.JPG_max_x: 1200.54
DSC_8211.JPG_min_x: 73.4511
DSC_8211.JPG_max_y: 1024.78
DSC_8211.JPG_min_y: 382.443
DSC_8308.JPG_max_x: 1169.19
DSC_8308.JPG_min_x: 4.95066
DSC_8308.JPG_max_y: 1499.45
DSC_8308.JPG_min_y: 1155.11
