-1.799960227649435973e+00 2.301797410132147004e+00 7.238949233348464531e+02
-4.063387120254960294e+00 4.336602762966927926e-01 2.005701050291866295e+03
-2.471941313595895848e-03 1.130197275771337943e-03 9.999999999999998890e-01
DSC_8403.JPG_max_x: 1138.3
DSC_8403.JPG_min_x: 737.572
DSC_8403.JPG_max_y: 264.036
DSC_8403.JPG_min_y: 106.618
DSC_8404.JPG_max_x: 927.885
DSC_8404.JPG_min_x: 52.3242
DSC_8404.JPG_max_y: 1673.59
DSC_8404.JPG_min_y: 1436.86
