3.908683596124234993e-01 1.359999032130062950e-02 7.386062954018772189e+02
-1.194555489690926064e-01 5.516641352090780881e-01 4.590780710502357920e+02
-1.300867780275688718e-04 2.513191630550894404e-05 1.000000000000000000e+00
DSC_8240.JPG_max_x: 1061.17
DSC_8240.JPG_min_x: 24.6534
DSC_8240.JPG_max_y: 1717.09
DSC_8240.JPG_min_y: 903.792
DSC_8430.JPG_max_x: 1309.36
DSC_8430.JPG_min_x: 743.992
DSC_8430.JPG_max_y: 1359.26
DSC_8430.JPG_min_y: 938.51
