1.298084399535293532e+00 6.079473518083885336e-02 -1.065582517990607556e+02
7.019506538598498102e-02 1.412835214487054847e+00 -1.004581043948731178e+02
-5.505863272916420204e-05 1.640548283794289746e-04 1.000000000000000000e+00
DSC_8221.JPG_max_x: 1014.57
DSC_8221.JPG_min_x: 70.5511
DSC_8221.JPG_max_y: 725.008
DSC_8221.JPG_min_y: 90.5053
DSC_8237.JPG_max_x: 1254.34
DSC_8237.JPG_min_x: 5.98932
DSC_8237.JPG_max_y: 833.255
DSC_8237.JPG_min_y: 61.9686
