3.127653787192234081e+00 -6.617475647946676753e-01 1.289034722906646493e+03
3.396760320329240912e+00 1.086346447991559216e+00 -7.615981144427684058e+01
3.304500664409112942e-03 -4.190558521195382794e-04 9.999999999999998890e-01
DSC_8218.JPG_max_x: 582.47
DSC_8218.JPG_min_x: 28.0461
DSC_8218.JPG_max_y: 1934.91
DSC_8218.JPG_min_y: 710.713
DSC_8420.JPG_max_x: 1194.09
DSC_8420.JPG_min_x: 748.049
DSC_8420.JPG_max_y: 1847.86
DSC_8420.JPG_min_y: 964.77
