2.592012977865654211e+00 1.590396885792525472e+00 -1.925711832706215773e+03
5.628573930740760067e-01 2.024153858093787228e+00 1.114931263433152111e+02
1.630780946985343951e-03 2.536436752730677796e-04 1.000000000000000000e+00
DSC_8315.JPG_max_x: 889.847
DSC_8315.JPG_min_x: 123.106
DSC_8315.JPG_max_y: 1682.69
DSC_8315.JPG_min_y: 378.973
DSC_8419.JPG_max_x: 1073.49
DSC_8419.JPG_min_x: 24.2792
DSC_8419.JPG_max_y: 1718.71
DSC_8419.JPG_min_y: 538.352
