-1.160746902986903972e+00 -1.632802014683504277e-01 1.104881443917867273e+03
-1.293985824165481358e+00 2.552567115545497090e-01 6.823597316903413912e+02
-1.228084477800421353e-03 -1.688663411433224319e-04 1.000000000000000000e+00
DSC_8352.JPG_max_x: 1169.0
DSC_8352.JPG_min_x: 20.8824
DSC_8352.JPG_max_y: 1500.64
DSC_8352.JPG_min_y: 812.07
DSC_8398.JPG_max_x: 1326.5
DSC_8398.JPG_min_x: 733.417
DSC_8398.JPG_max_y: 1563.6
DSC_8398.JPG_min_y: 983.449
