-6.023021983971123205e+00 4.432442020112070225e+00 5.676957727537788401e+01
-1.027734856934528018e+01 6.766781880389458159e+00 1.114230113828926051e+03
-7.007992167841439746e-03 4.467504540113140590e-03 1.000000000000000000e+00
DSC_8402.JPG_max_x: 1316.01
DSC_8402.JPG_min_x: 285.824
DSC_8402.JPG_max_y: 1851.52
DSC_8402.JPG_min_y: 1349.24
DSC_8422.JPG_max_x: 1328.63
DSC_8422.JPG_min_x: 291.359
DSC_8422.JPG_max_y: 1708.2
DSC_8422.JPG_min_y: 1263.82
