-5.869281709262880176e-01 -3.607137253604409954e-01 1.037121024169537804e+03
-3.114437002254257791e-01 4.283191268243102812e-01 1.746504137690128573e+02
-9.415473962903025918e-04 4.346929625062164165e-04 9.999999999999998890e-01
DSC_8323.JPG_max_x: 1140.45
DSC_8323.JPG_min_x: 406.176
DSC_8323.JPG_max_y: 726.486
DSC_8323.JPG_min_y: 388.156
DSC_8381.JPG_max_x: 1181.63
DSC_8381.JPG_min_x: 435.204
DSC_8381.JPG_max_y: 444.834
DSC_8381.JPG_min_y: 189.378
