-8.688708069325919991e-01 -1.077421873491589965e-01 9.853927153599407802e+02
-1.216617370119516428e+00 1.450350047285070554e-01 9.133150355448846085e+02
-8.655232721169737976e-04 -1.768249404571348973e-04 1.000000000000000000e+00
DSC_8446.JPG_max_x: 1221.97
DSC_8446.JPG_min_x: 195.243
DSC_8446.JPG_max_y: 1703.26
DSC_8446.JPG_min_y: 1247.21
DSC_8470.JPG_max_x: 1330.79
DSC_8470.JPG_min_x: 795.256
DSC_8470.JPG_max_y: 1912.89
DSC_8470.JPG_min_y: 1306.23
