1.497519956934358909e+00 1.119320728634533996e-02 2.342254640751688726e+02
5.525928555971892919e-02 1.410942073585354173e+00 -3.730893385877200785e+02
6.948474977220497558e-05 -1.028680783583599025e-05 1.000000000000000000e+00
DSC_8232.JPG_max_x: 764.8
DSC_8232.JPG_min_x: 70.5889
DSC_8232.JPG_max_y: 1666.71
DSC_8232.JPG_min_y: 693.314
DSC_8346.JPG_max_x: 1328.91
DSC_8346.JPG_min_x: 350.513
DSC_8346.JPG_max_y: 1972.13
DSC_8346.JPG_min_y: 613.729
