1.033462995915481075e+00 2.646583492891514955e-01 5.359809020614034125e+02
-1.866195673667741806e-01 1.295164114986595116e+00 -2.916145525433266243e+02
-1.939788179246311332e-04 1.668124175098332801e-04 1.000000000000000000e+00
DSC_8222.JPG_max_x: 566.452
DSC_8222.JPG_min_x: 44.6272
DSC_8222.JPG_max_y: 1444.79
DSC_8222.JPG_min_y: 1106.95
DSC_8336.JPG_max_x: 1327.45
DSC_8336.JPG_min_x: 759.228
DSC_8336.JPG_max_y: 1295.57
DSC_8336.JPG_min_y: 965.451
