7.081657570857363693e-01 -2.198786792009880531e-01 4.839874687257777737e+02
3.336920392951929493e-02 1.157766289307377461e+00 -2.907481554155446801e+01
-3.466176623440135845e-04 6.616776719066613051e-05 1.000000000000000000e+00
DSC_8313.JPG_max_x: 992.993
DSC_8313.JPG_min_x: 118.097
DSC_8313.JPG_max_y: 1199.26
DSC_8313.JPG_min_y: 9.9015
DSC_8425.JPG_max_x: 1314.09
DSC_8425.JPG_min_x: 460.037
DSC_8425.JPG_max_y: 1907.18
DSC_8425.JPG_min_y: 13.4097
