1.898300696361519657e+00 5.665483670772603064e-01 -6.903739960459110989e+02
-5.741260880467568412e-02 2.128502220544818524e+00 -1.825524956185583278e+03
-2.726635179717940994e-05 6.242108172486636420e-04 1.000000000000000000e+00
DSC_8354.JPG_max_x: 1167.14
DSC_8354.JPG_min_x: 91.9323
DSC_8354.JPG_max_y: 1893.98
DSC_8354.JPG_min_y: 1247.38
DSC_8369.JPG_max_x: 1258.12
DSC_8369.JPG_min_x: 140.005
DSC_8369.JPG_max_y: 1009.13
DSC_8369.JPG_min_y: 456.694
