5.684001621271580484e-01 9.890430025383587995e-03 4.022846293381741702e+02
-5.246778040372235274e-02 5.982243693018842734e-01 3.665756183623958009e+02
-3.824812199188008886e-05 3.351504793178268602e-06 1.000000000000000000e+00
DSC_8254.JPG_max_x: 1328.35
DSC_8254.JPG_min_x: 27.4768
DSC_8254.JPG_max_y: 1587.09
DSC_8254.JPG_min_y: 525.343
DSC_8336.JPG_max_x: 1223.99
DSC_8336.JPG_min_x: 451.97
DSC_8336.JPG_max_y: 1295.57
DSC_8336.JPG_min_y: 670.315
