9.078930391875957850e-01 -4.656882563427010291e-02 3.729019356859594723e+02
-6.635228233174282897e-01 9.322835935457718382e-01 1.282699189220238623e+02
-5.193516752089322045e-04 -1.009329937218772613e-04 9.999999999999998890e-01
DSC_8434.JPG_max_x: 473.741
DSC_8434.JPG_min_x: 135.065
DSC_8434.JPG_max_y: 1436.25
DSC_8434.JPG_min_y: 520.755
DSC_8436.JPG_max_x: 1158.31
DSC_8436.JPG_min_x: 545.837
DSC_8436.JPG_max_y: 1819.32
DSC_8436.JPG_min_y: 547.463
