5.991596592488995121e+00 1.425326604116255957e+01 -3.244743998709542439e+02
4.506693339395818065e-01 2.915241673132726063e+01 1.356738240693703574e+03
6.819451463580126138e-04 1.538776868955435070e-02 1.000000000000000000e+00
DSC_8297.JPG_max_x: 365.106
DSC_8297.JPG_min_x: 39.7083
DSC_8297.JPG_max_y: 391.304
DSC_8297.JPG_min_y: 9.99492
DSC_8442.JPG_max_x: 1127.99
DSC_8442.JPG_min_x: 18.8902
DSC_8442.JPG_max_y: 1907.06
DSC_8442.JPG_min_y: 1475.65
