2.826017166368704481e-01 -2.440151813974913153e-01 9.575169016887408588e+02
-3.450058313776146329e-02 6.578012835447307749e-01 1.416251820736865170e+02
-2.939298878718260392e-04 -6.865695902357367702e-05 1.000000000000000000e+00
DSC_8421.JPG_max_x: 716.586
DSC_8421.JPG_min_x: 12.8022
DSC_8421.JPG_max_y: 1356.86
DSC_8421.JPG_min_y: 42.7709
DSC_8439.JPG_max_x: 1299.01
DSC_8439.JPG_min_x: 775.245
DSC_8439.JPG_max_y: 1381.14
DSC_8439.JPG_min_y: 180.582
