-9.778488683811477344e-02 -6.133014994660480612e-01 7.115911774506554366e+02
-4.744824711096810033e-01 -1.278710117402914292e+00 1.639172816000263992e+03
-3.143614270632477019e-04 -7.659656123496763527e-04 1.000000000000000000e+00
DSC_8271.JPG_max_x: 1240.14
DSC_8271.JPG_min_x: 315.756
DSC_8271.JPG_max_y: 987.419
DSC_8271.JPG_min_y: 50.302
DSC_8466.JPG_max_x: 1136.68
DSC_8466.JPG_min_x: 24.1886
DSC_8466.JPG_max_y: 1843.58
DSC_8466.JPG_min_y: 1492.81
