1.165644846380033073e+00 3.385842044044283239e-01 -1.356314203647878685e+03
-3.190572264989872675e-01 1.725505138130094540e+00 -1.425677443307484054e+03
-3.756550622863748636e-04 3.368280359400611565e-04 1.000000000000000000e+00
DSC_8196.JPG_max_x: 1292.02
DSC_8196.JPG_min_x: 952.687
DSC_8196.JPG_max_y: 1853.5
DSC_8196.JPG_min_y: 1114.22
DSC_8331.JPG_max_x: 652.675
DSC_8331.JPG_min_x: 195.957
DSC_8331.JPG_max_y: 1147.67
DSC_8331.JPG_min_y: 94.1153
