6.138928388859389074e+00 -4.515591271037529553e-01 -1.923890863975593675e+03
6.331243251749125722e-01 6.561140882742697578e+00 -6.711200403281040963e+03
8.528936987789243395e-04 2.464610242382132485e-03 1.000000000000000000e+00
DSC_8338.JPG_max_x: 1234.45
DSC_8338.JPG_min_x: 526.378
DSC_8338.JPG_max_y: 1790.4
DSC_8338.JPG_min_y: 1282.08
DSC_8369.JPG_max_x: 946.079
DSC_8369.JPG_min_x: 122.173
DSC_8369.JPG_max_y: 906.08
DSC_8369.JPG_min_y: 456.694
