1.630665656091365712e+00 9.150186143773331171e-01 -8.793948627494074799e+02
6.455660390252979108e-02 1.804861698624369515e+00 5.505784971457213715e+02
9.657835906154248456e-04 4.048616492735107814e-04 1.000000000000000000e+00
DSC_8233.JPG_max_x: 928.982
DSC_8233.JPG_min_x: 47.2468
DSC_8233.JPG_max_y: 1016.32
DSC_8233.JPG_min_y: 40.8216
DSC_8377.JPG_max_x: 683.974
DSC_8377.JPG_min_x: 49.1397
DSC_8377.JPG_max_y: 1654.97
DSC_8377.JPG_min_y: 372.106
