8.347828026854028360e-01 -4.041838408799446752e-02 4.452918826739784777e+02
6.440341534562242162e-03 1.057250285412901558e+00 -1.751735530893042494e+02
-5.174833387494718652e-05 5.126365552736816654e-05 1.000000000000000000e+00
DSC_8361.JPG_max_x: 1113.03
DSC_8361.JPG_min_x: 216.244
DSC_8361.JPG_max_y: 1791.55
DSC_8361.JPG_min_y: 172.958
DSC_8375.JPG_max_x: 1319.96
DSC_8375.JPG_min_x: 512.204
DSC_8375.JPG_max_y: 1593.93
DSC_8375.JPG_min_y: 13.9965
