4.140315070034906952e+00 -4.501294093681416086e-01 -2.062929040272659677e+03
2.141439102581277898e-01 4.101423399664696490e+00 -3.625673381845024323e+03
7.840945739731536648e-04 3.460638530091695621e-04 9.999999999999998890e-01
DSC_8294.JPG_max_x: 1314.75
DSC_8294.JPG_min_x: 690.214
DSC_8294.JPG_max_y: 1352.17
DSC_8294.JPG_min_y: 1045.15
DSC_8325.JPG_max_x: 1165.4
DSC_8325.JPG_min_x: 153.661
DSC_8325.JPG_max_y: 884.72
DSC_8325.JPG_min_y: 412.441
