4.922266829854405334e-01 6.552197211288056655e-01 -7.137636704393444234e+02
-5.641372424179268430e-01 1.314238707057393096e+00 2.302327756041539430e+01
-6.784248506883087037e-04 6.454955521558405256e-04 1.000000000000000000e+00
DSC_8222.JPG_max_x: 1329.18
DSC_8222.JPG_min_x: 188.457
DSC_8222.JPG_max_y: 1536.36
DSC_8222.JPG_min_y: 778.139
DSC_8322.JPG_max_x: 1239.58
DSC_8322.JPG_min_x: 34.6769
DSC_8322.JPG_max_y: 1141.04
DSC_8322.JPG_min_y: 606.163
