1.501006023561733294e+00 2.843193098943916711e-02 7.657357260722159253e+01
4.209000728177222928e-02 1.463639191250817095e+00 -4.139973388551339895e+01
-9.561760110293665490e-06 1.148647178499591798e-04 1.000000000000000000e+00
DSC_8397.JPG_max_x: 633.359
DSC_8397.JPG_min_x: 121.4
DSC_8397.JPG_max_y: 424.545
DSC_8397.JPG_min_y: 199.709
DSC_8447.JPG_max_x: 1035.63
DSC_8447.JPG_min_x: 273.479
DSC_8447.JPG_max_y: 575.597
DSC_8447.JPG_min_y: 275.676
