9.211267132170570804e-01 1.758019297322783447e-01 3.082722580581929961e+01
-1.786510023186847484e-01 9.434766513874518479e-01 5.124052964766964635e+01
-2.888812458373907896e-05 9.725881049071148751e-05 1.000000000000000000e+00
DSC_8393.JPG_max_x: 772.681
DSC_8393.JPG_min_x: 177.771
DSC_8393.JPG_max_y: 1466.86
DSC_8393.JPG_min_y: 354.241
DSC_8411.JPG_max_x: 872.563
DSC_8411.JPG_min_x: 219.495
DSC_8411.JPG_max_y: 1171.07
DSC_8411.JPG_min_y: 339.625
