-4.790268658770916232e+00 -1.622932979825601585e+00 6.134873700945171549e+03
2.942869927103226035e-01 -5.097091397749117014e+00 5.364749765455138004e+03
-1.166920934939342852e-03 -1.512293610988606121e-03 1.000000000000000000e+00
DSC_8194.JPG_max_x: 1329.0
DSC_8194.JPG_min_x: 944.232
DSC_8194.JPG_max_y: 1988.37
DSC_8194.JPG_min_y: 1128.11
DSC_8375.JPG_max_x: 928.224
DSC_8375.JPG_min_x: 387.124
DSC_8375.JPG_max_y: 1446.71
DSC_8375.JPG_min_y: 16.405
