2.137674081110143565e+00 6.399423212329111710e-01 -3.162757069493265476e+02
-4.941623565862692663e-02 2.427057088059584089e+00 -2.367225620979508221e+03
4.658807008790723410e-05 7.064826400420541087e-04 1.000000000000000000e+00
DSC_8200.JPG_max_x: 578.497
DSC_8200.JPG_min_x: 110.133
DSC_8200.JPG_max_y: 1628.43
DSC_8200.JPG_min_y: 1003.07
DSC_8399.JPG_max_x: 900.197
DSC_8399.JPG_min_x: 346.104
DSC_8399.JPG_max_y: 724.321
DSC_8399.JPG_min_y: 24.0382
