2.816948059655210446e-01 1.098083915763980872e-01 1.156153214982336067e+03
-5.442343671227938273e-01 8.138601942067373862e-01 1.154795658670737311e+02
-4.004966237365337450e-04 3.791843666949870178e-05 1.000000000000000000e+00
DSC_8438.JPG_max_x: 145.053
DSC_8438.JPG_min_x: 9.68969
DSC_8438.JPG_max_y: 1437.37
DSC_8438.JPG_min_y: 646.963
DSC_8456.JPG_max_x: 1330.25
DSC_8456.JPG_min_x: 1206.09
DSC_8456.JPG_max_y: 1216.41
DSC_8456.JPG_min_y: 598.602
