1.420554017578864681e+00 5.444086137882615528e-01 -1.476756077140624939e+03
-2.303184087313799866e-01 1.374653233018769960e+00 2.343187805149904364e+02
3.229024736664541694e-04 8.535953233037537116e-05 9.999999999999998890e-01
DSC_8297.JPG_max_x: 1323.75
DSC_8297.JPG_min_x: 946.877
DSC_8297.JPG_max_y: 1595.16
DSC_8297.JPG_min_y: 35.7904
DSC_8299.JPG_max_x: 775.736
DSC_8299.JPG_min_x: 81.807
DSC_8299.JPG_max_y: 1380.83
DSC_8299.JPG_min_y: 13.4879
