-1.148906519973453833e+00 -6.147004498237719217e-01 1.104448616132537154e+03
-1.664798953866696740e+00 -3.264390590155112348e-01 1.416521676493794075e+03
-1.127996676657799270e-03 -4.114921008774927841e-04 1.000000000000000000e+00
DSC_8203.JPG_max_x: 861.321
DSC_8203.JPG_min_x: 369.647
DSC_8203.JPG_max_y: 346.794
DSC_8203.JPG_min_y: 129.616
DSC_8352.JPG_max_x: 1303.51
DSC_8352.JPG_min_x: 820.132
DSC_8352.JPG_max_y: 1579.61
DSC_8352.JPG_min_y: 1159.82
