-1.655788893256752825e+00 2.828550854290338146e-01 7.992665468431314366e+02
-3.194968452783039758e+00 9.884108927837269576e-01 9.466403244182746448e+02
-2.277708123641199525e-03 4.630931161588885308e-04 1.000000000000000000e+00
DSC_8333.JPG_max_x: 712.479
DSC_8333.JPG_min_x: 300.233
DSC_8333.JPG_max_y: 1807.62
DSC_8333.JPG_min_y: 110.055
DSC_8459.JPG_max_x: 1211.6
DSC_8459.JPG_min_x: 466.165
DSC_8459.JPG_max_y: 1946.47
DSC_8459.JPG_min_y: 193.355
