-7.157923438279812922e-01 1.038082508544138360e-01 6.488193846612261950e+02
-1.964842394093402778e+00 -2.637341757087724448e-02 1.985542095168620790e+03
-1.617888088120628251e-03 4.853569720412098860e-04 1.000000000000000000e+00
DSC_8348.JPG_max_x: 1328.72
DSC_8348.JPG_min_x: 157.567
DSC_8348.JPG_max_y: 1694.95
DSC_8348.JPG_min_y: 836.383
DSC_8350.JPG_max_x: 446.236
DSC_8350.JPG_min_x: 240.678
DSC_8350.JPG_max_y: 1211.16
DSC_8350.JPG_min_y: 810.227
