-1.911725254434324839e+01 -7.499146726697152765e+00 2.587204556069489990e+04
6.214304753772951218e-01 -2.606106102649171063e+01 2.713026737398899422e+04
1.397496617884866343e-03 -9.686910594147685877e-03 1.000000000000000000e+00
DSC_8216.JPG_max_x: 1305.44
DSC_8216.JPG_min_x: 812.32
DSC_8216.JPG_max_y: 1871.4
DSC_8216.JPG_min_y: 1077.03
DSC_8421.JPG_max_x: 868.295
DSC_8421.JPG_min_x: 16.5302
DSC_8421.JPG_max_y: 1356.86
DSC_8421.JPG_min_y: 42.7709
