4.108545755681721756e-01 -4.037580746221933886e-03 1.216190918842820992e+02
6.635939446184721535e-02 6.302380692751836655e-01 2.783524915900320025e+02
-1.916583748182234832e-04 -1.298949606908630970e-04 1.000000000000000000e+00
DSC_8375.JPG_max_x: 1061.97
DSC_8375.JPG_min_x: 526.457
DSC_8375.JPG_max_y: 1292.22
DSC_8375.JPG_min_y: 19.9664
DSC_8407.JPG_max_x: 892.688
DSC_8407.JPG_min_x: 388.358
DSC_8407.JPG_max_y: 1841.44
DSC_8407.JPG_min_y: 383.606
