1.127151764947787793e+00 8.077211341593036609e-02 -8.555512411258131351e+02
-3.550271202852136598e-01 1.358368432017819760e+00 -6.551263758527185246e+02
-1.714121164124474898e-04 1.103728096281236782e-04 1.000000000000000000e+00
DSC_8262.JPG_max_x: 1301.95
DSC_8262.JPG_min_x: 868.031
DSC_8262.JPG_max_y: 1790.42
DSC_8262.JPG_min_y: 1044.64
DSC_8439.JPG_max_x: 776.136
DSC_8439.JPG_min_x: 247.84
DSC_8439.JPG_max_y: 1399.21
DSC_8439.JPG_min_y: 331.738
