5.522282159066290497e+00 3.552943730764947183e+00 -3.214049305934456697e+03
1.138046820511513957e+00 8.194485990439856593e+00 -5.827580032761984512e+03
8.128626504033259481e-04 2.897340367796379275e-03 9.999999999999998890e-01
DSC_8382.JPG_max_x: 928.396
DSC_8382.JPG_min_x: 140.716
DSC_8382.JPG_max_y: 1926.9
DSC_8382.JPG_min_y: 1227.91
DSC_8412.JPG_max_x: 1186.81
DSC_8412.JPG_min_x: 598.165
DSC_8412.JPG_max_y: 1510.62
DSC_8412.JPG_min_y: 1005.82
