2.285490767561811243e+00 4.725806416428656731e-01 -1.357068665844117504e+03
1.032291185537154987e-01 2.236728785221418825e+00 -1.483318217903703440e+00
5.705027297588764632e-05 5.378852876362480353e-04 9.999999999999998890e-01
DSC_8375.JPG_max_x: 1228.15
DSC_8375.JPG_min_x: 576.23
DSC_8375.JPG_max_y: 1329.11
DSC_8375.JPG_min_y: 13.9965
DSC_8387.JPG_max_x: 1190.58
DSC_8387.JPG_min_x: 37.4138
DSC_8387.JPG_max_y: 1732.56
DSC_8387.JPG_min_y: 100.297
