1.226660938846166449e+00 1.798147021444778948e-01 1.244446427880126578e+02
-8.584261328268666391e-02 1.299752674547305142e+00 -9.978902258584330411e+02
-1.589412968879618416e-04 2.529446738480583623e-04 1.000000000000000000e+00
DSC_8222.JPG_max_x: 875.013
DSC_8222.JPG_min_x: 149.908
DSC_8222.JPG_max_y: 1375.79
DSC_8222.JPG_min_y: 993.952
DSC_8431.JPG_max_x: 1209.42
DSC_8431.JPG_min_x: 397.503
DSC_8431.JPG_max_y: 592.078
DSC_8431.JPG_min_y: 215.019
