3.418305081074389795e-01 -2.188411226144514332e-01 6.525499318951638088e+02
-1.411116650556338004e-01 5.567984398892806830e-01 1.239464068746430712e+03
-2.092344283718182787e-04 1.047499639104967591e-04 1.000000000000000000e+00
DSC_8243.JPG_max_x: 955.974
DSC_8243.JPG_min_x: 16.7683
DSC_8243.JPG_max_y: 737.484
DSC_8243.JPG_min_y: 104.102
DSC_8444.JPG_max_x: 1074.71
DSC_8444.JPG_min_x: 467.138
DSC_8444.JPG_max_y: 1613.02
DSC_8444.JPG_min_y: 1314.98
