6.108213705884079081e-01 4.547610800663584030e-01 1.250519063580008606e+03
-6.664970290055491908e-01 2.003655829694383605e+00 -1.937736399319348493e+03
-1.060141850471745016e-03 5.064995920146043214e-04 1.000000000000000000e+00
DSC_8438.JPG_max_x: 142.109
DSC_8438.JPG_min_x: 9.68969
DSC_8438.JPG_max_y: 1453.91
DSC_8438.JPG_min_y: 1027.98
DSC_8441.JPG_max_x: 1307.07
DSC_8441.JPG_min_x: 1112.98
DSC_8441.JPG_max_y: 556.36
DSC_8441.JPG_min_y: 22.1277
