-2.421082639545586029e-02 -3.474740647119050063e-01 1.167930839387493961e+03
-2.230057419046189149e-01 1.998731352277608592e-02 9.755278872101306433e+02
-2.525947445040245391e-04 -2.315911249003597884e-04 9.999999999999998890e-01
DSC_8407.JPG_max_x: 590.839
DSC_8407.JPG_min_x: 21.399
DSC_8407.JPG_max_y: 1585.52
DSC_8407.JPG_min_y: 59.7871
DSC_8456.JPG_max_x: 1319.62
DSC_8456.JPG_min_x: 996.187
DSC_8456.JPG_max_y: 1608.53
DSC_8456.JPG_min_y: 893.727
