5.690692735767911570e-01 -1.874170836900407033e-01 3.879417377061851653e+02
-2.644067080059789299e-01 5.765887220590546480e-01 3.239814284749139688e+02
-3.081811034102210152e-04 -1.481529378697846286e-04 1.000000000000000000e+00
DSC_8324.JPG_max_x: 890.46
DSC_8324.JPG_min_x: 57.6059
DSC_8324.JPG_max_y: 1497.02
DSC_8324.JPG_min_y: 497.848
DSC_8394.JPG_max_x: 1175.96
DSC_8394.JPG_min_x: 167.981
DSC_8394.JPG_max_y: 1558.75
DSC_8394.JPG_min_y: 575.36
