5.751505676213539697e-01 1.145635356066387750e-01 3.100347926393793045e+02
-1.248480839795880655e-02 6.546881092528641366e-01 1.004504698562984686e+03
-2.963977837281643585e-05 1.063281513788402245e-04 1.000000000000000000e+00
DSC_8211.JPG_max_x: 1161.01
DSC_8211.JPG_min_x: 43.0587
DSC_8211.JPG_max_y: 1115.76
DSC_8211.JPG_min_y: 71.4578
DSC_8324.JPG_max_x: 1014.98
DSC_8324.JPG_min_x: 384.208
DSC_8324.JPG_max_y: 1565.88
DSC_8324.JPG_min_y: 1036.47
