-1.186619752156125585e-01 5.263050196894112145e-03 1.116700981792520366e+02
-1.242494882340699602e+00 -3.822874456732321957e-01 1.102944489835954982e+03
-1.193980647127466715e-03 -5.456216832835205429e-05 1.000000000000000000e+00
DSC_8259.JPG_max_x: 1297.81
DSC_8259.JPG_min_x: 553.084
DSC_8259.JPG_max_y: 967.423
DSC_8259.JPG_min_y: 429.726
DSC_8276.JPG_max_x: 132.202
DSC_8276.JPG_min_x: 12.0794
DSC_8276.JPG_max_y: 1648.07
DSC_8276.JPG_min_y: 769.154
