-1.102061556652563779e+00 -2.084670603609350970e+00 1.802370282228315773e+03
7.725124809807694393e-02 -2.254042531877050948e+00 2.665079147576305331e+03
2.394786855725661648e-04 -1.808643366998117846e-03 1.000000000000000000e+00
DSC_8446.JPG_max_x: 597.953
DSC_8446.JPG_min_x: 240.555
DSC_8446.JPG_max_y: 1603.3
DSC_8446.JPG_min_y: 1282.5
DSC_8471.JPG_max_x: 1284.39
DSC_8471.JPG_min_x: 976.19
DSC_8471.JPG_max_y: 510.387
DSC_8471.JPG_min_y: 172.501
