2.717116577534967270e+00 -3.523242715395726310e-01 1.416938293593774176e+02
2.915779724759267610e-01 2.182921419618471415e+00 -1.011647389795234631e+03
2.312425778107847258e-04 -3.460080933480808637e-04 1.000000000000000000e+00
DSC_8350.JPG_max_x: 407.837
DSC_8350.JPG_min_x: 243.122
DSC_8350.JPG_max_y: 1064.8
DSC_8350.JPG_min_y: 783.866
DSC_8468.JPG_max_x: 1199.97
DSC_8468.JPG_min_x: 645.992
DSC_8468.JPG_max_y: 1974.47
DSC_8468.JPG_min_y: 988.14
