1.118934090690572924e+00 3.259390686121313996e-01 -7.955803727445349978e+02
3.339458547475285588e+00 -1.443389688387861192e+00 9.196468454983344145e+02
3.337449298750325838e-03 -1.611617845709421631e-03 1.000000000000000000e+00
DSC_8269.JPG_max_x: 763.798
DSC_8269.JPG_min_x: 186.691
DSC_8269.JPG_max_y: 1492.7
DSC_8269.JPG_min_y: 1128.3
DSC_8467.JPG_max_x: 813.708
DSC_8467.JPG_min_x: 88.0866
DSC_8467.JPG_max_y: 1223.75
DSC_8467.JPG_min_y: 545.032
