1.191920779127772390e+00 3.756994148202623118e-01 -1.389614778686628597e+03
6.451401507991496587e-01 7.423531353468802996e-01 2.007286260297113074e+02
6.485090160611574166e-04 -1.377915369792440928e-04 1.000000000000000000e+00
DSC_8208.JPG_max_x: 1303.85
DSC_8208.JPG_min_x: 744.751
DSC_8208.JPG_max_y: 1958.94
DSC_8208.JPG_min_y: 1589.65
DSC_8226.JPG_max_x: 528.163
DSC_8226.JPG_min_x: 178.057
DSC_8226.JPG_max_y: 1754.81
DSC_8226.JPG_min_y: 1423.99
