6.453823069118063138e-01 -3.472622575011100748e-02 5.473988459446868404e+01
-1.165561537002728944e-02 6.890188109835124752e-01 7.759826475135071178e+01
1.555071500000055335e-05 -9.329264355731110728e-05 1.000000000000000000e+00
DSC_8439.JPG_max_x: 1299.01
DSC_8439.JPG_min_x: 220.629
DSC_8439.JPG_max_y: 1585.64
DSC_8439.JPG_min_y: 111.105
DSC_8459.JPG_max_x: 855.513
DSC_8459.JPG_min_x: 150.208
DSC_8459.JPG_max_y: 1249.54
DSC_8459.JPG_min_y: 122.101
