4.360217161699490029e-01 -2.981161601226937075e-01 -2.199786478570020165e+01
-5.766154239453815666e-01 -2.814886973267232695e-01 9.340966447784571756e+02
-4.206612902978059385e-04 -5.641006210067407104e-04 1.000000000000000000e+00
DSC_8262.JPG_max_x: 935.299
DSC_8262.JPG_min_x: 667.766
DSC_8262.JPG_max_y: 1692.2
DSC_8262.JPG_min_y: 522.709
DSC_8406.JPG_max_x: 833.995
DSC_8406.JPG_min_x: 65.6637
DSC_8406.JPG_max_y: 1796.79
DSC_8406.JPG_min_y: 526.218
