-3.368014081978045193e-01 -1.185869210098254856e-01 4.269350721236643835e+02
-2.818342129005569352e-01 8.553408112369392802e-02 2.886095197514744655e+02
-7.973040150803905853e-04 -2.606385418941351353e-04 1.000000000000000000e+00
DSC_8271.JPG_max_x: 1300.18
DSC_8271.JPG_min_x: 528.276
DSC_8271.JPG_max_y: 1203.9
DSC_8271.JPG_min_y: 50.302
DSC_8353.JPG_max_x: 1328.14
DSC_8353.JPG_min_x: 343.784
DSC_8353.JPG_max_y: 1036.19
DSC_8353.JPG_min_y: 174.712
