6.599866073853554171e-01 3.595870921157518496e-01 -5.477152404414699731e+02
-2.128868930405378168e-01 1.106191222288806841e+00 1.187858091805809408e+02
2.083333967242871826e-04 6.896128015830693269e-05 1.000000000000000000e+00
DSC_8331.JPG_max_x: 1165.01
DSC_8331.JPG_min_x: 67.5854
DSC_8331.JPG_max_y: 1684.43
DSC_8331.JPG_min_y: 369.891
DSC_8363.JPG_max_x: 438.675
DSC_8363.JPG_min_x: 28.6042
DSC_8363.JPG_max_y: 1759.36
DSC_8363.JPG_min_y: 309.048
