1.189284818811533695e+00 -1.075500458124089252e-02 -1.172282590917401706e+02
4.725381999628563805e-03 9.908731648746587073e-01 5.228806651883869563e+02
2.762461593264948660e-05 -7.697591823013543512e-06 1.000000000000000000e+00
DSC_8217.JPG_max_x: 1238.44
DSC_8217.JPG_min_x: 548.808
DSC_8217.JPG_max_y: 677.934
DSC_8217.JPG_min_y: 2.76138
DSC_8347.JPG_max_x: 1310.97
DSC_8347.JPG_min_x: 525.684
DSC_8347.JPG_max_y: 1185.29
DSC_8347.JPG_min_y: 514.548
