-2.923133520781640904e+00 -1.329332686900056792e+00 2.356901096868519744e+03
-2.011998527471550446e-01 -2.319252315654281471e+00 2.611606473253470085e+03
-9.488705285739289707e-04 -1.674628425400858040e-03 1.000000000000000000e+00
DSC_8298.JPG_max_x: 1098.16
DSC_8298.JPG_min_x: 69.1824
DSC_8298.JPG_max_y: 1878.9
DSC_8298.JPG_min_y: 876.931
DSC_8299.JPG_max_x: 1171.37
DSC_8299.JPG_min_x: 81.807
DSC_8299.JPG_max_y: 792.461
DSC_8299.JPG_min_y: 119.511
