1.737575816921105520e+00 -1.330828854105447601e+00 1.066955188130920078e+03
8.121127612274567920e-01 5.031483497431185059e-01 1.884205186193058807e+02
8.886564881708906849e-04 -5.975865313762384690e-04 1.000000000000000000e+00
DSC_8249.JPG_max_x: 478.81
DSC_8249.JPG_min_x: 98.2372
DSC_8249.JPG_max_y: 921.508
DSC_8249.JPG_min_y: 175.584
DSC_8299.JPG_max_x: 1106.06
DSC_8299.JPG_min_x: 710.531
DSC_8299.JPG_max_y: 1179.03
DSC_8299.JPG_min_y: 366.429
