1.359894067361005598e+00 2.679674856149129591e-01 -4.415036433301187344e+02
-1.266986734509616998e-02 1.378779680774586680e+00 -1.125824924327783265e+03
2.140424551851381456e-05 2.407598958755969361e-04 1.000000000000000000e+00
DSC_8326.JPG_max_x: 964.427
DSC_8326.JPG_min_x: 29.9531
DSC_8326.JPG_max_y: 1984.54
DSC_8326.JPG_min_y: 1241.34
DSC_8327.JPG_max_x: 939.997
DSC_8327.JPG_min_x: 19.0935
DSC_8327.JPG_max_y: 1075.2
DSC_8327.JPG_min_y: 476.923
