2.995731685884890805e+00 2.768990147854824557e-01 -3.811129659605181132e+03
9.982091511493821345e-01 3.094399152435518996e+00 -1.871387883937061360e+03
1.317004839750465003e-03 2.294094404764085470e-04 1.000000000000000000e+00
DSC_8334.JPG_max_x: 1328.94
DSC_8334.JPG_min_x: 1141.93
DSC_8334.JPG_max_y: 1738.81
DSC_8334.JPG_min_y: 746.138
DSC_8336.JPG_max_x: 203.942
DSC_8336.JPG_min_x: 6.43509
DSC_8336.JPG_max_y: 1564.5
DSC_8336.JPG_min_y: 603.824
