-5.102882286255179256e-01 -1.962752948597684677e-01 9.580826133281389048e+02
8.276561658224441231e+00 -6.420534174655998072e+00 -8.125245633511466394e+02
5.929694468652153654e-03 -5.912124434782502040e-03 1.000000000000000000e+00
DSC_8234.JPG_max_x: 1308.62
DSC_8234.JPG_min_x: 890.911
DSC_8234.JPG_max_y: 1340.33
DSC_8234.JPG_min_y: 945.611
DSC_8268.JPG_max_x: 852.35
DSC_8268.JPG_min_x: 19.3384
DSC_8268.JPG_max_y: 1695.52
DSC_8268.JPG_min_y: 707.661
