1.835693768127391712e+00 -1.925625757353258138e-01 -5.486688248867931179e+02
-6.757959053382487681e-03 1.461887350867556723e+00 -2.258887757442834641e+02
-1.010202379646236515e-04 -2.334224262065897715e-04 1.000000000000000000e+00
DSC_8264.JPG_max_x: 860.499
DSC_8264.JPG_min_x: 369.969
DSC_8264.JPG_max_y: 1082.32
DSC_8264.JPG_min_y: 464.368
DSC_8436.JPG_max_x: 1156.05
DSC_8436.JPG_min_x: 12.9855
DSC_8436.JPG_max_y: 1819.32
DSC_8436.JPG_min_y: 528.431
