6.575303900880375974e-01 -9.859730603641581048e-02 4.454324635451823724e+02
-1.547852711343212194e-02 6.324009749965269211e-01 4.345096030349910734e+02
-1.984891525742537444e-05 -7.613786435571073721e-05 1.000000000000000000e+00
DSC_8348.JPG_max_x: 1287.42
DSC_8348.JPG_min_x: 32.5804
DSC_8348.JPG_max_y: 1455.67
DSC_8348.JPG_min_y: 507.646
DSC_8362.JPG_max_x: 1330.47
DSC_8362.JPG_min_x: 386.428
DSC_8362.JPG_max_y: 1523.66
DSC_8362.JPG_min_y: 794.085
