-2.539681822687432922e-01 1.144462246112963773e-02 5.743669314041177358e+02
-7.334741526221013608e-01 3.524085045839606134e-01 5.332837562093837960e+02
-7.843081168759467999e-04 -2.406159468549365783e-05 1.000000000000000000e+00
DSC_8196.JPG_max_x: 860.365
DSC_8196.JPG_min_x: 203.155
DSC_8196.JPG_max_y: 1454.52
DSC_8196.JPG_min_y: 620.895
DSC_8312.JPG_max_x: 1302.92
DSC_8312.JPG_min_x: 637.955
DSC_8312.JPG_max_y: 1361.65
DSC_8312.JPG_min_y: 527.726
