-4.353541942305323986e-01 -3.498820801811603487e-01 8.183607876081613313e+02
-6.349711647649652901e-01 -3.621949432224477183e-01 1.082414716476191870e+03
-5.675711533155613142e-04 -3.726402967512797279e-04 1.000000000000000000e+00
DSC_8268.JPG_max_x: 1300.42
DSC_8268.JPG_min_x: 19.6903
DSC_8268.JPG_max_y: 1654.14
DSC_8268.JPG_min_y: 506.824
DSC_8364.JPG_max_x: 1005.82
DSC_8364.JPG_min_x: 333.467
DSC_8364.JPG_max_y: 1391.81
DSC_8364.JPG_min_y: 1036.89
