5.458518663490596889e-01 3.261550677573017420e-01 -8.420290006303195014e+02
-6.023857426338395937e-01 6.503528499961166442e-01 8.003856397062103269e+02
-2.218640950880388177e-04 1.303238940876243601e-05 1.000000000000000000e+00
DSC_8263.JPG_max_x: 1312.37
DSC_8263.JPG_min_x: 1165.49
DSC_8263.JPG_max_y: 1270.66
DSC_8263.JPG_min_y: 665.152
DSC_8265.JPG_max_x: 394.397
DSC_8265.JPG_min_x: 89.3971
DSC_8265.JPG_max_y: 1201.25
DSC_8265.JPG_min_y: 646.313
