2.164501582166600713e+00 5.069126524290267222e-01 -6.406893320571563208e+02
-4.778504410725539081e-02 2.099885587100068562e+00 -1.232981228488551437e+02
-1.427827563796020343e-04 3.493949966752464532e-04 1.000000000000000000e+00
DSC_8313.JPG_max_x: 816.865
DSC_8313.JPG_min_x: 325.218
DSC_8313.JPG_max_y: 821.881
DSC_8313.JPG_min_y: 88.0523
DSC_8345.JPG_max_x: 1301.25
DSC_8345.JPG_min_x: 174.49
DSC_8345.JPG_max_y: 1316.52
DSC_8345.JPG_min_y: 42.8938
