-2.050121019388170929e+00 -2.604217422674351967e-01 2.209641692312557552e+03
-1.606353153472003470e+00 -8.594079181859044514e-01 2.300053806266572337e+03
-2.903013766578964230e-03 6.813987164878921796e-04 1.000000000000000000e+00
DSC_8430.JPG_max_x: 1322.9
DSC_8430.JPG_min_x: 304.619
DSC_8430.JPG_max_y: 1695.44
DSC_8430.JPG_min_y: 1174.73
DSC_8445.JPG_max_x: 1145.5
DSC_8445.JPG_min_x: 75.3746
DSC_8445.JPG_max_y: 777.121
DSC_8445.JPG_min_y: 313.074
