9.743969513502152013e-01 6.808374147078999350e-01 -1.137651211860112198e+03
-1.699020186160912216e-01 4.695884867936515605e-01 6.591713110105922624e+02
1.496067088080981161e-04 -3.484221510854444812e-04 1.000000000000000000e+00
DSC_8199.JPG_max_x: 1290.35
DSC_8199.JPG_min_x: 520.892
DSC_8199.JPG_max_y: 978.224
DSC_8199.JPG_min_y: 421.099
DSC_8365.JPG_max_x: 553.348
DSC_8365.JPG_min_x: 20.0422
DSC_8365.JPG_max_y: 1389.22
DSC_8365.JPG_min_y: 609.939
