-4.695607182700063831e+00 -3.914912939041943929e+00 1.335016609525274362e+03
-2.415902455509403080e+00 -6.376670876951018307e+00 1.229017793629220250e+03
-3.051958568538943803e-03 -5.311175588417272816e-03 1.000000000000000000e+00
DSC_8201.JPG_max_x: 804.29
DSC_8201.JPG_min_x: 197.34
DSC_8201.JPG_max_y: 816.225
DSC_8201.JPG_min_y: 171.044
DSC_8335.JPG_max_x: 1224.58
DSC_8335.JPG_min_x: 698.471
DSC_8335.JPG_max_y: 1112.99
DSC_8335.JPG_min_y: 737.792
