2.127405736334520570e-01 -4.083876969157252401e-01 1.082709330137189454e+03
-2.714970320675605953e-01 3.618842802513454471e-01 8.432216621886069561e+02
-3.632528232890228363e-04 -1.903345745645865120e-04 1.000000000000000000e+00
DSC_8307.JPG_max_x: 454.52
DSC_8307.JPG_min_x: 28.656
DSC_8307.JPG_max_y: 613.215
DSC_8307.JPG_min_y: 209.762
DSC_8336.JPG_max_x: 1327.45
DSC_8336.JPG_min_x: 998.93
DSC_8336.JPG_max_y: 1290.62
DSC_8336.JPG_min_y: 984.891
