-6.136272495002872418e-01 -1.850323913961658961e-01 7.338816315669937467e+02
-9.465026724030959349e-01 -3.695421821366373094e-01 1.136452465303897270e+03
-8.347048146261350178e-04 -2.784447274637049763e-04 1.000000000000000000e+00
DSC_8195.JPG_max_x: 1314.76
DSC_8195.JPG_min_x: 273.517
DSC_8195.JPG_max_y: 1413.7
DSC_8195.JPG_min_y: 20.5026
DSC_8328.JPG_max_x: 841.04
DSC_8328.JPG_min_x: 398.921
DSC_8328.JPG_max_y: 1985.61
DSC_8328.JPG_min_y: 770.301
