1.366123471619278051e+00 1.865138805967290203e-01 -3.823956609200906769e+02
4.114144789879783243e-02 1.428226172023224994e+00 -1.204984053726348975e+03
3.328104864425213073e-04 2.783841692165674717e-04 1.000000000000000000e+00
DSC_8318.JPG_max_x: 1233.31
DSC_8318.JPG_min_x: 197.995
DSC_8318.JPG_max_y: 1400.31
DSC_8318.JPG_min_y: 856.059
DSC_8433.JPG_max_x: 885.711
DSC_8433.JPG_min_x: 58.9284
DSC_8433.JPG_max_y: 504.644
DSC_8433.JPG_min_y: 40.3331
