-1.059273974432375365e+00 -5.283499126057912276e-01 1.210271673925010418e+03
-1.531938103920692074e+00 -2.161021165953972145e-01 8.202773910215427122e+02
-1.187481019202120142e-03 -4.314391424545271653e-04 9.999999999999998890e-01
DSC_8414.JPG_max_x: 875.854
DSC_8414.JPG_min_x: 16.6957
DSC_8414.JPG_max_y: 1621.36
DSC_8414.JPG_min_y: 967.199
DSC_8416.JPG_max_x: 1319.91
DSC_8416.JPG_min_x: 560.583
DSC_8416.JPG_max_y: 1650.5
DSC_8416.JPG_min_y: 966.472
