-7.567638985152639108e+00 -4.934123741063095814e+00 1.923367539665562845e+03
-3.830806166133073010e+00 -8.787667922798956255e+00 1.662348584413153958e+03
-3.789163236791285271e-03 -6.819971640599657714e-03 1.000000000000000000e+00
DSC_8221.JPG_max_x: 534.221
DSC_8221.JPG_min_x: 261.103
DSC_8221.JPG_max_y: 338.573
DSC_8221.JPG_min_y: 221.172
DSC_8449.JPG_max_x: 1250.25
DSC_8449.JPG_min_x: 790.523
DSC_8449.JPG_max_y: 1009.15
DSC_8449.JPG_min_y: 878.716
