2.180310416213194102e+00 -3.707764780642767710e-01 8.878515279590907312e+02
7.853331289731195763e-01 1.712943965191661366e+00 -1.264489105428224889e+02
7.225401202646886470e-04 8.395358937156670960e-04 1.000000000000000000e+00
DSC_8286.JPG_max_x: 1310.29
DSC_8286.JPG_min_x: 20.2235
DSC_8286.JPG_max_y: 1680.75
DSC_8286.JPG_min_y: 825.596
DSC_8336.JPG_max_x: 1148.47
DSC_8336.JPG_min_x: 364.114
DSC_8336.JPG_max_y: 1171.99
DSC_8336.JPG_min_y: 772.516
