6.983714243526171206e-01 -8.464949483656338813e-01 1.324687903285709808e+03
9.456952059670400978e-02 7.516352128366894370e-01 -5.670057383179271255e+02
-1.310911413891222347e-04 -3.166800285468268053e-04 1.000000000000000000e+00
DSC_8276.JPG_max_x: 560.948
DSC_8276.JPG_min_x: 82.835
DSC_8276.JPG_max_y: 1286.5
DSC_8276.JPG_min_y: 1101.94
DSC_8325.JPG_max_x: 1265.98
DSC_8325.JPG_min_x: 696.451
DSC_8325.JPG_max_y: 860.704
DSC_8325.JPG_min_y: 426.775
