5.275862044115954275e-01 -1.347575036562375372e-01 -1.482870954232171243e+02
4.661139847926040747e-02 9.794133237896369693e-01 -1.328528229263298499e+02
-2.096580858392392175e-04 -1.844666907658010777e-04 1.000000000000000000e+00
DSC_8248.JPG_max_x: 1011.58
DSC_8248.JPG_min_x: 288.212
DSC_8248.JPG_max_y: 1038.35
DSC_8248.JPG_min_y: 506.644
DSC_8434.JPG_max_x: 470.347
DSC_8434.JPG_min_x: 128.057
DSC_8434.JPG_max_y: 1436.25
DSC_8434.JPG_min_y: 481.313
