-8.933133106783754940e-01 -4.288159258429655174e-01 8.733091143172864577e+02
-1.575424604298860443e+00 -1.934533716110880652e+00 1.463359191024972915e+03
-1.238113439028305784e-03 -7.850434692690794582e-04 1.000000000000000000e+00
DSC_8197.JPG_max_x: 1321.87
DSC_8197.JPG_min_x: 105.785
DSC_8197.JPG_max_y: 751.899
DSC_8197.JPG_min_y: 186.179
DSC_8232.JPG_max_x: 960.776
DSC_8232.JPG_min_x: 216.718
DSC_8232.JPG_max_y: 1877.37
DSC_8232.JPG_min_y: 871.848
