1.482190166513638552e+00 -4.873939256484295657e-02 1.182778830431207240e+02
2.652047856950262572e-01 1.418723784443632896e+00 -2.694752715076671166e+02
2.694295554080106646e-04 3.768217862883507433e-05 1.000000000000000000e+00
DSC_8218.JPG_max_x: 1144.02
DSC_8218.JPG_min_x: 7.88829
DSC_8218.JPG_max_y: 1609.36
DSC_8218.JPG_min_y: 573.294
DSC_8348.JPG_max_x: 1326.81
DSC_8348.JPG_min_x: 81.2894
DSC_8348.JPG_max_y: 1889.07
DSC_8348.JPG_min_y: 572.962
