1.909210496321952055e+00 -4.322109306576613630e-01 -3.640450982217320188e+02
2.466889413310394963e-01 1.097043385769027823e+00 9.116319178128649128e+02
9.453491139705981819e-05 -4.016486280298380961e-04 1.000000000000000000e+00
DSC_8365.JPG_max_x: 709.111
DSC_8365.JPG_min_x: 220.079
DSC_8365.JPG_max_y: 514.165
DSC_8365.JPG_min_y: 16.4948
DSC_8448.JPG_max_x: 928.363
DSC_8448.JPG_min_x: 14.4578
DSC_8448.JPG_max_y: 1919.04
DSC_8448.JPG_min_y: 989.443
