7.801444848226668505e-01 -6.969941080745081785e-02 6.964793790721901701e+01
1.152877827838678371e-01 6.068733559233953079e-01 1.638400696088433790e+02
1.718675765285461216e-04 -1.368852688126220385e-04 1.000000000000000000e+00
DSC_8319.JPG_max_x: 1164.07
DSC_8319.JPG_min_x: 74.3315
DSC_8319.JPG_max_y: 1385.46
DSC_8319.JPG_min_y: 60.098
DSC_8433.JPG_max_x: 846.508
DSC_8433.JPG_min_x: 108.735
DSC_8433.JPG_max_y: 1154.35
DSC_8433.JPG_min_y: 217.463
