-3.890475554457841767e+00 -9.498346236315822200e-01 3.853340962486292483e+03
-2.481857316276825098e-01 -3.310932787445231895e+00 3.142523912519523492e+03
-1.403258473241770100e-03 -8.952451312854344803e-04 9.999999999999998890e-01
DSC_8278.JPG_max_x: 1007.31
DSC_8278.JPG_min_x: 698.198
DSC_8278.JPG_max_y: 1683.79
DSC_8278.JPG_min_y: 904.126
DSC_8421.JPG_max_x: 804.272
DSC_8421.JPG_min_x: 26.3857
DSC_8421.JPG_max_y: 1824.68
DSC_8421.JPG_min_y: 57.9945
