4.123638768519614639e-01 2.841202865959374657e-03 -4.875694196351453229e+02
-4.719066648769926209e-01 6.016967629958713815e-01 4.874274275475690388e+02
-4.249347737906018730e-04 4.502366639010371157e-06 1.000000000000000000e+00
DSC_8196.JPG_max_x: 1327.91
DSC_8196.JPG_min_x: 1252.2
DSC_8196.JPG_max_y: 1548.82
DSC_8196.JPG_min_y: 790.607
DSC_8362.JPG_max_x: 155.561
DSC_8362.JPG_min_x: 67.5699
DSC_8362.JPG_max_y: 1767.45
DSC_8362.JPG_min_y: 780.975
