1.299593381739142961e+00 2.767378065437230972e-01 -4.491548741787794938e+02
-3.662252663278692810e-01 1.211231305196602603e+00 -8.396584846939434783e+02
-2.402764193156303827e-04 3.711364032876574926e-04 1.000000000000000000e+00
DSC_8194.JPG_max_x: 1270.87
DSC_8194.JPG_min_x: 183.275
DSC_8194.JPG_max_y: 1688.99
DSC_8194.JPG_min_y: 1037.44
DSC_8195.JPG_max_x: 1327.67
DSC_8195.JPG_min_x: 59.7253
DSC_8195.JPG_max_y: 712.606
DSC_8195.JPG_min_y: 6.48895
