1.512769992359125792e+00 9.189570140057595760e-01 -1.802323250993053762e+03
8.356904337777340541e-02 1.622862335064870765e+00 1.383888563277830031e+02
6.002284518682476401e-04 2.472542190485179595e-04 9.999999999999998890e-01
DSC_8413.JPG_max_x: 1264.28
DSC_8413.JPG_min_x: 932.47
DSC_8413.JPG_max_y: 1117.14
DSC_8413.JPG_min_y: 403.278
DSC_8427.JPG_max_x: 522.165
DSC_8427.JPG_min_x: 17.0374
DSC_8427.JPG_max_y: 1046.25
DSC_8427.JPG_min_y: 490.315
