9.315607823852536384e-01 -3.897189837625616993e-02 8.322743689109317700e+01
-8.043047204223963131e-02 7.905259734478737865e-01 1.710667817208309884e+02
-2.832295756927150380e-04 -2.093388075238374242e-04 1.000000000000000000e+00
DSC_8397.JPG_max_x: 892.578
DSC_8397.JPG_min_x: 110.134
DSC_8397.JPG_max_y: 583.115
DSC_8397.JPG_min_y: 199.709
DSC_8431.JPG_max_x: 1328.54
DSC_8431.JPG_min_x: 196.431
DSC_8431.JPG_max_y: 856.957
DSC_8431.JPG_min_y: 351.209
