1.757576127933457577e-01 -5.461630934043456564e-01 5.099703833381199161e+02
-5.433656964988919924e-01 -5.399409289883460444e-02 1.252202142107001691e+03
-4.445239564624040149e-04 -2.781672047841587145e-04 9.999999999999998890e-01
DSC_8293.JPG_max_x: 693.358
DSC_8293.JPG_min_x: 143.786
DSC_8293.JPG_max_y: 860.342
DSC_8293.JPG_min_y: 77.7891
DSC_8430.JPG_max_x: 854.602
DSC_8430.JPG_min_x: 155.56
DSC_8430.JPG_max_y: 1664.94
DSC_8430.JPG_min_y: 1259.54
