3.528921178448315654e+00 -1.936085892917177032e-01 -3.158123498240058325e+03
2.186717192951267652e+00 1.738566044874612304e+00 -1.136790252750312902e+03
2.128462857745206261e-03 -6.688311607727744816e-04 1.000000000000000000e+00
DSC_8250.JPG_max_x: 1274.25
DSC_8250.JPG_min_x: 1055.01
DSC_8250.JPG_max_y: 1117.25
DSC_8250.JPG_min_y: 734.03
DSC_8432.JPG_max_x: 374.423
DSC_8432.JPG_min_x: 141.637
DSC_8432.JPG_max_y: 1229.73
DSC_8432.JPG_min_y: 887.423
