3.008538986080774968e+00 8.975263187759043859e-01 -1.617419414204198574e+03
1.236047397974939371e-01 3.577808964441464123e+00 -4.165230810488936186e+03
7.999105991173820923e-05 1.152799058060343567e-03 9.999999999999998890e-01
DSC_8362.JPG_max_x: 1065.51
DSC_8362.JPG_min_x: 78.1686
DSC_8362.JPG_max_y: 1896.97
DSC_8362.JPG_min_y: 1216.12
DSC_8363.JPG_max_x: 1047.91
DSC_8363.JPG_min_x: 61.5389
DSC_8363.JPG_max_y: 830.607
DSC_8363.JPG_min_y: 99.0826
