3.703023543290901443e-01 -1.572698042441982857e-01 1.870048760574019298e+02
2.007035869828320551e-01 -1.596228171466463341e-01 8.511465832976057300e+02
1.602155156347746616e-04 -3.718957409558229185e-04 9.999999999999998890e-01
DSC_8270.JPG_max_x: 1266.98
DSC_8270.JPG_min_x: 472.456
DSC_8270.JPG_max_y: 1633.41
DSC_8270.JPG_min_y: 1208.79
DSC_8430.JPG_max_x: 645.422
DSC_8430.JPG_min_x: 265.621
DSC_8430.JPG_max_y: 1536.21
DSC_8430.JPG_min_y: 1205.22
