9.043929467946842937e-01 -1.108365283318979572e-01 9.439229636092097735e+02
4.131417509801966759e-01 8.167175524121907948e-01 1.326493289565814848e+02
3.163879725196291231e-04 -4.689839740244109101e-05 1.000000000000000000e+00
DSC_8314.JPG_max_x: 845.424
DSC_8314.JPG_min_x: 21.7721
DSC_8314.JPG_max_y: 1778.78
DSC_8314.JPG_min_y: 501.724
DSC_8298.JPG_max_x: 1302.79
DSC_8298.JPG_min_x: 866.092
DSC_8298.JPG_max_y: 1714.66
DSC_8298.JPG_min_y: 606.99
