-4.744429582898575859e+00 -7.088778220735629798e-01 4.141617663659783830e+03
-6.365477891303039648e-02 -3.414323193867088158e+00 3.188381732869383995e+03
-3.088051829479409281e-03 -1.296005497421357172e-03 1.000000000000000000e+00
DSC_8266.JPG_max_x: 1309.75
DSC_8266.JPG_min_x: 765.618
DSC_8266.JPG_max_y: 1387.23
DSC_8266.JPG_min_y: 954.454
DSC_8433.JPG_max_x: 624.906
DSC_8433.JPG_min_x: 116.747
DSC_8433.JPG_max_y: 478.512
DSC_8433.JPG_min_y: 40.7353
