4.444846151308843307e-01 -2.100813238285997586e-01 8.311038532819719649e+02
-5.601094462930736873e-01 8.230147047040741182e-01 2.509628606981486598e+02
-5.556016650094890673e-04 -1.420069351706567014e-04 1.000000000000000000e+00
DSC_8298.JPG_max_x: 397.032
DSC_8298.JPG_min_x: 13.7562
DSC_8298.JPG_max_y: 1488.8
DSC_8298.JPG_min_y: 544.065
DSC_8440.JPG_max_x: 1275.54
DSC_8440.JPG_min_x: 733.703
DSC_8440.JPG_max_y: 1934.37
DSC_8440.JPG_min_y: 689.741
