8.544703069604976164e+00 4.946669966585589329e+00 -1.327604624235985648e+04
-3.528277162443821613e+00 9.715696358163777191e+00 -8.702820902487770582e+03
-1.644149322441038627e-03 5.927783107800435082e-03 9.999999999999998890e-01
DSC_8380.JPG_max_x: 1137.64
DSC_8380.JPG_min_x: 578.436
DSC_8380.JPG_max_y: 1843.47
DSC_8380.JPG_min_y: 1285.81
DSC_8413.JPG_max_x: 533.539
DSC_8413.JPG_min_x: 126.428
DSC_8413.JPG_max_y: 669.08
DSC_8413.JPG_min_y: 18.8706
