6.131866273905541842e-01 -1.296980824503074226e-01 4.320895836219651756e+02
-3.393712363263147735e-01 9.108933967806481791e-01 2.527289494337707652e+02
-3.363302942018917170e-04 -1.037964708848794357e-04 1.000000000000000000e+00
DSC_8312.JPG_max_x: 837.077
DSC_8312.JPG_min_x: 412.282
DSC_8312.JPG_max_y: 1311.96
DSC_8312.JPG_min_y: 492.026
DSC_8424.JPG_max_x: 1324.92
DSC_8424.JPG_min_x: 752.008
DSC_8424.JPG_max_y: 1915.23
DSC_8424.JPG_min_y: 661.477
