8.774775952305616800e-01 3.375443962434776513e-02 -2.645716123463437270e+02
9.362261068905014527e-02 1.000200821097024573e+00 8.531006468404602572e+01
1.263128253026160489e-04 6.698370311864693723e-04 1.000000000000000000e+00
DSC_8225.JPG_max_x: 1037.4
DSC_8225.JPG_min_x: 338.582
DSC_8225.JPG_max_y: 1325.31
DSC_8225.JPG_min_y: 291.454
DSC_8413.JPG_max_x: 386.465
DSC_8413.JPG_min_x: 34.7673
DSC_8413.JPG_max_y: 739.639
DSC_8413.JPG_min_y: 339.26
