5.781081301826863639e-01 -1.026772665993632705e-01 -1.260653241655831920e+02
-5.729065755388929038e-01 9.713294679009402133e-01 1.294817536946920654e+03
-5.312832606839410290e-04 5.802081080116954794e-05 9.999999999999998890e-01
DSC_8329.JPG_max_x: 854.99
DSC_8329.JPG_min_x: 631.656
DSC_8329.JPG_max_y: 380.111
DSC_8329.JPG_min_y: 37.2677
DSC_8406.JPG_max_x: 615.292
DSC_8406.JPG_min_x: 328.17
DSC_8406.JPG_max_y: 1973.02
DSC_8406.JPG_min_y: 1484.25
