-1.245508273344237526e+00 -1.022936751468212391e+00 1.166235182428416692e+03
-7.779599945754656076e-01 -1.021879232905734680e+00 1.037219531303554049e+03
-1.065822346063118172e-03 -8.915033676958228782e-04 1.000000000000000000e+00
DSC_8320.JPG_max_x: 905.128
DSC_8320.JPG_min_x: 29.0476
DSC_8320.JPG_max_y: 1540.5
DSC_8320.JPG_min_y: 507.265
DSC_8432.JPG_max_x: 1295.3
DSC_8432.JPG_min_x: 734.062
DSC_8432.JPG_max_y: 1514.57
DSC_8432.JPG_min_y: 839.083
