3.935587168627857069e-01 -3.492175665597768708e-01 1.090766396141044424e+03
1.281797405276889068e-01 3.727764619136882951e-01 -2.254264497998965169e+02
-1.003631456225557360e-04 -1.915210932146625764e-04 1.000000000000000000e+00
DSC_8228.JPG_max_x: 686.47
DSC_8228.JPG_min_x: 57.3266
DSC_8228.JPG_max_y: 1894.6
DSC_8228.JPG_min_y: 1310.62
DSC_8325.JPG_max_x: 1247.17
DSC_8325.JPG_min_x: 700.032
DSC_8325.JPG_max_y: 867.84
DSC_8325.JPG_min_y: 401.948
