6.065763179069388888e-01 -2.170719960716939109e-02 -8.636723248846485035e+01
4.947008756139236602e-02 5.987308073383754703e-01 6.708222402019691799e+02
2.956422666038851404e-05 1.423235854927421144e-05 9.999999999999998890e-01
DSC_8320.JPG_max_x: 1311.44
DSC_8320.JPG_min_x: 187.774
DSC_8320.JPG_max_y: 1373.75
DSC_8320.JPG_min_y: 531.971
DSC_8396.JPG_max_x: 645.135
DSC_8396.JPG_min_x: 5.17065
DSC_8396.JPG_max_y: 1481.99
DSC_8396.JPG_min_y: 1018.85
