6.381431956934092931e+00 6.267978545048703554e-01 -3.194422087962237583e+03
1.044005406199482316e-01 6.922321928809074265e+00 -7.083472371183182986e+03
2.635983827451986324e-04 1.540007335930178127e-03 1.000000000000000000e+00
DSC_8194.JPG_max_x: 993.419
DSC_8194.JPG_min_x: 561.049
DSC_8194.JPG_max_y: 1988.37
DSC_8194.JPG_min_y: 1001.43
DSC_8359.JPG_max_x: 1108.55
DSC_8359.JPG_min_x: 349.931
DSC_8359.JPG_max_y: 1610.52
DSC_8359.JPG_min_y: 98.1356
