1.157537422298570595e+00 -1.824805539384237951e+00 1.098906731503012452e+03
2.766902775197949138e-01 -1.460031097474109529e+00 1.592139333401430804e+03
1.852072426920092340e-03 -1.791296960260334954e-03 1.000000000000000000e+00
DSC_8454.JPG_max_x: 1029.16
DSC_8454.JPG_min_x: 58.0908
DSC_8454.JPG_max_y: 1631.76
DSC_8454.JPG_min_y: 927.505
DSC_8473.JPG_max_x: 1324.6
DSC_8473.JPG_min_x: 503.566
DSC_8473.JPG_max_y: 544.276
DSC_8473.JPG_min_y: 129.624
