3.034910734399702825e+00 3.618038276064641234e-01 -2.638932013716787878e+03
-8.387319880047061638e-02 1.746629390298638951e+00 4.980488695989395183e+02
5.364966200639836869e-04 -1.394120013878437104e-05 1.000000000000000000e+00
DSC_8375.JPG_max_x: 1323.44
DSC_8375.JPG_min_x: 845.507
DSC_8375.JPG_max_y: 1493.88
DSC_8375.JPG_min_y: 142.635
DSC_8403.JPG_max_x: 1021.69
DSC_8403.JPG_min_x: 9.48322
DSC_8403.JPG_max_y: 1935.16
DSC_8403.JPG_min_y: 447.783
