1.480118128481361151e+00 1.143199017676547052e-01 -4.018251121630898979e+02
3.489873241219509231e-02 1.352510745489380106e+00 5.771014031717503485e+02
-6.368417961990030193e-05 1.927245073654898109e-04 1.000000000000000000e+00
DSC_8233.JPG_max_x: 971.469
DSC_8233.JPG_min_x: 279.97
DSC_8233.JPG_max_y: 629.505
DSC_8233.JPG_min_y: 22.4605
DSC_8421.JPG_max_x: 1081.01
DSC_8421.JPG_min_x: 26.3857
DSC_8421.JPG_max_y: 1346.32
DSC_8421.JPG_min_y: 671.859
