2.121054452653448053e+00 -1.981505483535865864e-01 1.965707204156592070e+03
4.312582778292909924e-01 2.404325878260927141e+00 -2.729275470288938322e+03
-2.676279836993622396e-05 1.014059560063543600e-03 1.000000000000000000e+00
DSC_8338.JPG_max_x: 537.9
DSC_8338.JPG_min_x: 29.3407
DSC_8338.JPG_max_y: 1723.63
DSC_8338.JPG_min_y: 1267.07
DSC_8381.JPG_max_x: 1157.36
DSC_8381.JPG_min_x: 625.414
DSC_8381.JPG_max_y: 509.146
DSC_8381.JPG_min_y: 151.636
