8.869942753326639506e-01 -1.895796742134766288e-01 5.208689389360879431e+02
6.245786597350846403e-01 4.329912988060964918e-01 4.031280209875152423e+02
4.503158466237914322e-04 -1.848358058743442001e-04 1.000000000000000000e+00
DSC_8332.JPG_max_x: 1257.52
DSC_8332.JPG_min_x: 112.467
DSC_8332.JPG_max_y: 1586.75
DSC_8332.JPG_min_y: 501.739
DSC_8362.JPG_max_x: 1038.13
DSC_8362.JPG_min_x: 424.936
DSC_8362.JPG_max_y: 1523.66
DSC_8362.JPG_min_y: 844.471
