-8.762342368371778267e-02 1.308553170179014569e-01 1.317486586313350017e+03
-1.185072967126519661e+00 2.134762089622606940e+00 -9.203546806704737264e+02
-1.420816147607423339e-03 2.488512116402673432e-04 9.999999999999998890e-01
DSC_8220.JPG_max_x: 107.83
DSC_8220.JPG_min_x: 4.13323
DSC_8220.JPG_max_y: 1430.68
DSC_8220.JPG_min_y: 803.825
DSC_8250.JPG_max_x: 1293.08
DSC_8250.JPG_min_x: 1165.33
DSC_8250.JPG_max_y: 1676.38
DSC_8250.JPG_min_y: 655.488
