2.586549386592068012e-01 -3.366434710803368202e-01 6.335702212565740865e+02
-6.604730587961367416e-02 -1.314096610203233373e-01 1.079921331435300999e+03
-1.057652170033497661e-04 -3.670798263418744030e-04 1.000000000000000000e+00
DSC_8257.JPG_max_x: 1221.26
DSC_8257.JPG_min_x: 27.7745
DSC_8257.JPG_max_y: 760.694
DSC_8257.JPG_min_y: 175.123
DSC_8430.JPG_max_x: 1111.7
DSC_8430.JPG_min_x: 560.715
DSC_8430.JPG_max_y: 1382.57
DSC_8430.JPG_min_y: 1174.36
