7.013462431797670149e-01 2.872653239492550803e-01 6.595197467636056672e+02
-4.063710963128815967e-01 1.839568789901777413e+00 -3.779375918344064189e+02
-7.018240679470127974e-04 3.329760281506870408e-04 1.000000000000000000e+00
DSC_8276.JPG_max_x: 533.179
DSC_8276.JPG_min_x: 81.671
DSC_8276.JPG_max_y: 1284.61
DSC_8276.JPG_min_y: 492.093
DSC_8324.JPG_max_x: 1323.16
DSC_8324.JPG_min_x: 616.011
DSC_8324.JPG_max_y: 1696.03
DSC_8324.JPG_min_y: 441.053
