7.230094158998259246e-01 9.927811867574373172e-01 5.310196063314579078e+02
1.260015203980600074e-01 1.184435546613177737e+00 9.119968167468241518e+02
8.091530541761619930e-05 5.452132895379448478e-04 1.000000000000000000e+00
DSC_8227.JPG_max_x: 980.714
DSC_8227.JPG_min_x: 56.7623
DSC_8227.JPG_max_y: 1400.38
DSC_8227.JPG_min_y: 224.62
DSC_8274.JPG_max_x: 1229.76
DSC_8274.JPG_min_x: 933.831
DSC_8274.JPG_max_y: 1455.5
DSC_8274.JPG_min_y: 1079.78
