8.981266375698914173e-01 -8.015625893264526070e-02 1.283970456169066381e+02
-4.790231726851690644e-03 8.659833055597395690e-01 1.957131364420677642e+02
-3.205045922788779940e-05 -7.127812447785485366e-05 1.000000000000000000e+00
DSC_8296.JPG_max_x: 1269.59
DSC_8296.JPG_min_x: 5.57712
DSC_8296.JPG_max_y: 1513.44
DSC_8296.JPG_min_y: 523.354
DSC_8456.JPG_max_x: 1330.25
DSC_8456.JPG_min_x: 23.2327
DSC_8456.JPG_max_y: 1685.23
DSC_8456.JPG_min_y: 690.8
