4.287690185946415156e+00 6.229983301248033234e-01 -5.356727694099640757e+03
-2.507442842202541877e-01 4.287125502470406246e+00 -3.705760249880985612e+03
1.061055077934648736e-03 1.134740502086654121e-03 9.999999999999998890e-01
DSC_8338.JPG_max_x: 1312.49
DSC_8338.JPG_min_x: 1044.45
DSC_8338.JPG_max_y: 1899.03
DSC_8338.JPG_min_y: 1388.24
DSC_8341.JPG_max_x: 309.453
DSC_8341.JPG_min_x: 9.03654
DSC_8341.JPG_max_y: 915.155
DSC_8341.JPG_min_y: 503.881
