-6.928731334988279256e-02 -5.840797794561147782e-01 7.609993548821441891e+02
-4.303220005164033052e-02 -4.206649518568151835e-01 5.201070192586879557e+02
-1.065151233307950454e-04 -7.711112952480720815e-04 1.000000000000000000e+00
DSC_8273.JPG_max_x: 1164.22
DSC_8273.JPG_min_x: 338.678
DSC_8273.JPG_max_y: 1803.7
DSC_8273.JPG_min_y: 143.508
DSC_8431.JPG_max_x: 1304.03
DSC_8431.JPG_min_x: 444.766
DSC_8431.JPG_max_y: 1292.1
DSC_8431.JPG_min_y: 366.076
