6.964571059399235486e-02 -5.834764694409938279e+00 1.147275168736447313e+03
-9.293399810394788185e-02 -5.437625568848259761e+00 1.356109279526431692e+03
-1.947439575193140703e-04 -4.040829157107926617e-03 1.000000000000000000e+00
DSC_8197.JPG_max_x: 1306.24
DSC_8197.JPG_min_x: 391.674
DSC_8197.JPG_max_y: 360.08
DSC_8197.JPG_min_y: 46.7407
DSC_8344.JPG_max_x: 1322.5
DSC_8344.JPG_min_x: 1115.16
DSC_8344.JPG_max_y: 1561.51
DSC_8344.JPG_min_y: 1019.25
