-6.449759806932997552e-01 6.972213257862801099e-03 6.267894659893952394e+02
-1.712527090870019197e+00 -2.476315447629054978e-01 1.747407609795681537e+03
-1.383145333235944168e-03 1.139242196085669972e-04 1.000000000000000000e+00
DSC_8414.JPG_max_x: 1323.96
DSC_8414.JPG_min_x: 572.959
DSC_8414.JPG_max_y: 1710.12
DSC_8414.JPG_min_y: 1015.47
DSC_8428.JPG_max_x: 388.862
DSC_8428.JPG_min_x: 10.9735
DSC_8428.JPG_max_y: 1672.53
DSC_8428.JPG_min_y: 939.814
