-2.727889666011207859e-01 -4.073003902293315104e-01 4.041690391180965776e+02
-1.071461780756259641e+00 -1.246706135566435281e+00 1.458965563286554925e+03
-7.314420506525712296e-04 -8.647424467130867100e-04 1.000000000000000000e+00
DSC_8255.JPG_max_x: 1225.08
DSC_8255.JPG_min_x: 77.5925
DSC_8255.JPG_max_y: 1648.85
DSC_8255.JPG_min_y: 85.2324
DSC_8430.JPG_max_x: 821.584
DSC_8430.JPG_min_x: 235.268
DSC_8430.JPG_max_y: 1581.76
DSC_8430.JPG_min_y: 1176.39
