8.143672286968034468e-01 1.163888006873061015e-01 -2.625834308702040971e+02
-2.799890590322279098e-03 1.030192863207714637e+00 2.690046490282700233e+02
-2.499017129368857678e-05 5.555730368113553572e-04 1.000000000000000000e+00
DSC_8209.JPG_max_x: 1294.59
DSC_8209.JPG_min_x: 295.424
DSC_8209.JPG_max_y: 684.632
DSC_8209.JPG_min_y: 229.818
DSC_8369.JPG_max_x: 677.67
DSC_8369.JPG_min_x: 40.5733
DSC_8369.JPG_max_y: 729.768
DSC_8369.JPG_min_y: 461.988
