-9.228219665965153862e-01 -2.479836017395668613e+00 1.270156683150018580e+03
-6.060259673954850879e-01 -1.633726796533862657e+00 8.360697060409834194e+02
-7.224008223597826964e-04 -1.960035683632185312e-03 1.000000000000000000e+00
DSC_8277.JPG_max_x: 1253.72
DSC_8277.JPG_min_x: 334.053
DSC_8277.JPG_max_y: 446.938
DSC_8277.JPG_min_y: 91.1268
DSC_8325.JPG_max_x: 1265.98
DSC_8325.JPG_min_x: 345.037
DSC_8325.JPG_max_y: 860.704
DSC_8325.JPG_min_y: 438.206
