1.350600652089093634e+00 -5.752629105082398935e-03 -4.238349189307170946e+02
1.849427531236457964e-02 1.283420919491344403e+00 -1.710227107396343911e+02
4.980806067894775525e-05 -3.651632785058143445e-05 1.000000000000000000e+00
DSC_8310.JPG_max_x: 1329.83
DSC_8310.JPG_min_x: 338.169
DSC_8310.JPG_max_y: 1660.52
DSC_8310.JPG_min_y: 438.025
DSC_8326.JPG_max_x: 1327.89
DSC_8326.JPG_min_x: 29.9531
DSC_8326.JPG_max_y: 1984.54
DSC_8326.JPG_min_y: 389.263
