-3.439094915818076359e+00 2.671413757122488852e-01 1.349102081617660360e+03
-4.557910068525356517e-01 3.770895593870252638e-01 -5.923293370118303756e+02
-2.244723236685061858e-03 -4.895313557122397600e-05 1.000000000000000000e+00
DSC_8468.JPG_max_x: 1096.7
DSC_8468.JPG_min_x: 591.671
DSC_8468.JPG_max_y: 1968.75
DSC_8468.JPG_min_y: 908.69
DSC_8469.JPG_max_x: 1302.51
DSC_8469.JPG_min_x: 800.499
DSC_8469.JPG_max_y: 889.628
DSC_8469.JPG_min_y: 193.005
