3.796751469850223604e-01 -2.611118617517907969e-01 1.400766459244324835e+02
-2.064360262240424182e-01 6.026061129717902309e-03 1.259663114816722555e+03
-1.703631171366396435e-04 -2.649109144874122650e-04 1.000000000000000000e+00
DSC_8321.JPG_max_x: 1169.03
DSC_8321.JPG_min_x: 485.981
DSC_8321.JPG_max_y: 797.053
DSC_8321.JPG_min_y: 17.1586
DSC_8414.JPG_max_x: 698.025
DSC_8414.JPG_min_x: 160.131
DSC_8414.JPG_max_y: 1641.08
DSC_8414.JPG_min_y: 1264.52
