1.829595506446284991e+00 9.767011472799843608e-01 -1.171852516382921976e+03
-8.749199923101132897e-03 1.963161915608709451e+00 -2.413119817550793869e+03
5.289580341699057014e-05 2.323710772377177017e-04 1.000000000000000000e+00
DSC_8202.JPG_max_x: 683.445
DSC_8202.JPG_min_x: 303.082
DSC_8202.JPG_max_y: 1946.69
DSC_8202.JPG_min_y: 1449.73
DSC_8223.JPG_max_x: 1318.2
DSC_8223.JPG_min_x: 756.048
DSC_8223.JPG_max_y: 943.683
DSC_8223.JPG_min_y: 315.036
