-2.048156761612026366e-01 -2.484713850276208669e-02 2.510750355164648511e+02
-8.771723035406886471e-01 -3.448028271809532863e-01 1.152888627150280627e+03
-9.147343313119656559e-04 -1.116956026868102419e-04 1.000000000000000000e+00
DSC_8214.JPG_max_x: 1327.11
DSC_8214.JPG_min_x: 1140.3
DSC_8214.JPG_max_y: 1167.49
DSC_8214.JPG_min_y: 458.826
DSC_8216.JPG_max_x: 775.143
DSC_8216.JPG_min_x: 5.00906
DSC_8216.JPG_max_y: 1287.59
DSC_8216.JPG_min_y: 610.879
