3.508674806933049228e-01 -8.642450860882759157e-05 8.117045240247498441e+02
-2.892350511229341281e-01 7.080044295044418678e-01 4.479119315668992840e+02
-2.359904243326769015e-04 -4.481949659052944534e-05 1.000000000000000000e+00
DSC_8404.JPG_max_x: 691.976
DSC_8404.JPG_min_x: 49.2851
DSC_8404.JPG_max_y: 1672.6
DSC_8404.JPG_min_y: 744.307
DSC_8422.JPG_max_x: 1329.11
DSC_8422.JPG_min_x: 867.206
DSC_8422.JPG_max_y: 1856.54
DSC_8422.JPG_min_y: 974.185
