1.385071858556348845e+00 -2.737000942049724328e-01 -2.730705150366140401e+02
1.025877918031398578e-01 7.090433245954471664e-01 9.867062844615782069e+02
6.282643834537544403e-05 -3.861570915649559037e-04 1.000000000000000000e+00
DSC_8399.JPG_max_x: 884.636
DSC_8399.JPG_min_x: 337.299
DSC_8399.JPG_max_y: 570.577
DSC_8399.JPG_min_y: 11.1535
DSC_8432.JPG_max_x: 908.169
DSC_8432.JPG_min_x: 164.191
DSC_8432.JPG_max_y: 1773.05
DSC_8432.JPG_min_y: 1027.45
