-5.830865087327524066e+00 7.071530044222636313e+00 8.364010096096050120e+02
-1.159507310605624575e+01 1.427780057284448212e+01 1.567865195667902071e+03
-7.890349684752853004e-03 9.824570736407894217e-03 1.000000000000000000e+00
DSC_8409.JPG_max_x: 1144.21
DSC_8409.JPG_min_x: 400.774
DSC_8409.JPG_max_y: 775.741
DSC_8409.JPG_min_y: 193.457
DSC_8440.JPG_max_x: 1172.97
DSC_8440.JPG_min_x: 526.563
DSC_8440.JPG_max_y: 1571.54
DSC_8440.JPG_min_y: 1025.92
