7.242273471585647382e-01 2.047959573445697623e-01 4.488177184059455840e+02
-4.160494322469347056e-02 9.552823525974638574e-01 -1.037666126468496088e+02
-1.556371776468521719e-04 1.879115958103934781e-04 1.000000000000000000e+00
DSC_8443.JPG_max_x: 980.764
DSC_8443.JPG_min_x: 21.9621
DSC_8443.JPG_max_y: 844.242
DSC_8443.JPG_min_y: 139.863
DSC_8455.JPG_max_x: 1330.43
DSC_8455.JPG_min_x: 512.982
DSC_8455.JPG_max_y: 662.097
DSC_8455.JPG_min_y: 15.2264
