-4.011551947457705936e+00 -1.213225660611873868e+00 4.006012482390463902e+03
3.461185422523209709e-01 -3.103086473981010673e+00 2.562066525294043004e+03
-4.715779856072228318e-04 -1.459935887678507401e-03 1.000000000000000000e+00
DSC_8298.JPG_max_x: 1052.79
DSC_8298.JPG_min_x: 645.773
DSC_8298.JPG_max_y: 1310.69
DSC_8298.JPG_min_y: 955.309
DSC_8405.JPG_max_x: 1302.36
DSC_8405.JPG_min_x: 122.242
DSC_8405.JPG_max_y: 982.295
DSC_8405.JPG_min_y: 146.236
