4.114752389002195310e-01 -1.380709097319077483e-01 8.882511736177854118e+02
-2.457135578554681954e-01 9.406654145690709345e-01 5.028898766522277697e+02
-2.589361504406217950e-04 1.072747922070110539e-04 1.000000000000000000e+00
DSC_8322.JPG_max_x: 822.137
DSC_8322.JPG_min_x: 37.5399
DSC_8322.JPG_max_y: 1512.35
DSC_8322.JPG_min_y: 597.064
DSC_8366.JPG_max_x: 1319.5
DSC_8366.JPG_min_x: 769.156
DSC_8366.JPG_max_y: 1731.03
DSC_8366.JPG_min_y: 1012.87
