7.033727889816365764e-01 6.294626925037311027e-02 -2.362172732651457920e+02
-8.943405041479855766e-02 8.100882463729177640e-01 3.881896910795450708e+02
-1.683799680543781902e-04 7.678808880039082534e-05 1.000000000000000000e+00
DSC_8261.JPG_max_x: 1247.28
DSC_8261.JPG_min_x: 368.393
DSC_8261.JPG_max_y: 694.866
DSC_8261.JPG_min_y: 207.681
DSC_8457.JPG_max_x: 802.804
DSC_8457.JPG_min_x: 58.3913
DSC_8457.JPG_max_y: 958.925
DSC_8457.JPG_min_y: 550.416
