6.110131867219363855e+00 2.122681477260760285e+00 -4.115915257040986944e+03
-3.082890270706294400e-01 7.457341901286825170e+00 -9.571951694296953065e+03
8.623551356125782751e-05 2.891525107853704524e-03 1.000000000000000000e+00
DSC_8232.JPG_max_x: 1078.59
DSC_8232.JPG_min_x: 179.149
DSC_8232.JPG_max_y: 1935.49
DSC_8232.JPG_min_y: 1315.55
DSC_8233.JPG_max_x: 1009.82
DSC_8233.JPG_min_x: 45.2107
DSC_8233.JPG_max_y: 667.481
DSC_8233.JPG_min_y: 15.4558
