7.757235390928522989e-01 4.317522112072530796e-03 1.235200534361000990e+02
4.326149191475976014e-02 7.087389265760791757e-01 2.770674159268863264e+02
6.285018072252082047e-05 -2.147924277242685870e-05 1.000000000000000000e+00
DSC_8330.JPG_max_x: 1284.11
DSC_8330.JPG_min_x: 13.369
DSC_8330.JPG_max_y: 1977.13
DSC_8330.JPG_min_y: 565.269
DSC_8232.JPG_max_x: 1055.29
DSC_8232.JPG_min_x: 150.012
DSC_8232.JPG_max_y: 1713.75
DSC_8232.JPG_min_y: 686.03
