1.382409796715513561e+00 -6.681284264814086882e-01 4.769530461626609394e+02
9.591522342507237120e-01 -5.574929117003002421e-01 4.217118781543009618e+02
2.602663610340166279e-03 -1.321474085110912024e-03 9.999999999999998890e-01
DSC_8200.JPG_max_x: 1293.01
DSC_8200.JPG_min_x: 85.7765
DSC_8200.JPG_max_y: 1502.16
DSC_8200.JPG_min_y: 887.616
DSC_8447.JPG_max_x: 1041.87
DSC_8447.JPG_min_x: 275.103
DSC_8447.JPG_max_y: 1525.65
DSC_8447.JPG_min_y: 297.463
