6.687778695925552519e+00 3.108735823075464477e+00 -4.577205764181975610e+03
-9.099762120536271093e-01 8.425482139031188922e+00 -8.937825505812537813e+03
-4.158246969808465404e-04 4.037070214938092740e-03 1.000000000000000000e+00
DSC_8366.JPG_max_x: 1328.09
DSC_8366.JPG_min_x: 89.5392
DSC_8366.JPG_max_y: 1850.75
DSC_8366.JPG_min_y: 1221.83
DSC_8367.JPG_max_x: 1328.07
DSC_8367.JPG_min_x: 66.0114
DSC_8367.JPG_max_y: 726.83
DSC_8367.JPG_min_y: 166.611
