3.912166063954983231e-01 -2.670908950251918434e-01 1.139861062400175570e+03
-8.006787309828141685e-01 1.241358036023980649e+00 1.307221050822775226e+02
-7.727897381940267022e-04 -1.316219660114982841e-04 9.999999999999998890e-01
DSC_8280.JPG_max_x: 187.611
DSC_8280.JPG_min_x: 56.4718
DSC_8280.JPG_max_y: 976.036
DSC_8280.JPG_min_y: 365.54
DSC_8458.JPG_max_x: 1319.61
DSC_8458.JPG_min_x: 1132.9
DSC_8458.JPG_max_y: 1583.99
DSC_8458.JPG_min_y: 557.862
