-3.615895698703031069e+00 -1.862955791188921406e+00 3.249072107449650048e+03
7.943639206962342936e-01 -6.175005258237927563e+00 6.231227582319011162e+03
5.307437667654445104e-04 -4.920424558473755587e-03 9.999999999999998890e-01
DSC_8352.JPG_max_x: 1316.68
DSC_8352.JPG_min_x: 662.499
DSC_8352.JPG_max_y: 1752.49
DSC_8352.JPG_min_y: 1257.37
DSC_8381.JPG_max_x: 821.878
DSC_8381.JPG_min_x: 306.131
DSC_8381.JPG_max_y: 524.907
DSC_8381.JPG_min_y: 136.711
