9.583233548373737420e-01 -2.429565357770856748e-01 2.527031048868591938e+02
2.599372698138178728e-01 8.905249238386074573e-02 1.233105616601000747e+03
1.307577395468821028e-04 -4.774459644518473851e-04 1.000000000000000000e+00
DSC_8381.JPG_max_x: 1155.98
DSC_8381.JPG_min_x: 136.908
DSC_8381.JPG_max_y: 654.231
DSC_8381.JPG_min_y: 117.915
DSC_8396.JPG_max_x: 1323.88
DSC_8396.JPG_min_x: 397.125
DSC_8396.JPG_max_y: 1881.73
DSC_8396.JPG_min_y: 1343.22
