-2.125417688217079437e+00 3.053962737819641560e-01 1.261897948906361080e+03
-1.989588613242307513e+00 9.886667808038472893e-01 5.806959449421528063e+01
-1.878637344635237074e-03 2.602009538019919052e-04 1.000000000000000000e+00
DSC_8242.JPG_max_x: 1208.48
DSC_8242.JPG_min_x: 50.2416
DSC_8242.JPG_max_y: 1906.11
DSC_8242.JPG_min_y: 552.714
DSC_8306.JPG_max_x: 1325.12
DSC_8306.JPG_min_x: 1025.93
DSC_8306.JPG_max_y: 1600.34
DSC_8306.JPG_min_y: 658.522
