-3.119419129715743644e-01 -4.820889055529374856e-01 8.569859423582524869e+02
5.807080131564147651e-02 -8.219989541608482275e-01 7.748050895259127628e+02
-2.635652338057474422e-04 -7.436584847236043681e-04 1.000000000000000000e+00
DSC_8218.JPG_max_x: 1319.42
DSC_8218.JPG_min_x: 1097.33
DSC_8218.JPG_max_y: 1712.04
DSC_8218.JPG_min_y: 770.54
DSC_8319.JPG_max_x: 1194.86
DSC_8319.JPG_min_x: 48.7236
DSC_8319.JPG_max_y: 1371.29
DSC_8319.JPG_min_y: 91.3988
