3.828427289965095071e-01 5.475108036672852313e-02 3.717129444124378210e+02
-1.022322736593031800e-01 6.744418894155128630e-01 1.137089599789468139e+03
-1.110380061243582665e-04 2.434258039210114067e-04 9.999999999999998890e-01
DSC_8227.JPG_max_x: 1299.55
DSC_8227.JPG_min_x: 42.2549
DSC_8227.JPG_max_y: 914.19
DSC_8227.JPG_min_y: 168.513
DSC_8474.JPG_max_x: 947.999
DSC_8474.JPG_min_x: 380.336
DSC_8474.JPG_max_y: 1444.11
DSC_8474.JPG_min_y: 1224.85
