1.697767155023090835e+00 -9.125358221115311252e+00 5.975235243055596584e+03
6.586459395882108936e+00 -1.482172696366552600e+01 1.225682814290991337e+04
1.415707353668869094e-02 -1.182631615210176686e-02 1.000000000000000000e+00
DSC_8218.JPG_max_x: 1203.06
DSC_8218.JPG_min_x: 2.1145
DSC_8218.JPG_max_y: 1876.16
DSC_8218.JPG_min_y: 822.606
DSC_8377.JPG_max_x: 821.764
DSC_8377.JPG_min_x: 21.1371
DSC_8377.JPG_max_y: 967.338
DSC_8377.JPG_min_y: 41.529
