6.786249379607739440e-01 -1.315085865758057384e-03 2.315952982704464489e+02
3.277924077106068868e-02 6.528877642239135914e-01 2.294502829788527833e+02
2.742487956530430515e-05 2.416934677606205389e-06 1.000000000000000000e+00
DSC_8270.JPG_max_x: 1272.11
DSC_8270.JPG_min_x: 472.456
DSC_8270.JPG_max_y: 1705.63
DSC_8270.JPG_min_y: 1145.26
DSC_8320.JPG_max_x: 1049.26
DSC_8320.JPG_min_x: 544.497
DSC_8320.JPG_max_y: 1329.03
DSC_8320.JPG_min_y: 981.276
