3.160829422185386761e+00 -1.969617668589317416e+00 3.608337021232623101e+03
2.849814958457928468e-02 6.544395616186315046e+00 -7.147995121937411568e+03
-2.137122620206303395e-03 1.982366316178160639e-03 1.000000000000000000e+00
DSC_8198.JPG_max_x: 795.829
DSC_8198.JPG_min_x: 67.9591
DSC_8198.JPG_max_y: 1949.98
DSC_8198.JPG_min_y: 1400.73
DSC_8315.JPG_max_x: 867.1
DSC_8315.JPG_min_x: 123.106
DSC_8315.JPG_max_y: 1706.23
DSC_8315.JPG_min_y: 668.134
