7.150414475140519643e-01 -2.723610180600062325e-01 5.651279169657790362e+02
1.238259903326956041e-01 8.551043590094049573e-01 1.496148085595960708e+02
-1.198000383920007990e-04 -6.133112716083475853e-05 1.000000000000000000e+00
DSC_8313.JPG_max_x: 992.993
DSC_8313.JPG_min_x: 398.641
DSC_8313.JPG_max_y: 1224.9
DSC_8313.JPG_min_y: 50.1271
DSC_8441.JPG_max_x: 1285.46
DSC_8441.JPG_min_x: 709.544
DSC_8441.JPG_max_y: 1625.63
DSC_8441.JPG_min_y: 318.031
