1.214563118907839634e+00 1.786132811234952267e-01 -3.174432760697939671e+02
2.061085914423252743e-02 1.439638560636492759e+00 2.900320340156436032e+02
-1.165012390650085948e-04 2.348252047287358924e-04 9.999999999999998890e-01
DSC_8237.JPG_max_x: 1216.64
DSC_8237.JPG_min_x: 229.071
DSC_8237.JPG_max_y: 833.255
DSC_8237.JPG_min_y: 151.497
DSC_8253.JPG_max_x: 1313.89
DSC_8253.JPG_min_x: 4.4818
DSC_8253.JPG_max_y: 1274.26
DSC_8253.JPG_min_y: 530.356
