5.170066603372283076e-01 -2.460064774521801556e-01 8.883948854465296563e+02
-2.916552649006866060e-01 7.082892460259001544e-01 1.888938621867515621e+02
-3.670454430747255976e-04 -8.914845912137619251e-05 9.999999999999998890e-01
DSC_8260.JPG_max_x: 597.92
DSC_8260.JPG_min_x: 14.8047
DSC_8260.JPG_max_y: 1737.28
DSC_8260.JPG_min_y: 520.053
DSC_8308.JPG_max_x: 1326.7
DSC_8308.JPG_min_x: 459.303
DSC_8308.JPG_max_y: 1642.65
DSC_8308.JPG_min_y: 525.013
