1.284297305324560545e+00 -2.973566631668639326e-02 6.139650095801949981e+00
3.113637561558057487e-01 9.789453628469001467e-01 -1.424860192405247794e+01
2.983100929536699705e-04 3.371160044291540811e-04 1.000000000000000000e+00
DSC_8231.JPG_max_x: 1323.11
DSC_8231.JPG_min_x: 16.1877
DSC_8231.JPG_max_y: 1063.62
DSC_8231.JPG_min_y: 5.57455
DSC_8263.JPG_max_x: 1266.94
DSC_8263.JPG_min_x: 81.9385
DSC_8263.JPG_max_y: 840.05
DSC_8263.JPG_min_y: 72.4565
