7.850066649919903439e-01 5.501805196038349333e-02 2.900956426438003746e+02
1.095100259653013774e-01 3.919937371729876330e-01 5.240513637388389725e+02
5.473660596959347904e-05 -1.961728315627886442e-04 1.000000000000000000e+00
DSC_8204.JPG_max_x: 654.115
DSC_8204.JPG_min_x: 133.293
DSC_8204.JPG_max_y: 1879.53
DSC_8204.JPG_min_y: 1444.38
DSC_8208.JPG_max_x: 1306.31
DSC_8208.JPG_min_x: 667.434
DSC_8208.JPG_max_y: 1990.06
DSC_8208.JPG_min_y: 1523.45
