8.752095165831413892e-01 -3.559250125952047039e-01 9.427004296493512356e+02
2.968137569950222709e-01 1.080440270341884057e+00 -2.136750439189363249e+02
-4.949450802336879918e-05 1.976024417012953139e-04 1.000000000000000000e+00
DSC_8341.JPG_max_x: 812.81
DSC_8341.JPG_min_x: 75.5116
DSC_8341.JPG_max_y: 1437.32
DSC_8341.JPG_min_y: 414.882
DSC_8395.JPG_max_x: 1212.12
DSC_8395.JPG_min_x: 620.409
DSC_8395.JPG_max_y: 1180.27
DSC_8395.JPG_min_y: 316.133
