-8.829860832931075709e-01 1.561380577691413862e-01 1.306185414439321676e+03
1.025523723076442906e+00 -2.048536627974399504e+00 1.272731272999025578e+03
1.230732238166251918e-03 -2.246497410552098905e-03 1.000000000000000000e+00
DSC_8197.JPG_max_x: 1328.74
DSC_8197.JPG_min_x: 567.315
DSC_8197.JPG_max_y: 763.155
DSC_8197.JPG_min_y: 101.546
DSC_8401.JPG_max_x: 940.581
DSC_8401.JPG_min_x: 35.1375
DSC_8401.JPG_max_y: 1291.32
DSC_8401.JPG_min_y: 992.262
