2.501933756956020716e-01 -2.713938107384732956e-01 3.144607606575495993e+02
-3.989886510310975964e-01 3.293213634525760797e-02 1.542614004894509208e+03
-3.653293770413615230e-04 -3.352347053492851195e-04 1.000000000000000000e+00
DSC_8361.JPG_max_x: 518.127
DSC_8361.JPG_min_x: 216.401
DSC_8361.JPG_max_y: 457.436
DSC_8361.JPG_min_y: 55.9614
DSC_8406.JPG_max_x: 533.146
DSC_8406.JPG_min_x: 321.752
DSC_8406.JPG_max_y: 1978.04
DSC_8406.JPG_min_y: 1634.17
