2.888490780733981439e-03 1.643455002612219107e-01 -6.939624321955237463e+01
-9.158767762797230816e-01 7.893657192590456395e-01 1.336463086131520583e+02
-2.261599649617960107e-03 1.012389457665038069e-03 1.000000000000000000e+00
DSC_8236.JPG_max_x: 953.25
DSC_8236.JPG_min_x: 535.595
DSC_8236.JPG_max_y: 1003.45
DSC_8236.JPG_min_y: 670.483
DSC_8290.JPG_max_x: 644.248
DSC_8290.JPG_min_x: 5.78311
DSC_8290.JPG_max_y: 1080.37
DSC_8290.JPG_min_y: 260.948
