1.229606328281615646e+00 1.194609886780279295e-01 -9.186273440552149623e+02
2.943623569544120619e-02 1.092541819714907492e+00 3.261021536411967645e+02
3.859377368266905919e-05 -1.631042023680038264e-04 1.000000000000000000e+00
DSC_8263.JPG_max_x: 1306.05
DSC_8263.JPG_min_x: 819.669
DSC_8263.JPG_max_y: 881.528
DSC_8263.JPG_min_y: 16.0408
DSC_8439.JPG_max_x: 779.933
DSC_8439.JPG_min_x: 38.2926
DSC_8439.JPG_max_y: 1593.36
DSC_8439.JPG_min_y: 372.472
