-9.979662586463074192e-02 -2.464780435703541606e-01 1.162517750033063976e+03
-4.731421565958448539e-01 2.510238770509174433e-01 1.207867439769707062e+03
-4.654328349101881845e-04 -4.049166411377891914e-05 1.000000000000000000e+00
DSC_8229.JPG_max_x: 523.422
DSC_8229.JPG_min_x: 34.2461
DSC_8229.JPG_max_y: 691.196
DSC_8229.JPG_min_y: 231.894
DSC_8454.JPG_max_x: 1313.39
DSC_8454.JPG_min_x: 1041.65
DSC_8454.JPG_max_y: 1524.43
DSC_8454.JPG_min_y: 1284.52
