1.068142497772187838e+00 9.860512049597928985e-02 -3.080344415270323921e+01
9.914433760418746300e-02 1.068891475515092226e+00 7.398316993022979737e+00
1.274466310027284476e-04 -4.462747523305694379e-06 1.000000000000000000e+00
DSC_8270.JPG_max_x: 1326.23
DSC_8270.JPG_min_x: 23.6297
DSC_8270.JPG_max_y: 1902.49
DSC_8270.JPG_min_y: 553.549
DSC_8286.JPG_max_x: 1316.64
DSC_8286.JPG_min_x: 105.722
DSC_8286.JPG_max_y: 1967.59
DSC_8286.JPG_min_y: 544.594
