3.977392237755726923e-01 2.055246999354282469e-02 6.569623615380883166e+02
-4.019926209387720273e-01 6.765732631586064416e-01 1.075336873033061465e+03
-2.469670136137141689e-04 8.872641952678461306e-05 1.000000000000000000e+00
DSC_8253.JPG_max_x: 516.247
DSC_8253.JPG_min_x: 23.4081
DSC_8253.JPG_max_y: 937.618
DSC_8253.JPG_min_y: 567.472
DSC_8350.JPG_max_x: 929.209
DSC_8350.JPG_min_x: 645.61
DSC_8350.JPG_max_y: 1573.89
DSC_8350.JPG_min_y: 1385.54
