6.838233820894117077e-02 3.176687481891816156e-01 1.017538154731180157e+03
-9.731193560363013417e-02 7.815921790276421088e-01 1.317254036326865219e+02
-5.955484926836257737e-04 6.191342190687605532e-04 1.000000000000000000e+00
DSC_8211.JPG_max_x: 667.023
DSC_8211.JPG_min_x: 112.611
DSC_8211.JPG_max_y: 976.734
DSC_8211.JPG_min_y: 451.861
DSC_8413.JPG_max_x: 1173.4
DSC_8413.JPG_min_x: 936.345
DSC_8413.JPG_max_y: 676.926
DSC_8413.JPG_min_y: 424.473
