6.136776761934555680e+00 -4.150583901162860023e+00 1.398513096942727145e+02
1.750993858223536392e+01 -1.115869766979587219e+01 -1.758690627625177854e+02
3.815934065860675933e-02 -2.581721763297314259e-02 1.000000000000000000e+00
DSC_8290.JPG_max_x: 1325.93
DSC_8290.JPG_min_x: 43.6207
DSC_8290.JPG_max_y: 1864.34
DSC_8290.JPG_min_y: 268.282
DSC_8293.JPG_max_x: 918.232
DSC_8293.JPG_min_x: 40.2268
DSC_8293.JPG_max_y: 1429.54
DSC_8293.JPG_min_y: 292.189
