-5.728780082110128680e-01 -3.938251352523449711e-01 6.542524359317490052e+02
-1.165634953497057591e+00 -8.305734900006038757e-01 1.361448540931201023e+03
-8.645279823504012449e-04 -6.040318500503783850e-04 1.000000000000000000e+00
DSC_8257.JPG_max_x: 1174.04
DSC_8257.JPG_min_x: 420.416
DSC_8257.JPG_max_y: 991.099
DSC_8257.JPG_min_y: 269.325
DSC_8396.JPG_max_x: 827.649
DSC_8396.JPG_min_x: 261.98
DSC_8396.JPG_max_y: 1675.17
DSC_8396.JPG_min_y: 1259.13
