5.211342632875559655e-01 -2.225716191311268854e-01 -2.407980420862008089e+02
-1.463360367959302272e-02 1.752808735529016448e-01 1.399380746189605418e+02
-1.826087173134502667e-04 -6.022003325090555552e-04 1.000000000000000000e+00
DSC_8307.JPG_max_x: 1324.98
DSC_8307.JPG_min_x: 721.044
DSC_8307.JPG_max_y: 794.996
DSC_8307.JPG_min_y: 181.592
DSC_8323.JPG_max_x: 1230.65
DSC_8323.JPG_min_x: 101.362
DSC_8323.JPG_max_y: 775.672
DSC_8323.JPG_min_y: 183.539
