1.384515021494327591e+00 -9.157137942550717946e-02 -1.140577619138874297e+03
4.732953873346522067e-01 1.050039052226626080e+00 3.368659215262045592e+01
4.103291725609097018e-04 -1.758330941802812176e-04 1.000000000000000000e+00
DSC_8198.JPG_max_x: 1313.24
DSC_8198.JPG_min_x: 916.854
DSC_8198.JPG_max_y: 1176.43
DSC_8198.JPG_min_y: 776.177
DSC_8378.JPG_max_x: 430.307
DSC_8378.JPG_min_x: 22.9522
DSC_8378.JPG_max_y: 1464.56
DSC_8378.JPG_min_y: 1049.78
