6.198726769490919830e-01 -3.495329573028521652e-02 8.761714766498449762e+02
3.446476396288478683e-01 5.277581133880401287e-01 5.164390131408000570e+02
2.036641821933478315e-04 -1.731481318892135902e-05 9.999999999999998890e-01
DSC_8228.JPG_max_x: 818.236
DSC_8228.JPG_min_x: 103.391
DSC_8228.JPG_max_y: 1765.66
DSC_8228.JPG_min_y: 363.171
DSC_8474.JPG_max_x: 1175.31
DSC_8474.JPG_min_x: 900.199
DSC_8474.JPG_max_y: 1525.63
DSC_8474.JPG_min_y: 744.35
