5.652934144111412262e-01 -4.066188448697460878e-02 -1.944807596337982503e+01
1.709588523534545310e-02 5.587781626252605882e-01 6.695582219993916340e+01
-1.099701905128892566e-04 -9.980662078350824318e-05 9.999999999999998890e-01
DSC_8360.JPG_max_x: 1282.57
DSC_8360.JPG_min_x: 189.065
DSC_8360.JPG_max_y: 1816.56
DSC_8360.JPG_min_y: 1064.65
DSC_8438.JPG_max_x: 867.302
DSC_8438.JPG_min_x: 51.1778
DSC_8438.JPG_max_y: 1456.19
DSC_8438.JPG_min_y: 880.093
