4.995806983905770604e-01 -9.259041766591226408e-02 5.356078484544319451e+01
1.084673874476044719e-03 7.995326093773120757e-01 1.235550016732863924e+03
-3.808153694360447768e-05 2.978309517959053959e-04 1.000000000000000000e+00
DSC_8243.JPG_max_x: 907.798
DSC_8243.JPG_min_x: 20.5918
DSC_8243.JPG_max_y: 558.135
DSC_8243.JPG_min_y: 88.6852
DSC_8474.JPG_max_x: 456.363
DSC_8474.JPG_min_x: 22.6798
DSC_8474.JPG_max_y: 1476.6
DSC_8474.JPG_min_y: 1289.49
