6.419135240760397432e-01 1.274931408366574261e-03 -1.803479969355302259e+01
-1.613105645076427438e-02 6.352725471626654574e-01 4.044914549837797324e+01
-1.936168913601684667e-05 -8.036929090674633982e-05 1.000000000000000000e+00
DSC_8257.JPG_max_x: 1260.82
DSC_8257.JPG_min_x: 85.3679
DSC_8257.JPG_max_y: 931.581
DSC_8257.JPG_min_y: 90.1618
DSC_8307.JPG_max_x: 829.218
DSC_8307.JPG_min_x: 28.2725
DSC_8307.JPG_max_y: 676.199
DSC_8307.JPG_min_y: 80.9921
