-5.492441229522988522e+00 -1.296573918361922040e+00 5.556530489676144498e+03
4.588113304110987695e-02 -6.508059606815655762e+00 3.065180019805464326e+03
4.511690695705695368e-04 -3.615755249020888122e-03 1.000000000000000000e+00
DSC_8312.JPG_max_x: 1247.53
DSC_8312.JPG_min_x: 810.29
DSC_8312.JPG_max_y: 1953.6
DSC_8312.JPG_min_y: 521.644
DSC_8402.JPG_max_x: 1060.37
DSC_8402.JPG_min_x: 86.2927
DSC_8402.JPG_max_y: 1809.05
DSC_8402.JPG_min_y: 625.236
