6.549752239449679880e-01 -1.567081267544070955e-01 -2.201512064253424228e+02
1.237267022578543846e-01 8.752087811720580257e-01 1.534344641627276360e+02
9.389994738233610057e-06 -1.160438677683509100e-04 1.000000000000000000e+00
DSC_8344.JPG_max_x: 1326.94
DSC_8344.JPG_min_x: 1060.42
DSC_8344.JPG_max_y: 1522.44
DSC_8344.JPG_min_y: 517.919
DSC_8406.JPG_max_x: 623.71
DSC_8406.JPG_min_x: 321.752
DSC_8406.JPG_max_y: 1965.11
DSC_8406.JPG_min_y: 794.981
