1.813650299434655278e+00 2.774815433783680563e-01 -2.128146640703384492e+03
1.042508938879350699e+00 1.188163168970915118e+00 6.948627245787423590e+02
8.766756384150871167e-04 -4.176952845360475466e-04 1.000000000000000000e+00
DSC_8325.JPG_max_x: 1317.02
DSC_8325.JPG_min_x: 1069.76
DSC_8325.JPG_max_y: 929.752
DSC_8325.JPG_min_y: 502.066
DSC_8326.JPG_max_x: 262.748
DSC_8326.JPG_min_x: 18.505
DSC_8326.JPG_max_y: 1823.03
DSC_8326.JPG_min_y: 1383.85
