-1.023901837433154327e+01 6.174657895924680062e-01 6.600231545726448530e+03
2.318039348542377809e+00 -3.605981818291382979e+00 4.278616357101273024e+02
-3.428311707201152532e-03 -4.793440051798126926e-03 1.000000000000000000e+00
DSC_8404.JPG_max_x: 1293.2
DSC_8404.JPG_min_x: 750.447
DSC_8404.JPG_max_y: 1865.37
DSC_8404.JPG_min_y: 977.514
DSC_8421.JPG_max_x: 774.979
DSC_8421.JPG_min_x: 3.93655
DSC_8421.JPG_max_y: 493.897
DSC_8421.JPG_min_y: 66.2559
