5.090006032143490344e+00 1.432776726984882343e+00 -2.813585191899554957e+03
2.113159184665086565e-02 6.210234431201290484e+00 -7.992046108834965708e+03
-3.650679225167651875e-04 1.867916347349055399e-03 1.000000000000000000e+00
DSC_8220.JPG_max_x: 952.891
DSC_8220.JPG_min_x: 265.009
DSC_8220.JPG_max_y: 1592.49
DSC_8220.JPG_min_y: 1334.53
DSC_8237.JPG_max_x: 1233.69
DSC_8237.JPG_min_x: 196.776
DSC_8237.JPG_max_y: 493.97
DSC_8237.JPG_min_y: 93.8393
