1.332149966612440117e+00 -3.106411381929383153e-01 -1.058071175546406693e+02
9.226928372361707653e-02 6.753896736274065393e-01 9.620028092607981307e+02
3.097083958396986217e-05 -3.821147150341007437e-04 1.000000000000000000e+00
DSC_8365.JPG_max_x: 985.255
DSC_8365.JPG_min_x: 220.079
DSC_8365.JPG_max_y: 602.281
DSC_8365.JPG_min_y: 16.4948
DSC_8432.JPG_max_x: 1239.33
DSC_8432.JPG_min_x: 164.191
DSC_8432.JPG_max_y: 1807.66
DSC_8432.JPG_min_y: 1008.86
