-9.045745202314106614e-02 -1.179809742713065907e-01 1.226737292139791862e+02
-1.119966569997856265e+00 -1.509500221319474589e+00 1.535361399307615329e+03
-7.372556374623496448e-04 -9.606025851940673196e-04 1.000000000000000000e+00
DSC_8233.JPG_max_x: 931.707
DSC_8233.JPG_min_x: 394.239
DSC_8233.JPG_max_y: 711.945
DSC_8233.JPG_min_y: 40.8216
DSC_8348.JPG_max_x: 175.205
DSC_8348.JPG_min_x: 66.2155
DSC_8348.JPG_max_y: 1820.71
DSC_8348.JPG_min_y: 735.983
