9.064078915713508211e-01 5.565421004088344503e-01 -9.205664322350495468e+02
-5.452255326397167923e-02 9.079229540905926488e-01 4.331364475556893012e+02
3.311421509918923648e-04 3.119579227963355694e-04 1.000000000000000000e+00
DSC_8209.JPG_max_x: 1284.56
DSC_8209.JPG_min_x: 596.407
DSC_8209.JPG_max_y: 865.283
DSC_8209.JPG_min_y: 291.048
DSC_8325.JPG_max_x: 360.762
DSC_8325.JPG_min_x: 21.5334
DSC_8325.JPG_max_y: 809.151
DSC_8325.JPG_min_y: 456.471
