-1.368247281123350811e+00 -5.160435468746130128e-02 1.197932665378996035e+03
-1.619215016181311473e+00 -6.916054470407173582e-01 1.795811519964445779e+03
-1.136550723745317643e-03 -1.616070580771032390e-04 1.000000000000000000e+00
DSC_8262.JPG_max_x: 1324.58
DSC_8262.JPG_min_x: 468.825
DSC_8262.JPG_max_y: 894.131
DSC_8262.JPG_min_y: 530.409
DSC_8402.JPG_max_x: 1315.91
DSC_8402.JPG_min_x: 83.8797
DSC_8402.JPG_max_y: 1820.34
DSC_8402.JPG_min_y: 649.485
