3.311334894655350691e+00 9.149143284856954272e-01 1.798635413638732416e+03
1.644811507439680076e+00 1.134489402070306419e+01 -1.624533342108595207e+03
1.721846775765339466e-04 3.912025303652507183e-03 1.000000000000000000e+00
DSC_8327.JPG_max_x: 358.857
DSC_8327.JPG_min_x: 22.3177
DSC_8327.JPG_max_y: 945.087
DSC_8327.JPG_min_y: 511.144
DSC_8426.JPG_max_x: 962.268
DSC_8426.JPG_min_x: 609.405
DSC_8426.JPG_max_y: 1979.58
DSC_8426.JPG_min_y: 1484.43
