-3.498746656773075725e-01 -7.592274047502064471e-01 1.144047944364097930e+03
-2.450877534763096222e-01 -5.700630507220898480e-01 9.165561829782511722e+02
-4.409960266041035542e-04 -6.040041777625638911e-04 1.000000000000000000e+00
DSC_8257.JPG_max_x: 677.068
DSC_8257.JPG_min_x: 79.0575
DSC_8257.JPG_max_y: 1443.74
DSC_8257.JPG_min_y: 220.074
DSC_8336.JPG_max_x: 1329.33
DSC_8336.JPG_min_x: 253.136
DSC_8336.JPG_max_y: 1274.06
DSC_8336.JPG_min_y: 656.609
