7.750401769341598301e-01 1.520604110111996830e-02 5.785995491969194973e+02
-1.462135313868888342e-01 9.940411797035636488e-01 3.203862720085995193e+02
-2.514511813597455556e-04 1.246945328419064576e-04 1.000000000000000000e+00
DSC_8221.JPG_max_x: 537.32
DSC_8221.JPG_min_x: 144.628
DSC_8221.JPG_max_y: 725.008
DSC_8221.JPG_min_y: 212.815
DSC_8417.JPG_max_x: 1107.52
DSC_8417.JPG_min_x: 688.527
DSC_8417.JPG_max_y: 989.086
DSC_8417.JPG_min_y: 517.3
