5.073072644884325300e+00 -3.939617631488497307e-01 -5.064439872295680289e+03
4.751230508239361328e+00 4.422861998894949132e+00 -3.621105233106289688e+03
3.829876250132548208e-03 -7.012470487352956416e-04 1.000000000000000000e+00
DSC_8296.JPG_max_x: 1295.53
DSC_8296.JPG_min_x: 1098.62
DSC_8296.JPG_max_y: 1153.4
DSC_8296.JPG_min_y: 391.484
DSC_8458.JPG_max_x: 227.544
DSC_8458.JPG_min_x: 35.9075
DSC_8458.JPG_max_y: 1502.16
DSC_8458.JPG_min_y: 708.612
