1.004880429935601560e+00 -3.120018595578539222e-01 -2.847942681172494872e+02
2.021662048068865181e-01 5.186399137099463319e-01 3.584718194617317977e+02
1.432004594520219581e-04 -3.609783604367286123e-04 9.999999999999998890e-01
DSC_8294.JPG_max_x: 1309.03
DSC_8294.JPG_min_x: 643.307
DSC_8294.JPG_max_y: 1311.29
DSC_8294.JPG_min_y: 499.746
DSC_8442.JPG_max_x: 877.731
DSC_8442.JPG_min_x: 37.7459
DSC_8442.JPG_max_y: 1828.84
DSC_8442.JPG_min_y: 857.008
