-8.473069310384648833e-01 -5.273068072826548880e-01 1.006300132722392277e+03
-1.776447805989622930e+00 -9.504540806085451377e-02 8.921823372266015895e+02
-1.132630805189244628e-03 -4.242638878377326134e-04 1.000000000000000000e+00
DSC_8378.JPG_max_x: 1247.13
DSC_8378.JPG_min_x: 299.125
DSC_8378.JPG_max_y: 1463.96
DSC_8378.JPG_min_y: 1045.61
DSC_8462.JPG_max_x: 1301.05
DSC_8462.JPG_min_x: 761.511
DSC_8462.JPG_max_y: 1545.85
DSC_8462.JPG_min_y: 999.28
