9.240239645342283037e-01 1.579045714523368005e-01 2.210904867843582622e+02
1.109376194194226922e-01 6.582375272393365950e-01 1.818760979843147823e+02
2.590711209706245632e-04 5.794012932307502598e-05 9.999999999999998890e-01
DSC_8243.JPG_max_x: 1241.63
DSC_8243.JPG_min_x: 341.026
DSC_8243.JPG_max_y: 565.494
DSC_8243.JPG_min_y: 81.9186
DSC_8275.JPG_max_x: 1038.1
DSC_8275.JPG_min_x: 532.629
DSC_8275.JPG_max_y: 503.344
DSC_8275.JPG_min_y: 257.516
