1.811844814180014529e+00 4.221272829621918188e-01 -3.935532454192058935e+02
-7.813143659374044425e-02 1.986119859129209964e+00 -2.039411274172020740e+03
4.339435881941092253e-05 4.701307001772340359e-04 1.000000000000000000e+00
DSC_8200.JPG_max_x: 727.962
DSC_8200.JPG_min_x: 118.825
DSC_8200.JPG_max_y: 1532.05
DSC_8200.JPG_min_y: 1057.3
DSC_8379.JPG_max_x: 894.473
DSC_8379.JPG_min_x: 196.32
DSC_8379.JPG_max_y: 539.007
DSC_8379.JPG_min_y: 12.8961
