9.066915984857901734e-01 -6.796205980950055237e-01 3.031378903447822282e+01
1.636052456331795968e+00 -2.897072493154253525e+00 8.504129359433379705e+02
9.764492087063643671e-04 -2.480136377691679554e-03 9.999999999999998890e-01
DSC_8321.JPG_max_x: 1267.23
DSC_8321.JPG_min_x: 470.967
DSC_8321.JPG_max_y: 797.053
DSC_8321.JPG_min_y: 16.3527
DSC_8352.JPG_max_x: 1214.69
DSC_8352.JPG_min_x: 66.0907
DSC_8352.JPG_max_y: 1464.13
DSC_8352.JPG_min_y: 1088.23
