1.641215699763048264e+00 -1.698337456554954716e-01 -5.646920751121556492e+01
3.059521468353587070e-01 6.930024229035024463e-01 1.082864482361518981e+02
7.489188277323088026e-04 -2.463507964634013055e-04 1.000000000000000000e+00
DSC_8341.JPG_max_x: 1197.25
DSC_8341.JPG_min_x: 460.24
DSC_8341.JPG_max_y: 1285.17
DSC_8341.JPG_min_y: 31.1153
DSC_8443.JPG_max_x: 1064.05
DSC_8443.JPG_min_x: 543.736
DSC_8443.JPG_max_y: 961.258
DSC_8443.JPG_min_y: 189.892
