4.736437122994606064e+00 7.865693985593140702e+00 -3.570379287656758606e+03
-1.272671808505600799e+00 2.208582932352850747e+01 -7.989718528802126229e+02
-1.723349251154571420e-03 2.884022716643174986e-02 1.000000000000000000e+00
DSC_8227.JPG_max_x: 1299.55
DSC_8227.JPG_min_x: 397.516
DSC_8227.JPG_max_y: 584.745
DSC_8227.JPG_min_y: 158.159
DSC_8427.JPG_max_x: 713.345
DSC_8427.JPG_min_x: 13.5549
DSC_8427.JPG_max_y: 857.041
DSC_8427.JPG_min_y: 465.034
