7.756916290129467484e-01 -1.275986431596188853e-01 3.574384210304825729e+02
9.641794266772533983e-02 6.282145032719088640e-01 5.453293186682685700e+02
7.532893823045527652e-05 -1.407024428138898945e-04 1.000000000000000000e+00
DSC_8348.JPG_max_x: 1326.81
DSC_8348.JPG_min_x: 13.7667
DSC_8348.JPG_max_y: 1558.04
DSC_8348.JPG_min_y: 507.646
DSC_8400.JPG_max_x: 1330.75
DSC_8400.JPG_min_x: 288.577
DSC_8400.JPG_max_y: 1938.68
DSC_8400.JPG_min_y: 952.601
