5.650342848936504403e+00 -5.270840377246661657e-01 -2.376909829456676562e+03
4.009745966365925618e+00 4.755870606115225385e+00 -3.906201015433025077e+03
3.350184175615597559e-03 -8.556775010347373537e-04 1.000000000000000000e+00
DSC_8350.JPG_max_x: 1077.93
DSC_8350.JPG_min_x: 615.404
DSC_8350.JPG_max_y: 1104.29
DSC_8350.JPG_min_y: 818.949
DSC_8470.JPG_max_x: 837.136
DSC_8470.JPG_min_x: 258.957
DSC_8470.JPG_max_y: 1765.97
DSC_8470.JPG_min_y: 1065.98
