6.362699413845218643e-01 -2.057463112950121964e-01 2.374955467294046798e+02
-7.605508499140845036e-02 7.544082293743302747e-01 1.055779429274066615e+03
-1.001352560366902786e-04 8.859357266247291300e-05 1.000000000000000000e+00
DSC_8227.JPG_max_x: 1067.3
DSC_8227.JPG_min_x: 19.0108
DSC_8227.JPG_max_y: 689.163
DSC_8227.JPG_min_y: 226.921
DSC_8324.JPG_max_x: 863.508
DSC_8324.JPG_min_x: 148.557
DSC_8324.JPG_max_y: 1565.88
DSC_8324.JPG_min_y: 1242.87
