5.075923584946550049e-01 -2.081307016637232998e-01 2.327455549476097190e+02
-4.065601035876267866e-02 2.189292294637708025e-01 1.038752602359583534e+03
-5.302435183578161146e-05 -2.461114108423211847e-04 1.000000000000000000e+00
DSC_8231.JPG_max_x: 1323.11
DSC_8231.JPG_min_x: 192.311
DSC_8231.JPG_max_y: 1063.62
DSC_8231.JPG_min_y: 193.166
DSC_8262.JPG_max_x: 1019.13
DSC_8262.JPG_min_x: 219.709
DSC_8262.JPG_max_y: 1808.25
DSC_8262.JPG_min_y: 1137.65
