6.130130390292248821e-01 -1.261263558194095191e+00 9.792296523844870535e+02
2.649954990471695138e-01 -1.630571964695619880e-01 2.525882715194557022e+02
7.068315072826743316e-05 -9.508049844207288248e-04 9.999999999999998890e-01
DSC_8261.JPG_max_x: 682.444
DSC_8261.JPG_min_x: 75.2489
DSC_8261.JPG_max_y: 761.86
DSC_8261.JPG_min_y: 234.547
DSC_8455.JPG_max_x: 1323.63
DSC_8455.JPG_min_x: 435.933
DSC_8455.JPG_max_y: 787.703
DSC_8455.JPG_min_y: 330.98
