-5.049297546859592423e-01 -6.596381511667879227e-01 1.104401562670905378e+03
2.294652835842827046e-02 -7.803017034614654346e-01 7.130681953633283001e+02
-3.407071432143142032e-04 -9.883984508526832361e-04 1.000000000000000000e+00
DSC_8336.JPG_max_x: 1329.33
DSC_8336.JPG_min_x: 515.461
DSC_8336.JPG_max_y: 1452.33
DSC_8336.JPG_min_y: 984.891
DSC_8473.JPG_max_x: 567.742
DSC_8473.JPG_min_x: 189.001
DSC_8473.JPG_max_y: 700.386
DSC_8473.JPG_min_y: 88.7791
