-1.733972617368656266e+00 1.463528013704643360e+00 9.177446792682889054e+02
-1.552552340058595659e+00 1.697065092505809725e+00 4.127516410979238231e+02
-2.041892760414172180e-03 1.649160581486599966e-03 1.000000000000000000e+00
DSC_8263.JPG_max_x: 1312.37
DSC_8263.JPG_min_x: 215.107
DSC_8263.JPG_max_y: 1184.62
DSC_8263.JPG_min_y: 182.185
DSC_8297.JPG_max_x: 1308.32
DSC_8297.JPG_min_x: 110.952
DSC_8297.JPG_max_y: 1353.71
DSC_8297.JPG_min_y: 71.9867
