6.479823610348166563e-01 -1.052472079327576165e-01 1.231405428598847465e+02
-4.701615432266975647e-02 6.121049805503188113e-01 9.883059667211136912e+02
-6.406647133261134726e-05 -1.176654264585887142e-05 1.000000000000000000e+00
DSC_8309.JPG_max_x: 1223.52
DSC_8309.JPG_min_x: 40.4356
DSC_8309.JPG_max_y: 881.753
DSC_8309.JPG_min_y: 345.36
DSC_8474.JPG_max_x: 944.068
DSC_8474.JPG_min_x: 103.909
DSC_8474.JPG_max_y: 1555.58
DSC_8474.JPG_min_y: 1221.36
