-5.870943797882770099e+00 -1.330085976235742207e+00 6.631318584158667363e+03
1.860559663681471687e-01 -6.063773434604571300e+00 6.178065287169290968e+03
-1.563369081692867315e-03 -1.886421563614196217e-03 9.999999999999998890e-01
DSC_8234.JPG_max_x: 1293.74
DSC_8234.JPG_min_x: 858.075
DSC_8234.JPG_max_y: 1329.33
DSC_8234.JPG_min_y: 1092.46
DSC_8449.JPG_max_x: 776.298
DSC_8449.JPG_min_x: 12.3679
DSC_8449.JPG_max_y: 495.479
DSC_8449.JPG_min_y: 103.284
