6.011390941963330015e+00 -4.298815520470855023e-01 -6.332041114300346635e+03
4.947424012477132038e+00 5.728155366933199488e+00 -5.156208811643778972e+03
4.045472582274145176e-03 -1.355635168155725726e-04 9.999999999999998890e-01
DSC_8456.JPG_max_x: 1326.73
DSC_8456.JPG_min_x: 1158.48
DSC_8456.JPG_max_y: 1372.13
DSC_8456.JPG_min_y: 735.151
DSC_8458.JPG_max_x: 210.926
DSC_8458.JPG_min_x: 28.7844
DSC_8458.JPG_max_y: 1522.0
DSC_8458.JPG_min_y: 890.824
