4.851555746938326918e-01 -1.685955196857332472e-01 8.920777149737214131e+02
3.722487971006290669e-02 6.117482615469810314e-01 -3.141200784320198522e+02
-1.282528167728405827e-04 -6.374851072583263790e-05 1.000000000000000000e+00
DSC_8326.JPG_max_x: 330.697
DSC_8326.JPG_min_x: 29.9531
DSC_8326.JPG_max_y: 1823.03
DSC_8326.JPG_min_y: 1497.84
DSC_8427.JPG_max_x: 915.313
DSC_8427.JPG_min_x: 686.462
DSC_8427.JPG_max_y: 908.65
DSC_8427.JPG_min_y: 673.248
