2.393494516766746294e+00 -4.343086882399016524e-02 -1.344338645446526471e+03
1.280052396597689768e+00 1.379757134517741735e+00 -4.297919342844223820e+02
1.130410648226596844e-03 -2.116855074446467172e-04 1.000000000000000000e+00
DSC_8234.JPG_max_x: 1306.58
DSC_8234.JPG_min_x: 829.667
DSC_8234.JPG_max_y: 1888.66
DSC_8234.JPG_min_y: 744.442
DSC_8416.JPG_max_x: 835.521
DSC_8416.JPG_min_x: 351.162
DSC_8416.JPG_max_y: 1844.43
DSC_8416.JPG_min_y: 953.854
