9.747556062495777995e-01 -1.620860866881166373e-01 7.218341708255226763e+01
8.809043564688447958e-01 9.307039981936521267e-01 1.054682870291369682e+03
4.711525274701325317e-04 -9.305315335190622475e-05 1.000000000000000000e+00
DSC_8439.JPG_max_x: 1093.96
DSC_8439.JPG_min_x: 80.2929
DSC_8439.JPG_max_y: 714.409
DSC_8439.JPG_min_y: 298.727
DSC_8478.JPG_max_x: 715.778
DSC_8478.JPG_min_x: 83.3632
DSC_8478.JPG_max_y: 1841.98
DSC_8478.JPG_min_y: 1476.31
