1.003173304034762126e+00 -3.153857840693412296e-02 2.607598154543986766e+02
2.115300955912478853e-01 5.391639893074069434e-01 5.979561088924700698e+02
1.804243671541223913e-04 -1.171717572485774758e-04 1.000000000000000000e+00
DSC_8202.JPG_max_x: 1180.14
DSC_8202.JPG_min_x: 40.3141
DSC_8202.JPG_max_y: 1564.12
DSC_8202.JPG_min_y: 659.547
DSC_8396.JPG_max_x: 1258.25
DSC_8396.JPG_min_x: 331.289
DSC_8396.JPG_max_y: 1662.61
DSC_8396.JPG_min_y: 1050.15
