1.007349072045675031e+00 1.289960205897795753e-01 1.936022755399490336e+02
1.648604139945214209e-01 9.144438585967910038e-01 9.617333569994091391e+00
1.519684064303524461e-04 -4.542564970613841680e-05 9.999999999999998890e-01
DSC_8412.JPG_max_x: 957.12
DSC_8412.JPG_min_x: 3.32491
DSC_8412.JPG_max_y: 1642.99
DSC_8412.JPG_min_y: 866.87
DSC_8444.JPG_max_x: 1266.01
DSC_8444.JPG_min_x: 336.332
DSC_8444.JPG_max_y: 1592.92
DSC_8444.JPG_min_y: 830.575
