-6.950852485507719170e-01 -4.191125533660697844e-01 7.253714766958539713e+02
-1.424179191118173149e+00 -9.805148310943084811e-01 1.288987478893479192e+03
-1.682800757683716036e-03 -3.048431134898276786e-04 9.999999999999998890e-01
DSC_8299.JPG_max_x: 1095.43
DSC_8299.JPG_min_x: 680.674
DSC_8299.JPG_max_y: 1332.23
DSC_8299.JPG_min_y: 357.77
DSC_8315.JPG_max_x: 627.534
DSC_8315.JPG_min_x: 68.6938
DSC_8315.JPG_max_y: 1723.27
DSC_8315.JPG_min_y: 646.947
