5.020377097370620767e+00 -9.474537036991209638e-01 8.512435758498214682e+02
4.927081199326411642e+00 8.853902819270425439e+00 -4.963745716960614800e+02
2.951270590926939955e-03 3.869758659634963890e-03 1.000000000000000000e+00
DSC_8309.JPG_max_x: 789.699
DSC_8309.JPG_min_x: 155.37
DSC_8309.JPG_max_y: 691.97
DSC_8309.JPG_min_y: 360.436
DSC_8412.JPG_max_x: 1163.78
DSC_8412.JPG_min_x: 213.638
DSC_8412.JPG_max_y: 1560.15
DSC_8412.JPG_min_y: 1300.84
