8.445489092372183704e-01 4.612102906636734523e-04 -7.472206822989042507e+01
2.173173769475962025e-01 8.346768347192051740e-01 1.565681501831315927e+02
2.366808552791962517e-04 3.580887346248447826e-06 1.000000000000000000e+00
DSC_8214.JPG_max_x: 1320.92
DSC_8214.JPG_min_x: 269.241
DSC_8214.JPG_max_y: 1395.97
DSC_8214.JPG_min_y: 458.826
DSC_8246.JPG_max_x: 786.825
DSC_8246.JPG_min_x: 143.305
DSC_8246.JPG_max_y: 1236.59
DSC_8246.JPG_min_y: 626.454
