2.473558072419548282e+00 1.060419527793577260e-01 -9.174378233839113364e+02
8.646073922890240571e-02 2.463727359375921022e+00 -2.591693424396488581e+02
3.216356192983162214e-05 2.823863536772140107e-04 1.000000000000000000e+00
DSC_8399.JPG_max_x: 964.38
DSC_8399.JPG_min_x: 377.432
DSC_8399.JPG_max_y: 732.268
DSC_8399.JPG_min_y: 86.9839
DSC_8449.JPG_max_x: 1306.79
DSC_8449.JPG_min_x: 26.2546
DSC_8449.JPG_max_y: 1343.26
DSC_8449.JPG_min_y: 28.2182
