1.033090291075790645e+00 -7.055715168699276674e-02 1.151092797419915570e+02
-5.074918231826188592e-02 9.889137147730097110e-01 3.234474940779847429e+02
-8.668790792872401634e-05 -7.210025338919333956e-05 1.000000000000000000e+00
DSC_8297.JPG_max_x: 1014.1
DSC_8297.JPG_min_x: 56.7834
DSC_8297.JPG_max_y: 528.225
DSC_8297.JPG_min_y: 67.6958
DSC_8311.JPG_max_x: 1272.48
DSC_8311.JPG_min_x: 150.073
DSC_8311.JPG_max_y: 863.61
DSC_8311.JPG_min_y: 372.928
