-3.447441017496892246e-01 -1.347638818800837912e+00 1.220716745610743146e+03
-7.190195542731267486e-02 -3.608859173969583001e-01 3.324170624540086578e+02
1.258990919967861743e-04 -1.389183167555013481e-03 1.000000000000000000e+00
DSC_8268.JPG_max_x: 897.752
DSC_8268.JPG_min_x: 26.1401
DSC_8268.JPG_max_y: 1654.14
DSC_8268.JPG_min_y: 587.818
DSC_8399.JPG_max_x: 1079.74
DSC_8399.JPG_min_x: 338.886
DSC_8399.JPG_max_y: 1249.31
DSC_8399.JPG_min_y: 24.0382
