1.425530227313031695e+00 -1.716200386391988353e+00 2.556113812068002972e+03
1.848476217368901497e-01 2.026361371642600773e+00 -1.919521889608527772e+03
-4.054053388274825765e-04 5.090857295066209594e-04 1.000000000000000000e+00
DSC_8324.JPG_max_x: 863.508
DSC_8324.JPG_min_x: 191.37
DSC_8324.JPG_max_y: 1582.1
DSC_8324.JPG_min_y: 1219.89
DSC_8355.JPG_max_x: 1248.44
DSC_8355.JPG_min_x: 336.869
DSC_8355.JPG_max_y: 948.602
DSC_8355.JPG_min_y: 459.877
