-2.291047819666426066e-01 -5.247624695241547010e-02 3.089024828672526155e+02
-1.494888750425549251e+00 -3.617143429417215006e-01 1.702467727874324964e+03
-9.384380785060151544e-04 -1.067571518084670638e-04 1.000000000000000000e+00
DSC_8323.JPG_max_x: 1331.12
DSC_8323.JPG_min_x: 443.286
DSC_8323.JPG_max_y: 788.782
DSC_8323.JPG_min_y: 415.995
DSC_8442.JPG_max_x: 333.757
DSC_8442.JPG_min_x: 12.7953
DSC_8442.JPG_max_y: 1780.11
DSC_8442.JPG_min_y: 1474.15
