-5.806884544256877945e+00 -2.078504002741590195e+00 3.687215451327349001e+03
1.989392871755008008e+00 -6.974427287231883099e+00 8.296489251536608208e+03
5.077296795816199854e-04 -4.135270495924696192e-03 1.000000000000000000e+00
DSC_8450.JPG_max_x: 742.749
DSC_8450.JPG_min_x: 137.871
DSC_8450.JPG_max_y: 1892.72
DSC_8450.JPG_min_y: 1342.39
DSC_8451.JPG_max_x: 715.605
DSC_8451.JPG_min_x: 67.9259
DSC_8451.JPG_max_y: 555.935
DSC_8451.JPG_min_y: 142.59
