1.009090022978013312e+00 3.185785433269093803e-01 3.584121653847813036e+02
7.202253420601474609e-02 9.916878252491053702e-01 1.501800198464592597e+02
9.700111307408700143e-05 2.566727430052946038e-04 1.000000000000000000e+00
DSC_8411.JPG_max_x: 881.568
DSC_8411.JPG_min_x: 114.874
DSC_8411.JPG_max_y: 958.856
DSC_8411.JPG_min_y: 353.766
DSC_8443.JPG_max_x: 1149.84
DSC_8443.JPG_min_x: 535.614
DSC_8443.JPG_max_y: 879.362
DSC_8443.JPG_min_y: 474.407
