-5.811689195088779458e-01 -4.511573696195226857e-01 1.068427950407711023e+03
-5.543953364007776496e-01 -3.868689723207943687e-01 9.767600026354681404e+02
-5.948498305885438486e-04 -3.591592582390427339e-04 1.000000000000000000e+00
DSC_8250.JPG_max_x: 1193.22
DSC_8250.JPG_min_x: 736.399
DSC_8250.JPG_max_y: 1274.46
DSC_8250.JPG_min_y: 734.03
DSC_8348.JPG_max_x: 1328.72
DSC_8348.JPG_min_x: 130.713
DSC_8348.JPG_max_y: 1243.91
DSC_8348.JPG_min_y: 735.983
