-1.235511294628925283e+00 3.555368879858934461e-01 3.411898610304425574e+02
-1.630537758154246175e+00 4.395017004140859829e-01 4.840970972439683351e+02
-3.510142712573886565e-03 9.840161028558669365e-04 1.000000000000000000e+00
DSC_8322.JPG_max_x: 1240.54
DSC_8322.JPG_min_x: 173.744
DSC_8322.JPG_max_y: 1650.38
DSC_8322.JPG_min_y: 894.093
DSC_8413.JPG_max_x: 1159.47
DSC_8413.JPG_min_x: 91.7876
DSC_8413.JPG_max_y: 739.639
DSC_8413.JPG_min_y: 339.26
