-3.139934588315658193e-01 -1.490075231573174605e-02 3.723519759407816991e+02
-1.425913796683426327e+00 -2.684299669960261703e-01 1.836883635842606964e+03
-9.429379723705157319e-04 -4.303037292030557025e-05 1.000000000000000000e+00
DSC_8226.JPG_max_x: 1322.23
DSC_8226.JPG_min_x: 620.649
DSC_8226.JPG_max_y: 1904.84
DSC_8226.JPG_min_y: 383.57
DSC_8228.JPG_max_x: 383.731
DSC_8228.JPG_min_x: 67.6845
DSC_8228.JPG_max_y: 1881.88
DSC_8228.JPG_min_y: 378.502
