-1.516878895670102700e+00 -2.753429815486498899e-01 1.262488261446042088e+03
-6.002313984092316757e-02 -1.675633049760081761e+00 1.651923085152489648e+03
-9.987379719413455245e-04 -8.566975289620116845e-04 1.000000000000000000e+00
DSC_8248.JPG_max_x: 1012.1
DSC_8248.JPG_min_x: 505.224
DSC_8248.JPG_max_y: 1651.89
DSC_8248.JPG_min_y: 978.681
DSC_8333.JPG_max_x: 638.865
DSC_8333.JPG_min_x: 12.1893
DSC_8333.JPG_max_y: 1247.48
DSC_8333.JPG_min_y: 64.6425
