1.704682893543213451e-01 -5.479787960493371496e-02 3.976992469739350895e+02
-3.654614503276059079e-01 5.039270003494459305e-01 7.848841205542171338e+02
-3.102081588213956732e-04 -3.390471001323653796e-05 1.000000000000000000e+00
DSC_8306.JPG_max_x: 1291.32
DSC_8306.JPG_min_x: 15.432
DSC_8306.JPG_max_y: 1272.36
DSC_8306.JPG_min_y: 592.188
DSC_8380.JPG_max_x: 1037.04
DSC_8380.JPG_min_x: 263.614
DSC_8380.JPG_max_y: 1676.46
DSC_8380.JPG_min_y: 1085.58
