-4.024601840068846581e-01 2.676886511688306592e-03 3.985332484873146655e+02
-1.324824569818775055e+00 -1.763230251126248205e-01 1.426576235339546429e+03
-1.091262198620552692e-03 1.465348990402064747e-06 1.000000000000000000e+00
DSC_8364.JPG_max_x: 1323.92
DSC_8364.JPG_min_x: 886.657
DSC_8364.JPG_max_y: 1617.07
DSC_8364.JPG_min_y: 1045.14
DSC_8414.JPG_max_x: 1302.44
DSC_8414.JPG_min_x: 29.7822
DSC_8414.JPG_max_y: 1660.95
DSC_8414.JPG_min_y: 967.199
