-1.222211145871526350e+00 -4.624780996027492708e-01 1.408934743267201839e+03
-2.414557964608090135e+00 1.015088705077991760e+00 1.845165195516522374e+02
-1.822838421857870053e-03 -4.270656263350442318e-05 1.000000000000000000e+00
DSC_8413.JPG_max_x: 1264.28
DSC_8413.JPG_min_x: 22.6578
DSC_8413.JPG_max_y: 1183.34
DSC_8413.JPG_min_y: 338.402
DSC_8415.JPG_max_x: 1321.57
DSC_8415.JPG_min_x: 410.67
DSC_8415.JPG_max_y: 1256.94
DSC_8415.JPG_min_y: 464.918
