6.841062723283070079e-01 -7.029895018750523250e-02 2.204232299496135568e+02
-8.061778011711408232e-02 6.791559916164877642e-01 3.168088310926623308e+02
-1.538146124808271792e-04 -5.210153897057934988e-05 1.000000000000000000e+00
DSC_8293.JPG_max_x: 856.338
DSC_8293.JPG_min_x: 18.4878
DSC_8293.JPG_max_y: 1425.36
DSC_8293.JPG_min_y: 77.7891
DSC_8453.JPG_max_x: 882.631
DSC_8453.JPG_min_x: 162.464
DSC_8453.JPG_max_y: 1531.84
DSC_8453.JPG_min_y: 354.94
