4.608162062046762264e-01 4.654141820009206898e-02 2.105147010715439535e+02
-2.114707155992075482e-01 6.522858407664645641e-01 4.630653127329447329e+02
-2.218973154150174619e-04 1.028590539065684170e-04 1.000000000000000000e+00
DSC_8242.JPG_max_x: 1302.9
DSC_8242.JPG_min_x: 50.2416
DSC_8242.JPG_max_y: 1891.29
DSC_8242.JPG_min_y: 561.902
DSC_8454.JPG_max_x: 1039.12
DSC_8454.JPG_min_x: 262.201
DSC_8454.JPG_max_y: 1461.9
DSC_8454.JPG_min_y: 729.142
