-2.752521020870432267e+00 1.136124733223757399e+00 1.071871239502449271e+03
-2.706454255000938502e+00 1.814918009291469847e+00 3.157117435734790547e+02
-2.716144606031342494e-03 1.042261743043557294e-03 1.000000000000000000e+00
DSC_8320.JPG_max_x: 1181.08
DSC_8320.JPG_min_x: 91.9785
DSC_8320.JPG_max_y: 1757.99
DSC_8320.JPG_min_y: 507.265
DSC_8350.JPG_max_x: 1242.79
DSC_8350.JPG_min_x: 943.301
DSC_8350.JPG_max_y: 1444.78
DSC_8350.JPG_min_y: 782.62
