-1.111222818529426704e+01 8.202027203656653498e+00 -1.404236225935891071e+03
-1.676481884261461630e+01 1.497322309465427104e+01 -7.107679806598849609e+03
-1.523538766263545646e-02 6.990506601541146385e-03 1.000000000000000000e+00
DSC_8464.JPG_max_x: 849.148
DSC_8464.JPG_min_x: 10.3718
DSC_8464.JPG_max_y: 1880.57
DSC_8464.JPG_min_y: 951.368
DSC_8468.JPG_max_x: 1233.58
DSC_8468.JPG_min_x: 728.282
DSC_8468.JPG_max_y: 1754.74
DSC_8468.JPG_min_y: 944.651
