-1.086439346063488465e+00 -5.052223355349817480e-01 1.308536707836622099e+03
-2.039369071777347164e-01 -9.721728015197018680e-01 1.089532714019690275e+03
-7.748767574854451088e-04 -6.332564251372915917e-04 1.000000000000000000e+00
DSC_8298.JPG_max_x: 1082.01
DSC_8298.JPG_min_x: 436.958
DSC_8298.JPG_max_y: 1842.76
DSC_8298.JPG_min_y: 940.617
DSC_8331.JPG_max_x: 923.557
DSC_8331.JPG_min_x: 25.9445
DSC_8331.JPG_max_y: 1603.7
DSC_8331.JPG_min_y: 81.9449
