3.758575448052156598e-01 -5.030790726892334563e-04 6.604591832397707094e+02
-6.518899384550466691e-02 5.907577544628331845e-01 2.009951633407031579e+02
-2.293575648266079226e-04 -3.725686811367141618e-08 9.999999999999998890e-01
DSC_8467.JPG_max_x: 969.436
DSC_8467.JPG_min_x: 55.1246
DSC_8467.JPG_max_y: 1547.38
DSC_8467.JPG_min_y: 68.2743
DSC_8471.JPG_max_x: 1306.53
DSC_8471.JPG_min_x: 681.212
DSC_8471.JPG_max_y: 1180.24
DSC_8471.JPG_min_y: 227.975
