8.956727535871872314e-01 1.021464467145795502e-01 -7.611143403823335518e+01
5.584246898307913126e-02 8.566888779270684928e-01 1.090104783753823767e+02
5.383740986970085525e-05 1.222188138120518740e-04 1.000000000000000000e+00
DSC_8325.JPG_max_x: 1287.07
DSC_8325.JPG_min_x: 47.1746
DSC_8325.JPG_max_y: 838.701
DSC_8325.JPG_min_y: 24.6812
DSC_8443.JPG_max_x: 995.227
DSC_8443.JPG_min_x: 17.723
DSC_8443.JPG_max_y: 750.274
DSC_8443.JPG_min_y: 162.838
