6.858282621783260424e-01 3.845877338746773177e-01 -4.959881459522025580e+02
2.226196538373653028e-02 9.862973584602383603e-01 1.057994861648709730e+03
6.539178058757352645e-05 2.872447624085884945e-04 1.000000000000000000e+00
DSC_8227.JPG_max_x: 1299.55
DSC_8227.JPG_min_x: 488.305
DSC_8227.JPG_max_y: 882.181
DSC_8227.JPG_min_y: 226.921
DSC_8260.JPG_max_x: 516.632
DSC_8260.JPG_min_x: 15.9092
DSC_8260.JPG_max_y: 1486.44
DSC_8260.JPG_min_y: 1165.06
