1.277016379988455075e+00 -9.661322937576198866e-01 1.094802419263034153e+03
1.025866434052262299e+00 -3.828653212276950657e-01 4.441382127299628451e+02
9.423727730142489887e-04 -8.798265387274709472e-04 1.000000000000000000e+00
DSC_8209.JPG_max_x: 1230.6
DSC_8209.JPG_min_x: 4.35406
DSC_8209.JPG_max_y: 1112.34
DSC_8209.JPG_min_y: 705.538
DSC_8223.JPG_max_x: 1323.11
DSC_8223.JPG_min_x: 756.665
DSC_8223.JPG_max_y: 1072.22
DSC_8223.JPG_min_y: 576.812
