1.102692936330965656e+00 3.324445007942583574e-01 -1.976810292198118475e+02
-2.005870576165597885e-01 1.407704805210509447e+00 -1.197375882900925944e+03
-1.010373655433796929e-04 3.445681500382634008e-04 1.000000000000000000e+00
DSC_8238.JPG_max_x: 1127.17
DSC_8238.JPG_min_x: 227.339
DSC_8238.JPG_max_y: 1402.12
DSC_8238.JPG_min_y: 1150.2
DSC_8453.JPG_max_x: 1105.4
DSC_8453.JPG_min_x: 325.911
DSC_8453.JPG_max_y: 465.01
DSC_8453.JPG_min_y: 218.396
