8.587243114648893116e-02 2.365909749089407210e+00 -2.919625603379039944e+02
-1.200303188937318771e-01 2.858205294809963437e+00 9.220939398341311062e+02
2.756178808569338624e-05 1.167925155751017548e-03 9.999999999999998890e-01
DSC_8397.JPG_max_x: 1216.96
DSC_8397.JPG_min_x: 792.841
DSC_8397.JPG_max_y: 1137.84
DSC_8397.JPG_min_y: 219.925
DSC_8444.JPG_max_x: 1079.78
DSC_8444.JPG_min_x: 203.766
DSC_8444.JPG_max_y: 1704.92
DSC_8444.JPG_min_y: 1127.18
