1.317681093588743080e+00 1.031784372861744015e-01 -4.099297632626926315e+02
5.677593117567503178e+00 4.167847043419162567e+00 -7.668422197969393892e+02
1.983710090560978929e-03 1.212331253197355312e-03 1.000000000000000000e+00
DSC_8329.JPG_max_x: 815.714
DSC_8329.JPG_min_x: 386.941
DSC_8329.JPG_max_y: 384.764
DSC_8329.JPG_min_y: 13.4462
DSC_8422.JPG_max_x: 247.471
DSC_8422.JPG_min_x: 75.4327
DSC_8422.JPG_max_y: 1770.31
DSC_8422.JPG_min_y: 746.745
