2.813853491818048558e-01 -1.052650419561057316e+00 5.361022494908602312e+02
-8.992602775738822718e-01 -2.618434570604698752e+00 3.405063964708564527e+03
9.521814686256352281e-04 -2.764854707543789800e-03 1.000000000000000000e+00
DSC_8313.JPG_max_x: 1323.68
DSC_8313.JPG_min_x: 716.003
DSC_8313.JPG_max_y: 723.381
DSC_8313.JPG_min_y: 27.7261
DSC_8406.JPG_max_x: 618.819
DSC_8406.JPG_min_x: 332.483
DSC_8406.JPG_max_y: 1976.7
DSC_8406.JPG_min_y: 1068.52
