1.228956869370252836e+00 -6.936417069085500098e-02 8.945216610320584323e+02
2.573053875753683259e-02 1.919713917349964882e+00 -7.588487073766088997e+01
-5.394228743153721764e-04 4.905317682894179757e-04 1.000000000000000000e+00
DSC_8449.JPG_max_x: 525.568
DSC_8449.JPG_min_x: 8.00185
DSC_8449.JPG_max_y: 863.52
DSC_8449.JPG_min_y: 105.467
DSC_8463.JPG_max_x: 1300.14
DSC_8463.JPG_min_x: 704.621
DSC_8463.JPG_max_y: 1394.27
DSC_8463.JPG_min_y: 136.811
