-3.340736281591724754e+00 4.645330486691516825e-01 1.660115601023012459e+03
-4.136610628152236124e+00 2.720296228131597327e-01 1.923175645510697223e+03
-3.833059504293002094e-03 9.703080246128199414e-04 1.000000000000000000e+00
DSC_8266.JPG_max_x: 1305.41
DSC_8266.JPG_min_x: 239.023
DSC_8266.JPG_max_y: 1545.04
DSC_8266.JPG_min_y: 677.007
DSC_8334.JPG_max_x: 1032.27
DSC_8334.JPG_min_x: 384.282
DSC_8334.JPG_max_y: 1311.02
DSC_8334.JPG_min_y: 808.705
