-7.148908373525363347e-01 -8.409057318475987586e-01 8.817766453355405929e+02
-2.883563691650205540e-01 -9.295036402813752208e-01 1.108486462815382083e+03
-3.928864525665309686e-04 -9.450515285916417322e-04 1.000000000000000000e+00
DSC_8332.JPG_max_x: 208.17
DSC_8332.JPG_min_x: 16.5707
DSC_8332.JPG_max_y: 1993.76
DSC_8332.JPG_min_y: 752.133
DSC_8421.JPG_max_x: 1171.54
DSC_8421.JPG_min_x: 126.992
DSC_8421.JPG_max_y: 1160.92
DSC_8421.JPG_min_y: 36.2528
