-3.176566523094529515e+01 8.374189900838521439e+00 6.218534797946443177e+03
-3.795020318085830269e+01 9.358024820368390451e+00 2.031443786746844125e+03
-1.967177819020180657e-02 1.544976555583739593e-03 9.999999999999998890e-01
DSC_8433.JPG_max_x: 635.013
DSC_8433.JPG_min_x: 282.066
DSC_8433.JPG_max_y: 938.237
DSC_8433.JPG_min_y: 70.0326
DSC_8464.JPG_max_x: 1278.05
DSC_8464.JPG_min_x: 383.746
DSC_8464.JPG_max_y: 1932.72
DSC_8464.JPG_min_y: 1111.41
