1.102211971015434777e+00 1.745990804811777819e-01 3.742508348460454499e+02
-2.603014055681575518e-03 1.181303700010156277e+00 -1.032809012748901068e+03
1.577748009592476680e-04 2.841511899401206087e-04 9.999999999999998890e-01
DSC_8236.JPG_max_x: 757.896
DSC_8236.JPG_min_x: 9.51149
DSC_8236.JPG_max_y: 1233.3
DSC_8236.JPG_min_y: 902.43
DSC_8399.JPG_max_x: 993.469
DSC_8399.JPG_min_x: 435.101
DSC_8399.JPG_max_y: 311.368
DSC_8399.JPG_min_y: 24.0382
