1.827712185301405834e-01 -1.523513958082460817e-01 6.488945260109430819e+02
-2.829127696638008005e-01 3.799631669855390581e-01 9.860355824477363740e+02
-2.791074062280429671e-04 9.113546049789532344e-05 1.000000000000000000e+00
DSC_8287.JPG_max_x: 870.754
DSC_8287.JPG_min_x: 128.069
DSC_8287.JPG_max_y: 1653.6
DSC_8287.JPG_min_y: 134.998
DSC_8336.JPG_max_x: 984.588
DSC_8336.JPG_min_x: 410.745
DSC_8336.JPG_max_y: 1396.31
DSC_8336.JPG_min_y: 1005.34
