8.195352729732560126e-01 -2.225848504332538891e+00 1.643179572219991542e+03
3.249367324210953867e-01 -1.321146157848127611e+00 1.320771042890464742e+03
1.230421866768935477e-03 -1.982691209209072342e-03 1.000000000000000000e+00
DSC_8272.JPG_max_x: 1094.49
DSC_8272.JPG_min_x: 80.3482
DSC_8272.JPG_max_y: 1650.05
DSC_8272.JPG_min_y: 1279.36
DSC_8337.JPG_max_x: 1320.43
DSC_8337.JPG_min_x: 755.411
DSC_8337.JPG_max_y: 541.303
DSC_8337.JPG_min_y: 193.982
