-1.108795168116859520e+00 -6.996130460586580391e-02 1.185532528301720049e+03
-1.400281724478722234e+00 7.872932067788367821e-03 1.370108170736033344e+03
-9.477680526999209074e-04 -5.792589650025651638e-05 1.000000000000000000e+00
DSC_8234.JPG_max_x: 999.229
DSC_8234.JPG_min_x: 831.753
DSC_8234.JPG_max_y: 1274.92
DSC_8234.JPG_min_y: 862.216
DSC_8400.JPG_max_x: 1321.01
DSC_8400.JPG_min_x: 98.4068
DSC_8400.JPG_max_y: 1653.98
DSC_8400.JPG_min_y: 1251.64
