2.101190761121532802e+00 1.009836006561759314e+00 1.546973299518453757e+02
-2.209357729656536914e-02 1.917621798335302996e+00 -1.954366288748481793e+03
3.707378666856084239e-04 7.092714477289072594e-04 1.000000000000000000e+00
DSC_8224.JPG_max_x: 516.419
DSC_8224.JPG_min_x: 12.0383
DSC_8224.JPG_max_y: 1797.99
DSC_8224.JPG_min_y: 1169.92
DSC_8307.JPG_max_x: 1240.32
DSC_8307.JPG_min_x: 761.749
DSC_8307.JPG_max_y: 599.987
DSC_8307.JPG_min_y: 147.042
