1.223261423289461858e+00 2.965463557375767889e-02 2.917771116025097058e+02
3.240102182841109180e-02 1.198689138740850924e+00 2.497152008422212361e+02
2.790867020943500558e-05 1.575724059664478246e-04 9.999999999999998890e-01
DSC_8201.JPG_max_x: 836.152
DSC_8201.JPG_min_x: 152.918
DSC_8201.JPG_max_y: 604.643
DSC_8201.JPG_min_y: 96.3623
DSC_8351.JPG_max_x: 1253.93
DSC_8351.JPG_min_x: 478.465
DSC_8351.JPG_max_y: 895.278
DSC_8351.JPG_min_y: 377.722
