3.074509661600714150e+00 1.077522675325499169e+00 -1.699419698099450898e+03
-2.008806836701562681e-01 3.907320363789905660e+00 -4.151762943119228112e+03
-1.448866564630052608e-04 1.059147019629482368e-03 1.000000000000000000e+00
DSC_8414.JPG_max_x: 999.74
DSC_8414.JPG_min_x: 26.4256
DSC_8414.JPG_max_y: 1554.99
DSC_8414.JPG_min_y: 1237.8
DSC_8447.JPG_max_x: 1281.57
DSC_8447.JPG_min_x: 71.2509
DSC_8447.JPG_max_y: 810.198
DSC_8447.JPG_min_y: 251.913
