1.608927253870626517e+00 -3.251668877893892362e-01 -4.311944067347955070e+02
1.585851526629415142e-01 1.460510238523400561e+00 -3.626306997690405751e+02
1.195733622078016498e-04 2.189108480926372721e-04 1.000000000000000000e+00
DSC_8258.JPG_max_x: 1315.65
DSC_8258.JPG_min_x: 519.064
DSC_8258.JPG_max_y: 1880.58
DSC_8258.JPG_min_y: 853.068
DSC_8308.JPG_max_x: 931.269
DSC_8308.JPG_min_x: 4.95066
DSC_8308.JPG_max_y: 1665.06
DSC_8308.JPG_min_y: 791.815
