4.608996865774370733e+00 7.177704630155748999e-01 -3.631976443997382376e+03
3.395397939539285481e+00 4.175109356131476268e+00 -1.897973964065369501e+03
3.258421508094754265e-03 8.395424970270203230e-04 1.000000000000000000e+00
DSC_8202.JPG_max_x: 1172.26
DSC_8202.JPG_min_x: 608.217
DSC_8202.JPG_max_y: 1433.18
DSC_8202.JPG_min_y: 659.547
DSC_8412.JPG_max_x: 433.449
DSC_8412.JPG_min_x: 3.32491
DSC_8412.JPG_max_y: 1474.9
DSC_8412.JPG_min_y: 866.87
