-2.226154383238712953e+00 7.387122324885122548e-01 8.257270393412095473e+02
-1.516980709328463739e+00 5.507892926066301209e-01 3.514973226356689793e+02
-4.837623992665688460e-03 2.066204403628671589e-03 1.000000000000000000e+00
DSC_8321.JPG_max_x: 943.687
DSC_8321.JPG_min_x: 305.117
DSC_8321.JPG_max_y: 1620.98
DSC_8321.JPG_min_y: 16.3527
DSC_8397.JPG_max_x: 592.287
DSC_8397.JPG_min_x: 175.295
DSC_8397.JPG_max_y: 947.602
DSC_8397.JPG_min_y: 230.156
