4.670177418029363707e+02 -3.746941107715331327e+02 -9.863663427174289609e+03
4.152247093934034297e+02 -4.685912261907948846e+02 2.059593134960115422e+05
7.802343739730699390e-01 -5.967995179175034082e-01 9.999999999999998890e-01
DSC_8258.JPG_max_x: 1284.14
DSC_8258.JPG_min_x: 158.493
DSC_8258.JPG_max_y: 1825.85
DSC_8258.JPG_min_y: 886.508
DSC_8445.JPG_max_x: 1160.93
DSC_8445.JPG_min_x: 242.907
DSC_8445.JPG_max_y: 783.789
DSC_8445.JPG_min_y: 138.622
