-1.681157498615078350e+00 -6.727031745754662451e-01 1.919504395718584647e+03
-2.822043556758693228e+00 -1.145202053986338786e+00 3.015207707606684835e+03
-5.053873563089205864e-03 9.992224623208583768e-04 1.000000000000000000e+00
DSC_8448.JPG_max_x: 1011.64
DSC_8448.JPG_min_x: 450.441
DSC_8448.JPG_max_y: 1795.56
DSC_8448.JPG_min_y: 1171.05
DSC_8471.JPG_max_x: 1118.68
DSC_8471.JPG_min_x: 29.2046
DSC_8471.JPG_max_y: 828.701
DSC_8471.JPG_min_y: 85.8122
