2.375458735909546704e+00 4.002020318758707229e-01 -2.337510626391771439e+03
3.048839443636269797e-01 1.680435779594837253e+00 -5.699501920929584458e+02
5.503660634171440901e-04 -3.902886341493037891e-05 1.000000000000000000e+00
DSC_8197.JPG_max_x: 1324.57
DSC_8197.JPG_min_x: 844.187
DSC_8197.JPG_max_y: 1069.97
DSC_8197.JPG_min_y: 289.036
DSC_8233.JPG_max_x: 653.611
DSC_8233.JPG_min_x: 47.0622
DSC_8233.JPG_max_y: 1024.38
DSC_8233.JPG_min_y: 150.739
