-1.447271064254967321e+01 -6.254175277417320267e+00 1.890261537127910560e+04
-1.727194751836702125e+00 -1.145039794216252638e+01 2.813598048205315536e+03
-9.138423003142829432e-03 -1.938657875721399139e-03 1.000000000000000000e+00
DSC_8227.JPG_max_x: 1303.25
DSC_8227.JPG_min_x: 968.908
DSC_8227.JPG_max_y: 1023.17
DSC_8227.JPG_min_y: 307.036
DSC_8229.JPG_max_x: 379.318
DSC_8229.JPG_min_x: 20.1658
DSC_8229.JPG_max_y: 966.878
DSC_8229.JPG_min_y: 246.998
