1.888904601785368564e+00 -3.158136748358538748e-01 6.713696016170182475e+02
2.557920932707327677e-01 1.591145696061226689e+00 -3.472942808181904866e+02
1.547111355630721914e-04 -1.749027323195932314e-04 1.000000000000000000e+00
DSC_8248.JPG_max_x: 394.202
DSC_8248.JPG_min_x: 7.77993
DSC_8248.JPG_max_y: 1068.97
DSC_8248.JPG_min_y: 605.401
DSC_8404.JPG_max_x: 1262.87
DSC_8404.JPG_min_x: 398.014
DSC_8404.JPG_max_y: 1636.77
DSC_8404.JPG_min_y: 719.451
