-2.082502522495040809e-01 -1.114161092752792570e-01 2.860090266359669613e+02
7.526540421804035763e-02 -1.321201233596131841e+00 9.511286573774413000e+02
-3.066067583429685109e-04 -9.955858746671718100e-04 1.000000000000000000e+00
DSC_8377.JPG_max_x: 969.667
DSC_8377.JPG_min_x: 347.272
DSC_8377.JPG_max_y: 1176.72
DSC_8377.JPG_min_y: 732.182
DSC_8379.JPG_max_x: 792.326
DSC_8379.JPG_min_x: 8.69247
DSC_8379.JPG_max_y: 1281.77
DSC_8379.JPG_min_y: 53.7884
