6.606552345834389994e-01 5.290985418605870932e-02 2.883575609058760278e+02
5.823020330266726226e-03 7.452737171240586544e-01 1.100268322179936220e+01
6.054376332380260317e-05 5.471494055541000298e-05 9.999999999999998890e-01
DSC_8305.JPG_max_x: 1134.19
DSC_8305.JPG_min_x: 296.75
DSC_8305.JPG_max_y: 1766.43
DSC_8305.JPG_min_y: 238.536
DSC_8319.JPG_max_x: 996.259
DSC_8319.JPG_min_x: 482.139
DSC_8319.JPG_max_y: 1030.0
DSC_8319.JPG_min_y: 220.072
