1.583177924692977356e+00 6.673540513690216780e-02 -8.466329118924488739e+02
8.971792642200737689e-01 1.207786627042578553e+00 1.913590519340049312e+01
7.693300904319306426e-04 1.433141191258684277e-05 1.000000000000000000e+00
DSC_8234.JPG_max_x: 1306.58
DSC_8234.JPG_min_x: 831.781
DSC_8234.JPG_max_y: 1976.19
DSC_8234.JPG_min_y: 862.216
DSC_8364.JPG_max_x: 663.935
DSC_8364.JPG_min_x: 327.69
DSC_8364.JPG_max_y: 1824.85
DSC_8364.JPG_min_y: 1093.15
