-1.275479325349625448e+01 -4.969503970647885183e+00 1.908185818177821056e+04
3.306534583101468527e+00 -1.396102302408453610e+01 1.011138077550554408e+04
-3.246358845521189924e-03 -4.486029751368048393e-03 1.000000000000000000e+00
DSC_8250.JPG_max_x: 1262.99
DSC_8250.JPG_min_x: 1073.87
DSC_8250.JPG_max_y: 1316.19
DSC_8250.JPG_min_y: 1044.77
DSC_8319.JPG_max_x: 375.72
DSC_8319.JPG_min_x: 41.0738
DSC_8319.JPG_max_y: 495.417
DSC_8319.JPG_min_y: 60.098
