1.262800440497492627e+00 2.540053430156278269e-01 -8.214953515676565985e+02
3.861394563952832981e-01 1.489866871242880864e+00 -3.515459950696593978e+02
4.174287427106379068e-04 2.159589067990582681e-04 1.000000000000000000e+00
DSC_8428.JPG_max_x: 1234.52
DSC_8428.JPG_min_x: 374.137
DSC_8428.JPG_max_y: 1638.71
DSC_8428.JPG_min_y: 1029.57
DSC_8474.JPG_max_x: 616.907
DSC_8474.JPG_min_x: 19.6454
DSC_8474.JPG_max_y: 1439.26
DSC_8474.JPG_min_y: 959.9
