-8.332268958182167395e-01 5.667799841361709917e-02 6.878253409568652614e+02
-3.148918297362139462e+00 1.275819563623825870e+00 1.780027576302750504e+03
-1.986994037527927120e-03 1.140187741767837663e-03 1.000000000000000000e+00
DSC_8477.JPG_max_x: 1262.16
DSC_8477.JPG_min_x: 801.767
DSC_8477.JPG_max_y: 1049.75
DSC_8477.JPG_min_y: 16.4316
DSC_8478.JPG_max_x: 711.926
DSC_8478.JPG_min_x: 3.90478
DSC_8478.JPG_max_y: 1950.58
DSC_8478.JPG_min_y: 1016.96
