1.311513331684470485e+00 1.892656149321889913e-01 3.509423401361783021e+02
2.874612648262997883e-03 1.511360678196821405e+00 -1.393756048653743846e+03
6.391411275043322861e-05 3.238549196658875454e-04 1.000000000000000000e+00
DSC_8220.JPG_max_x: 1055.55
DSC_8220.JPG_min_x: 14.9286
DSC_8220.JPG_max_y: 1328.29
DSC_8220.JPG_min_y: 932.299
DSC_8399.JPG_max_x: 1327.97
DSC_8399.JPG_min_x: 421.75
DSC_8399.JPG_max_y: 409.998
DSC_8399.JPG_min_y: 12.473
