-3.500001819426613814e+00 3.001751290007482198e-01 1.574518752594040279e+03
-3.899127329760081473e+00 -1.238410761773226287e+00 3.184893310462351565e+03
-2.898373682046845746e-03 3.078333291941427350e-04 1.000000000000000000e+00
DSC_8216.JPG_max_x: 1143.77
DSC_8216.JPG_min_x: 135.035
DSC_8216.JPG_max_y: 1405.81
DSC_8216.JPG_min_y: 696.119
DSC_8438.JPG_max_x: 1280.44
DSC_8438.JPG_min_x: 705.511
DSC_8438.JPG_max_y: 1831.53
DSC_8438.JPG_min_y: 816.274
