1.464041283006278560e+00 1.393499088388443496e-01 -2.162198601544328369e+02
-3.108674648986320954e-01 1.494058201669937747e+00 -4.124546668777935565e+02
-2.173711313822153856e-04 1.145000731709690581e-04 1.000000000000000000e+00
DSC_8396.JPG_max_x: 885.654
DSC_8396.JPG_min_x: 218.451
DSC_8396.JPG_max_y: 1473.0
DSC_8396.JPG_min_y: 1052.27
DSC_8446.JPG_max_x: 1321.22
DSC_8446.JPG_min_x: 258.164
DSC_8446.JPG_max_y: 1556.13
DSC_8446.JPG_min_y: 965.613
