2.844565779433246289e-01 2.537546359591011380e-01 -3.764889629985145092e+01
-2.617617935631688098e-01 8.492512008677188806e-01 5.384638956362156250e+02
-4.579435767510747313e-04 1.717709259203363244e-04 1.000000000000000000e+00
DSC_8197.JPG_max_x: 1328.74
DSC_8197.JPG_min_x: 372.507
DSC_8197.JPG_max_y: 1165.9
DSC_8197.JPG_min_y: 46.7407
DSC_8405.JPG_max_x: 1075.84
DSC_8405.JPG_min_x: 332.667
DSC_8405.JPG_max_y: 1533.64
DSC_8405.JPG_min_y: 154.282
