1.320508141456742557e+00 9.288179623552594855e-02 -1.260242627512411957e+02
-1.027800508884786912e-01 1.224142652110248308e+00 -2.017092977459694225e+02
-7.694112885434809749e-05 6.728232130941410729e-06 1.000000000000000000e+00
DSC_8222.JPG_max_x: 951.616
DSC_8222.JPG_min_x: 27.7104
DSC_8222.JPG_max_y: 1589.64
DSC_8222.JPG_min_y: 787.586
DSC_8238.JPG_max_x: 1316.1
DSC_8238.JPG_min_x: 21.2495
DSC_8238.JPG_max_y: 1763.12
DSC_8238.JPG_min_y: 734.649
