-3.426483472710995515e-01 -5.462881331016807840e-01 8.332416663230518452e+02
-2.041081899295280333e-01 -3.437974156982588902e-01 5.093864186208663796e+02
-4.014416344762015520e-04 -6.736054394857951674e-04 9.999999999999998890e-01
DSC_8203.JPG_max_x: 1304.54
DSC_8203.JPG_min_x: 593.456
DSC_8203.JPG_max_y: 802.754
DSC_8203.JPG_min_y: 55.7665
DSC_8205.JPG_max_x: 843.544
DSC_8205.JPG_min_x: 61.3338
DSC_8205.JPG_max_y: 551.25
DSC_8205.JPG_min_y: 368.7
