8.841849473199852039e-01 -3.839974004128161034e-01 -1.603018343538777515e+02
3.342664717537487951e-01 6.871540672240594727e-02 1.122035981978963036e+03
1.757499492989103411e-04 -4.771170690871030014e-04 1.000000000000000000e+00
DSC_8325.JPG_max_x: 1287.07
DSC_8325.JPG_min_x: 413.186
DSC_8325.JPG_max_y: 867.84
DSC_8325.JPG_min_y: 407.243
DSC_8426.JPG_max_x: 795.221
DSC_8426.JPG_min_x: 4.5789
DSC_8426.JPG_max_y: 1979.58
DSC_8426.JPG_min_y: 1475.82
