6.700539654658770328e-01 1.202882348335795742e-01 -1.674052228316772926e+02
-1.870123204414511631e-02 8.191868442468070999e-01 -6.316018268532359343e+02
5.655253806921287443e-04 -1.726003871541282220e-04 1.000000000000000000e+00
DSC_8314.JPG_max_x: 1098.74
DSC_8314.JPG_min_x: 126.406
DSC_8314.JPG_max_y: 1863.9
DSC_8314.JPG_min_y: 1107.58
DSC_8363.JPG_max_x: 432.432
DSC_8363.JPG_min_x: 73.6435
DSC_8363.JPG_max_y: 913.553
DSC_8363.JPG_min_y: 114.33
