6.712499111714118172e+00 2.163696609679846450e+00 -3.751121658176040455e+03
-2.993597484541503095e-01 7.673213388794400736e+00 -9.479051813283651427e+03
7.556488362110770391e-05 3.292104189044564415e-03 9.999999999999998890e-01
DSC_8220.JPG_max_x: 972.552
DSC_8220.JPG_min_x: 266.597
DSC_8220.JPG_max_y: 1592.49
DSC_8220.JPG_min_y: 1361.68
DSC_8221.JPG_max_x: 1025.03
DSC_8221.JPG_min_x: 213.836
DSC_8221.JPG_max_y: 422.848
DSC_8221.JPG_min_y: 134.863
