1.264184252530870634e+00 4.540883869362573044e-01 4.858719437954703153e+02
-7.531206212804966715e-02 1.660960079643172493e+00 -1.638173351640421970e+03
-2.049417873417528724e-04 5.096771281745738659e-04 1.000000000000000000e+00
DSC_8238.JPG_max_x: 701.663
DSC_8238.JPG_min_x: 128.25
DSC_8238.JPG_max_y: 1526.18
DSC_8238.JPG_min_y: 1154.14
DSC_8337.JPG_max_x: 1288.66
DSC_8337.JPG_min_x: 756.214
DSC_8337.JPG_max_y: 513.255
DSC_8337.JPG_min_y: 175.845
