4.559315506582616528e+00 1.992346486520416571e+00 -2.472991125913430551e+03
-2.031647255960009613e-01 4.679490828525279866e+00 -6.260390551048512862e+03
1.173365163070938153e-04 2.309595443334286173e-03 1.000000000000000000e+00
DSC_8382.JPG_max_x: 928.396
DSC_8382.JPG_min_x: 167.765
DSC_8382.JPG_max_y: 1939.11
DSC_8382.JPG_min_y: 1609.39
DSC_8395.JPG_max_x: 1020.74
DSC_8395.JPG_min_x: 318.882
DSC_8395.JPG_max_y: 500.679
DSC_8395.JPG_min_y: 258.137
