6.669641618128359373e-02 3.007351329122763262e-01 4.279003538813857972e+02
-1.618319579633569760e-01 1.391799705250811758e+00 -1.281043173028925139e+03
-6.641915518112840146e-04 4.621588689179319666e-04 1.000000000000000000e+00
DSC_8346.JPG_max_x: 1315.67
DSC_8346.JPG_min_x: 550.455
DSC_8346.JPG_max_y: 1600.63
DSC_8346.JPG_min_y: 1094.83
DSC_8439.JPG_max_x: 1289.41
DSC_8439.JPG_min_x: 599.423
DSC_8439.JPG_max_y: 711.985
DSC_8439.JPG_min_y: 111.105
