3.896453795489198679e-01 -4.602989890716164406e-02 -4.413992296517955083e+02
3.002934351241333122e-01 -6.847664946635241279e-01 4.969462326076504155e+02
6.101064942585306549e-06 -8.062907789210060168e-04 1.000000000000000000e+00
DSC_8272.JPG_max_x: 1310.62
DSC_8272.JPG_min_x: 365.67
DSC_8272.JPG_max_y: 1674.98
DSC_8272.JPG_min_y: 725.926
DSC_8444.JPG_max_x: 1126.14
DSC_8444.JPG_min_x: 17.8616
DSC_8444.JPG_max_y: 1467.42
DSC_8444.JPG_min_y: 830.327
