9.980550591963838203e-01 -8.634955400943729320e-02 -2.310386353164333286e+02
2.808331147362975316e-02 8.349645921674766491e-01 1.687460166639815782e+02
5.765129286053445547e-05 -9.368070559721331826e-05 1.000000000000000000e+00
DSC_8455.JPG_max_x: 1328.97
DSC_8455.JPG_min_x: 278.21
DSC_8455.JPG_max_y: 775.159
DSC_8455.JPG_min_y: 263.624
DSC_8475.JPG_max_x: 1018.26
DSC_8475.JPG_min_x: 11.7331
DSC_8475.JPG_max_y: 860.942
DSC_8475.JPG_min_y: 401.465
