3.835862665753257961e-01 -4.793819407729853210e-02 5.494269010637543715e+02
-6.696917715935887250e-01 1.177638538387954181e+00 1.216504884349988629e+02
-6.022759817562953893e-04 6.005445229157766265e-05 1.000000000000000000e+00
DSC_8232.JPG_max_x: 783.97
DSC_8232.JPG_min_x: 160.718
DSC_8232.JPG_max_y: 1430.23
DSC_8232.JPG_min_y: 710.499
DSC_8438.JPG_max_x: 1327.0
DSC_8438.JPG_min_x: 567.101
DSC_8438.JPG_max_y: 1812.73
DSC_8438.JPG_min_y: 838.971
