5.765587096413447021e-01 3.268849603807276183e-01 4.019714238286422301e+02
-8.523235263578440857e-02 6.508750523140459654e-01 1.204204291882769212e+03
-3.925513570080504038e-05 9.969501721160133913e-06 1.000000000000000000e+00
DSC_8255.JPG_max_x: 1238.19
DSC_8255.JPG_min_x: 14.2477
DSC_8255.JPG_max_y: 733.309
DSC_8255.JPG_min_y: 186.143
DSC_8320.JPG_max_x: 1271.15
DSC_8320.JPG_min_x: 537.913
DSC_8320.JPG_max_y: 1672.54
DSC_8320.JPG_min_y: 1305.97
