2.713636552988567985e+00 1.907596348183090429e+00 -2.367197877782642990e+03
-5.297898988562593781e-01 3.450440829220890571e+00 -3.317327953732269179e+03
-4.412528435070914822e-04 1.276386559779325554e-03 1.000000000000000000e+00
DSC_8366.JPG_max_x: 984.037
DSC_8366.JPG_min_x: 21.6405
DSC_8366.JPG_max_y: 1633.43
DSC_8366.JPG_min_y: 1232.91
DSC_8415.JPG_max_x: 1318.57
DSC_8415.JPG_min_x: 208.114
DSC_8415.JPG_max_y: 704.903
DSC_8415.JPG_min_y: 283.516
