-2.318403569108735962e-01 5.101478970839964239e-02 1.255709997755260900e+02
-3.084740132350570208e-01 -1.105880537794134533e+00 1.661625274847987384e+03
-2.476511840454323141e-04 -6.332206092400819797e-04 9.999999999999998890e-01
DSC_8428.JPG_max_x: 1297.43
DSC_8428.JPG_min_x: 99.5214
DSC_8428.JPG_max_y: 1578.02
DSC_8428.JPG_min_y: 1210.26
DSC_8442.JPG_max_x: 745.24
DSC_8442.JPG_min_x: 12.7953
DSC_8442.JPG_max_y: 1608.85
DSC_8442.JPG_min_y: 1208.3
