2.083521758798875467e+00 2.320123064671022473e+00 -1.875504183640997553e+03
-9.658643158258187200e-02 2.684030323557126341e+00 -2.467649342869911379e+03
-2.121501810239871482e-04 1.350902958556770813e-03 1.000000000000000000e+00
DSC_8354.JPG_max_x: 807.824
DSC_8354.JPG_min_x: 91.3661
DSC_8354.JPG_max_y: 1857.31
DSC_8354.JPG_min_y: 1247.38
DSC_8413.JPG_max_x: 1191.16
DSC_8413.JPG_min_x: 523.982
DSC_8413.JPG_max_y: 722.085
DSC_8413.JPG_min_y: 319.955
