3.013836970257290915e-01 3.242121048841393738e-01 6.926724116216506673e+02
-1.910629560173093378e+00 3.860889898873750781e+00 -2.331412953616548293e+03
-2.253911345464498523e-03 4.446889231979370919e-04 9.999999999999998890e-01
DSC_8220.JPG_max_x: 240.31
DSC_8220.JPG_min_x: 14.1375
DSC_8220.JPG_max_y: 1168.13
DSC_8220.JPG_min_y: 854.021
DSC_8282.JPG_max_x: 1186.71
DSC_8282.JPG_min_x: 726.947
DSC_8282.JPG_max_y: 1689.72
DSC_8282.JPG_min_y: 656.739
