3.000263944871423227e+00 8.951932143308897194e-01 -1.686345893075179674e+03
-1.838581366587630217e-01 3.417212220951709511e+00 -3.701383555827254895e+03
1.446601290687166052e-05 1.198483921891779465e-03 1.000000000000000000e+00
DSC_8218.JPG_max_x: 1295.03
DSC_8218.JPG_min_x: 84.9526
DSC_8218.JPG_max_y: 1969.97
DSC_8218.JPG_min_y: 1185.56
DSC_8219.JPG_max_x: 1262.22
DSC_8219.JPG_min_x: 19.0358
DSC_8219.JPG_max_y: 870.057
DSC_8219.JPG_min_y: 65.7892
