8.601866992736285633e-01 -7.536566245610451520e-02 4.010920761414600406e+02
2.824028790627344104e-02 7.659370645148212420e-01 -7.327791449063907976e+02
9.278917881724753076e-05 -2.354763261400813110e-04 1.000000000000000000e+00
DSC_8220.JPG_max_x: 603.461
DSC_8220.JPG_min_x: 14.9286
DSC_8220.JPG_max_y: 1533.62
DSC_8220.JPG_min_y: 1067.5
DSC_8417.JPG_max_x: 1290.16
DSC_8417.JPG_min_x: 407.993
DSC_8417.JPG_max_y: 665.053
DSC_8417.JPG_min_y: 87.1959
