1.592717972664274395e+00 -1.668594509525853919e-01 -2.457501366848882469e+02
-3.151519609670706823e-02 1.194016437018712296e+00 2.442979333500925634e+02
-2.936488953102774381e-05 -2.504458454608833422e-04 1.000000000000000000e+00
DSC_8318.JPG_max_x: 605.941
DSC_8318.JPG_min_x: 241.213
DSC_8318.JPG_max_y: 984.481
DSC_8318.JPG_min_y: 572.874
DSC_8464.JPG_max_x: 749.322
DSC_8464.JPG_min_x: 11.3079
DSC_8464.JPG_max_y: 1892.27
DSC_8464.JPG_min_y: 1084.72
