1.586746983404128120e-01 4.873081188695691478e-03 1.000877932234957939e+03
-4.218633947448181543e-01 7.221598173654190100e-01 3.626385880920382760e+02
-4.374094845844422202e-04 4.690245269215697997e-05 1.000000000000000000e+00
DSC_8244.JPG_max_x: 340.986
DSC_8244.JPG_min_x: 34.6825
DSC_8244.JPG_max_y: 1688.53
DSC_8244.JPG_min_y: 539.488
DSC_8454.JPG_max_x: 1193.26
DSC_8454.JPG_min_x: 976.472
DSC_8454.JPG_max_y: 1519.92
DSC_8454.JPG_min_y: 713.094
