-4.401832473581738014e+00 7.780559221850549823e-02 2.902776155156550431e+03
-3.665722305778229551e+00 -2.314367812949275738e+00 3.503099767973311828e+03
-2.601951479099818762e-03 9.377944970005655534e-05 1.000000000000000000e+00
DSC_8246.JPG_max_x: 1326.56
DSC_8246.JPG_min_x: 700.313
DSC_8246.JPG_max_y: 1049.02
DSC_8246.JPG_min_y: 540.128
DSC_8360.JPG_max_x: 1186.25
DSC_8360.JPG_min_x: 169.596
DSC_8360.JPG_max_y: 1965.96
DSC_8360.JPG_min_y: 740.49
