3.085643374081832313e-01 -2.115152030003158712e-01 8.777914558730237786e+02
-3.684092074388686244e-01 5.983296297230040750e-01 3.546312142176287239e+02
-3.011205647594826593e-04 -5.642707555223761641e-05 9.999999999999998890e-01
DSC_8340.JPG_max_x: 879.606
DSC_8340.JPG_min_x: 11.8831
DSC_8340.JPG_max_y: 1969.63
DSC_8340.JPG_min_y: 570.083
DSC_8394.JPG_max_x: 1304.21
DSC_8394.JPG_min_x: 563.108
DSC_8394.JPG_max_y: 1940.87
DSC_8394.JPG_min_y: 495.241
