1.695934254344290792e+00 1.327822711954306234e-01 -2.703796526614918889e+02
1.376742602916539993e-01 1.856155388173686527e+00 -1.314930881936197409e+02
-1.352292063041933153e-05 3.874180807129365476e-04 1.000000000000000000e+00
DSC_8201.JPG_max_x: 850.249
DSC_8201.JPG_min_x: 156.168
DSC_8201.JPG_max_y: 604.643
DSC_8201.JPG_min_y: 96.3623
DSC_8237.JPG_max_x: 1153.35
DSC_8237.JPG_min_x: 30.5883
DSC_8237.JPG_max_y: 826.218
DSC_8237.JPG_min_y: 155.078
