8.753421957909983675e-01 2.486166752555779569e-02 -3.109235764773750361e+02
-9.336397292473029574e-02 9.069613269188310234e-01 6.047662191320633696e+01
-6.086778752711083043e-05 1.768920099386500749e-05 1.000000000000000000e+00
DSC_8260.JPG_max_x: 1175.32
DSC_8260.JPG_min_x: 401.222
DSC_8260.JPG_max_y: 1617.81
DSC_8260.JPG_min_y: 527.813
DSC_8296.JPG_max_x: 779.487
DSC_8296.JPG_min_x: 41.0533
DSC_8296.JPG_max_y: 1479.61
DSC_8296.JPG_min_y: 497.79
