-1.643873229241217482e+00 -8.426298305329423810e-01 1.820323472514370906e+03
-1.091166902879386447e+00 -2.390645485173521045e+00 2.049422979644698898e+03
-9.032244193605384799e-04 -1.176493085182298091e-03 1.000000000000000000e+00
DSC_8276.JPG_max_x: 1326.5
DSC_8276.JPG_min_x: 266.661
DSC_8276.JPG_max_y: 1656.08
DSC_8276.JPG_min_y: 631.19
DSC_8476.JPG_max_x: 892.874
DSC_8476.JPG_min_x: 16.6914
DSC_8476.JPG_max_y: 1886.81
DSC_8476.JPG_min_y: 918.47
