-3.162949799941192186e+00 3.422456367648397252e-02 1.935705575069791166e+03
-5.512730159259113805e-01 -1.083576458195572023e+00 1.751083320521420092e+03
-2.136657298078578886e-03 -1.045104365003528041e-04 9.999999999999998890e-01
DSC_8270.JPG_max_x: 1298.1
DSC_8270.JPG_min_x: 785.125
DSC_8270.JPG_max_y: 1971.69
DSC_8270.JPG_min_y: 1172.3
DSC_8271.JPG_max_x: 1156.53
DSC_8271.JPG_min_x: 584.0
DSC_8271.JPG_max_y: 816.411
DSC_8271.JPG_min_y: 39.6209
