2.951676938589905319e+00 1.888086097089044957e+00 -1.433372075652415333e+03
-3.259938783527840389e-01 2.980803478894026970e+00 -2.250257477106115402e+03
1.167131041480443067e-04 1.692077948162219476e-03 9.999999999999998890e-01
DSC_8202.JPG_max_x: 1094.93
DSC_8202.JPG_min_x: 51.0365
DSC_8202.JPG_max_y: 1513.81
DSC_8202.JPG_min_y: 919.357
DSC_8397.JPG_max_x: 1280.51
DSC_8397.JPG_min_x: 264.264
DSC_8397.JPG_max_y: 572.248
DSC_8397.JPG_min_y: 78.83
