1.296133188208681730e+00 3.441642805574834929e-01 6.810870984199946179e+02
-1.991640245118075914e-01 2.368738964961970339e+00 -2.124802946334725220e+03
-6.959805611604390945e-04 5.424015470811769908e-04 1.000000000000000000e+00
DSC_8312.JPG_max_x: 556.714
DSC_8312.JPG_min_x: 46.4608
DSC_8312.JPG_max_y: 1766.14
DSC_8312.JPG_min_y: 997.465
DSC_8327.JPG_max_x: 1306.89
DSC_8327.JPG_min_x: 706.534
DSC_8327.JPG_max_y: 1144.81
DSC_8327.JPG_min_y: 126.714
