1.108916208192831654e+00 1.812418314531391295e-01 -9.632923056081490358e+02
-8.567290426912593793e-01 1.685201482877341839e+00 2.197528066749692357e+02
-2.562472304549175475e-04 4.550638587172484216e-04 1.000000000000000000e+00
DSC_8356.JPG_max_x: 1305.26
DSC_8356.JPG_min_x: 1208.47
DSC_8356.JPG_max_y: 1879.94
DSC_8356.JPG_min_y: 605.81
DSC_8372.JPG_max_x: 569.34
DSC_8372.JPG_min_x: 480.739
DSC_8372.JPG_max_y: 1504.62
DSC_8372.JPG_min_y: 184.033
