-3.488654850825728682e-01 -4.309994823260636897e-03 3.400141270164123171e+02
-2.028150622593227315e+00 3.414800691241832303e-02 1.737700128779206125e+03
-1.272516975201116703e-03 1.914902136217710949e-04 1.000000000000000000e+00
DSC_8347.JPG_max_x: 1288.64
DSC_8347.JPG_min_x: 795.29
DSC_8347.JPG_max_y: 950.548
DSC_8347.JPG_min_y: 14.4781
DSC_8362.JPG_max_x: 263.578
DSC_8362.JPG_min_x: 67.5699
DSC_8362.JPG_max_y: 1860.43
DSC_8362.JPG_min_y: 943.84
