1.823686961144891372e+00 2.781404896007708127e-02 1.888420246956485187e+02
2.059837421088453357e+00 7.053356330835612864e-01 2.791146324414828328e+01
1.235488701905825860e-03 -1.390975355514761859e-04 9.999999999999998890e-01
DSC_8410.JPG_max_x: 1074.43
DSC_8410.JPG_min_x: 161.326
DSC_8410.JPG_max_y: 1887.64
DSC_8410.JPG_min_y: 715.593
DSC_8442.JPG_max_x: 1106.64
DSC_8442.JPG_min_x: 517.015
DSC_8442.JPG_max_y: 1898.68
DSC_8442.JPG_min_y: 864.764
