-2.530947687918859934e+00 1.683613290880026647e-01 2.611707018116340350e+03
-1.654686611135314234e+00 -1.547676221352289438e+00 2.892918513041880942e+03
-1.125066440915423616e-03 7.114383885661909563e-06 1.000000000000000000e+00
DSC_8198.JPG_max_x: 1300.14
DSC_8198.JPG_min_x: 1172.99
DSC_8198.JPG_max_y: 1019.25
DSC_8198.JPG_min_y: 813.287
DSC_8468.JPG_max_x: 1174.03
DSC_8468.JPG_min_x: 673.364
DSC_8468.JPG_max_y: 1945.11
DSC_8468.JPG_min_y: 1080.71
