4.725023696646610261e-01 -2.337569675946919445e-01 6.433111497307058926e+02
-1.754765234951296410e-02 4.064469155759337649e-01 1.040583058454800494e+03
-9.547642052296907266e-05 -1.288113239249310106e-04 1.000000000000000000e+00
DSC_8307.JPG_max_x: 1117.75
DSC_8307.JPG_min_x: 28.3678
DSC_8307.JPG_max_y: 607.01
DSC_8307.JPG_min_y: 136.31
DSC_8430.JPG_max_x: 1314.05
DSC_8430.JPG_min_x: 276.558
DSC_8430.JPG_max_y: 1453.66
DSC_8430.JPG_min_y: 1174.73
