2.988383466351273388e+00 3.298732579989048230e-01 1.382413452789204769e+02
1.672853782496559250e+00 1.694910724837639382e+00 -6.533384319178517217e+02
1.878463926503655184e-03 4.482898033884821949e-04 1.000000000000000000e+00
DSC_8333.JPG_max_x: 766.791
DSC_8333.JPG_min_x: 62.3102
DSC_8333.JPG_max_y: 1803.41
DSC_8333.JPG_min_y: 64.6425
DSC_8363.JPG_max_x: 960.084
DSC_8363.JPG_min_x: 428.793
DSC_8363.JPG_max_y: 1198.01
DSC_8363.JPG_min_y: 80.2842
