3.812853465443760692e-01 -2.402863502865057177e-01 1.026992727315683396e+03
-2.245382342642774087e-01 5.712863809948277583e-01 1.030697806238406656e+03
-2.803916711192932826e-04 -8.807641943435484417e-05 1.000000000000000000e+00
DSC_8341.JPG_max_x: 483.896
DSC_8341.JPG_min_x: 14.4298
DSC_8341.JPG_max_y: 1080.32
DSC_8341.JPG_min_y: 414.882
DSC_8412.JPG_max_x: 1273.26
DSC_8412.JPG_min_x: 936.021
DSC_8412.JPG_max_y: 1907.54
DSC_8412.JPG_min_y: 1367.16
