3.591164006306196144e-01 -4.590047285873809224e-02 1.076618870417016979e+03
-7.684052402159096129e-01 1.264952698651452767e+00 -2.156290353679931968e+02
-7.329232752286419768e-04 -4.175239885108732613e-05 1.000000000000000000e+00
DSC_8216.JPG_max_x: 183.78
DSC_8216.JPG_min_x: 5.00906
DSC_8216.JPG_max_y: 1287.55
DSC_8216.JPG_min_y: 609.336
DSC_8344.JPG_max_x: 1327.35
DSC_8344.JPG_min_x: 1080.82
DSC_8344.JPG_max_y: 1549.32
DSC_8344.JPG_min_y: 514.886
