-5.187949609842552601e-01 -3.873218075220770384e-02 5.904067067570051677e+02
-1.285128371568665884e+00 -4.510134559830885626e-01 1.522166256301728254e+03
-1.119411520688140451e-03 -5.559008463771770032e-05 1.000000000000000000e+00
DSC_8294.JPG_max_x: 1318.95
DSC_8294.JPG_min_x: 593.551
DSC_8294.JPG_max_y: 1496.28
DSC_8294.JPG_min_y: 499.746
DSC_8456.JPG_max_x: 825.2
DSC_8456.JPG_min_x: 24.6013
DSC_8456.JPG_max_y: 1685.23
DSC_8456.JPG_min_y: 668.461
