4.487192658815633006e-01 -1.737025147314567031e-01 2.829416737947877323e+02
9.591737452842760692e-02 4.889456392856669081e-02 1.019440220590637523e+03
6.221281020362411410e-05 -2.755387978906915364e-04 1.000000000000000000e+00
DSC_8319.JPG_max_x: 1068.6
DSC_8319.JPG_min_x: 80.3554
DSC_8319.JPG_max_y: 1540.86
DSC_8319.JPG_min_y: 39.5775
DSC_8350.JPG_max_x: 747.464
DSC_8350.JPG_min_x: 288.484
DSC_8350.JPG_max_y: 1875.53
DSC_8350.JPG_min_y: 1046.77
