2.612074440725777436e+01 8.572641697195837462e-01 -2.650658242294141019e+04
3.819502583680468355e+00 2.522381999117781248e+01 -2.157826278107307371e+04
3.863719585441355384e-03 1.639169430476253384e-03 1.000000000000000000e+00
DSC_8234.JPG_max_x: 1288.67
DSC_8234.JPG_min_x: 990.206
DSC_8234.JPG_max_y: 1173.56
DSC_8234.JPG_min_y: 810.318
DSC_8304.JPG_max_x: 1031.39
DSC_8304.JPG_min_x: 24.4255
DSC_8304.JPG_max_y: 1638.73
DSC_8304.JPG_min_y: 460.421
