3.344681377261707333e-01 -1.497286515414441022e-01 6.317860446992866628e+02
-1.926132994232032936e-01 3.692600770113145803e-01 7.106885207871943066e+02
-1.898454907742558795e-04 -1.476708686850270423e-04 9.999999999999998890e-01
DSC_8306.JPG_max_x: 1127.35
DSC_8306.JPG_min_x: 15.432
DSC_8306.JPG_max_y: 1275.4
DSC_8306.JPG_min_y: 583.882
DSC_8414.JPG_max_x: 1323.96
DSC_8414.JPG_min_x: 534.898
DSC_8414.JPG_max_y: 1492.28
DSC_8414.JPG_min_y: 1017.14
