1.437529511463419318e+01 -2.470117381794358025e+01 1.826262611634640962e+03
6.530283132062029594e+00 -1.290569071167242576e+01 2.232340639426113285e+03
1.571447343839769625e-02 -2.367452793028825692e-02 1.000000000000000000e+00
DSC_8429.JPG_max_x: 852.414
DSC_8429.JPG_min_x: 2.4934
DSC_8429.JPG_max_y: 580.16
DSC_8429.JPG_min_y: 216.4
DSC_8473.JPG_max_x: 1304.1
DSC_8473.JPG_min_x: 204.394
DSC_8473.JPG_max_y: 596.58
DSC_8473.JPG_min_y: 87.1544
