8.020583631346865916e-01 7.740970432889977826e-02 4.065752018996410584e+02
7.178798185175803981e-02 6.893564237451025312e-01 2.334220949640192373e+02
6.244801396098035738e-05 -3.848895382169375509e-05 1.000000000000000000e+00
DSC_8339.JPG_max_x: 1210.14
DSC_8339.JPG_min_x: 95.3063
DSC_8339.JPG_max_y: 834.748
DSC_8339.JPG_min_y: 172.431
DSC_8429.JPG_max_x: 1330.29
DSC_8429.JPG_min_x: 506.191
DSC_8429.JPG_max_y: 817.083
DSC_8429.JPG_min_y: 371.137
