5.127278815456017824e-01 -2.972866909964482773e-01 7.705301442767970457e+02
-1.135050016261415634e-01 3.475112741132641569e-01 6.896921819459271319e+02
-1.596241002148056940e-04 -2.135021567182578269e-04 1.000000000000000000e+00
DSC_8310.JPG_max_x: 642.735
DSC_8310.JPG_min_x: 11.017
DSC_8310.JPG_max_y: 1555.06
DSC_8310.JPG_min_y: 1168.63
DSC_8442.JPG_max_x: 1160.68
DSC_8442.JPG_min_x: 472.949
DSC_8442.JPG_max_y: 1924.85
DSC_8442.JPG_min_y: 1464.81
