1.210346610707934811e+00 -1.143112108689002399e-01 -5.920330205239966972e+02
2.325605976447926881e+00 -8.780065073899048222e-01 -7.519694138742511313e+01
1.793939653146479863e-03 -1.773389778555886209e-03 1.000000000000000000e+00
DSC_8246.JPG_max_x: 1218.66
DSC_8246.JPG_min_x: 164.758
DSC_8246.JPG_max_y: 1074.97
DSC_8246.JPG_min_y: 480.363
DSC_8458.JPG_max_x: 827.905
DSC_8458.JPG_min_x: 43.1352
DSC_8458.JPG_max_y: 1371.27
DSC_8458.JPG_min_y: 754.195
