-1.003871631206461501e+00 -6.479087799902755185e-01 1.210313276379889430e+03
-2.225258317670203656e+00 -3.104613908335419614e-01 1.511650201233230064e+03
-1.202012483589928000e-03 -3.150687100497347203e-04 1.000000000000000000e+00
DSC_8353.JPG_max_x: 483.982
DSC_8353.JPG_min_x: 24.4407
DSC_8353.JPG_max_y: 1135.05
DSC_8353.JPG_min_y: 134.807
DSC_8378.JPG_max_x: 1286.04
DSC_8378.JPG_min_x: 451.217
DSC_8378.JPG_max_y: 1681.47
DSC_8378.JPG_min_y: 1249.93
