2.272407121640835026e+00 5.652968502730889577e-01 3.151463057028157664e+02
5.496604628607876242e-01 1.534373621105201035e+00 1.126479633410231713e+02
9.967124522428571706e-04 5.886300874574085370e-04 1.000000000000000000e+00
DSC_8413.JPG_max_x: 726.406
DSC_8413.JPG_min_x: 96.4508
DSC_8413.JPG_max_y: 498.241
DSC_8413.JPG_min_y: 8.09833
DSC_8445.JPG_max_x: 1111.03
DSC_8445.JPG_min_x: 583.713
DSC_8445.JPG_max_y: 670.162
DSC_8445.JPG_min_y: 236.301
