6.885855994087283216e-01 -1.638779488374741133e-01 9.688153636212673803e+01
1.210586595905534385e-01 2.916725313555706411e-01 9.090990245995063788e+02
8.403588972685988642e-05 -2.620154720129158317e-04 1.000000000000000000e+00
DSC_8335.JPG_max_x: 1304.64
DSC_8335.JPG_min_x: 259.657
DSC_8335.JPG_max_y: 1273.63
DSC_8335.JPG_min_y: 9.05744
DSC_8350.JPG_max_x: 954.607
DSC_8350.JPG_min_x: 265.682
DSC_8350.JPG_max_y: 1878.18
DSC_8350.JPG_min_y: 926.403
