6.141708673731194335e-01 -2.752785872459590499e-01 3.911526011205093596e+02
-7.288245033787497940e-02 7.818981295769208417e-01 5.311673186851796657e+01
-5.493502554144100982e-04 2.553751589943202734e-04 1.000000000000000000e+00
DSC_8259.JPG_max_x: 797.733
DSC_8259.JPG_min_x: 131.381
DSC_8259.JPG_max_y: 670.712
DSC_8259.JPG_min_y: 31.585
DSC_8323.JPG_max_x: 1179.65
DSC_8323.JPG_min_x: 343.525
DSC_8323.JPG_max_y: 689.888
DSC_8323.JPG_min_y: 76.7477
