3.485587190665161206e+00 -6.527066593016170870e-01 -2.380075940287272715e+03
3.290775163502911660e+00 -1.098182470726060123e-01 -1.753986182182007724e+03
2.263488847591321046e-03 -2.105697549943287214e-03 1.000000000000000000e+00
DSC_8216.JPG_max_x: 1308.08
DSC_8216.JPG_min_x: 157.311
DSC_8216.JPG_max_y: 1267.85
DSC_8216.JPG_min_y: 696.119
DSC_8420.JPG_max_x: 1190.17
DSC_8420.JPG_min_x: 18.4923
DSC_8420.JPG_max_y: 1666.84
DSC_8420.JPG_min_y: 747.981
