-2.444080822018422361e-01 7.583252456679938358e-02 5.440175255127263654e+02
-3.221194127522461481e-01 6.980006918276208117e-01 -3.576378062765098775e+02
-6.733985495188272172e-04 1.398377069435938842e-04 1.000000000000000000e+00
DSC_8196.JPG_max_x: 1318.3
DSC_8196.JPG_min_x: 982.814
DSC_8196.JPG_max_y: 1845.91
DSC_8196.JPG_min_y: 1225.42
DSC_8439.JPG_max_x: 1068.07
DSC_8439.JPG_min_x: 761.842
DSC_8439.JPG_max_y: 1156.74
DSC_8439.JPG_min_y: 320.319
