-8.884191626367307082e-01 -9.121970941555068713e-01 1.812974089316176787e+03
-6.147019422809754108e-01 -2.028860502772399599e+00 1.663734613623305449e+03
-1.139644221114637654e-03 -8.544004965273380766e-04 9.999999999999998890e-01
DSC_8211.JPG_max_x: 1318.5
DSC_8211.JPG_min_x: 984.784
DSC_8211.JPG_max_y: 1409.31
DSC_8211.JPG_min_y: 929.379
DSC_8213.JPG_max_x: 309.42
DSC_8213.JPG_min_x: 61.3819
DSC_8213.JPG_max_y: 1296.75
DSC_8213.JPG_min_y: 814.814
