1.098894773598049435e+00 -1.328931078739091221e-01 -1.016651724250935018e+02
-1.865322992246515044e-01 1.045611476203806456e+00 1.524603191404197275e+02
-2.277941116855885064e-04 -1.479449803948782143e-04 1.000000000000000000e+00
DSC_8278.JPG_max_x: 978.786
DSC_8278.JPG_min_x: 150.669
DSC_8278.JPG_max_y: 1186.14
DSC_8278.JPG_min_y: 445.571
DSC_8438.JPG_max_x: 1315.06
DSC_8438.JPG_min_x: 15.3245
DSC_8438.JPG_max_y: 1889.19
DSC_8438.JPG_min_y: 646.963
