1.736806516606341111e+00 8.292792494429728212e-01 9.793329536830769939e+02
-9.829509803959012026e-02 3.307077961875150685e+00 -2.523673973845840010e+03
-8.529989424912073600e-04 1.545360505062307911e-03 1.000000000000000000e+00
DSC_8308.JPG_max_x: 635.407
DSC_8308.JPG_min_x: 17.5201
DSC_8308.JPG_max_y: 1671.74
DSC_8308.JPG_min_y: 1156.61
DSC_8445.JPG_max_x: 1298.25
DSC_8445.JPG_min_x: 696.823
DSC_8445.JPG_max_y: 915.25
DSC_8445.JPG_min_y: 510.161
