7.556735005461305832e-01 6.890188724539574039e-02 2.982303430478052064e+02
7.201873545176369629e-02 7.629173280875877206e-01 6.590655464825530885e+01
1.463414336798657577e-06 2.355664115741130821e-05 1.000000000000000000e+00
DSC_8349.JPG_max_x: 816.049
DSC_8349.JPG_min_x: 13.2152
DSC_8349.JPG_max_y: 1426.78
DSC_8349.JPG_min_y: 689.731
DSC_8377.JPG_max_x: 969.667
DSC_8377.JPG_min_x: 353.671
DSC_8377.JPG_max_y: 1156.71
DSC_8377.JPG_min_y: 583.124
