7.605266061101742525e-02 -5.416512820854428867e-01 1.189356889742522981e+03
-5.282419921515618677e-01 2.292674117463631422e-01 1.177646018129618369e+03
-5.125977172379258965e-04 -2.260199249205190454e-04 1.000000000000000000e+00
DSC_8233.JPG_max_x: 272.218
DSC_8233.JPG_min_x: 13.0806
DSC_8233.JPG_max_y: 1023.9
DSC_8233.JPG_min_y: 154.346
DSC_8246.JPG_max_x: 1297.38
DSC_8246.JPG_min_x: 842.128
DSC_8246.JPG_max_y: 1920.15
DSC_8246.JPG_min_y: 1270.68
