1.536397880253386472e-01 -4.544058293893477041e-01 7.923875886716645027e+02
-9.487884770176056859e-02 3.273318339703601421e-01 2.453297877208852356e+02
-5.388053158497514662e-04 -1.043107676477489110e-04 1.000000000000000000e+00
DSC_8293.JPG_max_x: 770.63
DSC_8293.JPG_min_x: 148.122
DSC_8293.JPG_max_y: 1313.52
DSC_8293.JPG_min_y: 77.7891
DSC_8337.JPG_max_x: 1278.51
DSC_8337.JPG_min_x: 343.585
DSC_8337.JPG_max_y: 1249.05
DSC_8337.JPG_min_y: 266.786
