5.223750603769406614e-02 -4.619089793930718502e-01 7.016859409406293935e+02
-3.041304183889760315e-01 2.960986938249723366e-01 -7.939409829578477229e+01
-3.567349482474709314e-04 -3.705920794862835408e-04 1.000000000000000000e+00
DSC_8222.JPG_max_x: 1107.13
DSC_8222.JPG_min_x: 341.098
DSC_8222.JPG_max_y: 1578.76
DSC_8222.JPG_min_y: 1124.05
DSC_8307.JPG_max_x: 1218.34
DSC_8307.JPG_min_x: 167.922
DSC_8307.JPG_max_y: 1775.33
DSC_8307.JPG_min_y: 181.592
