1.364856549505512939e+00 -1.018546323989411029e-01 -1.195495045945405082e+03
3.829665819459005527e-01 1.105140331866881542e+00 -6.194211249076585801e+01
4.165139033615999626e-04 -1.647127676369303034e-04 1.000000000000000000e+00
DSC_8338.JPG_max_x: 1311.88
DSC_8338.JPG_min_x: 998.771
DSC_8338.JPG_max_y: 1789.52
DSC_8338.JPG_min_y: 843.312
DSC_8340.JPG_max_x: 346.492
DSC_8340.JPG_min_x: 11.7752
DSC_8340.JPG_max_y: 1965.41
DSC_8340.JPG_min_y: 973.572
