5.689849154150314892e-01 -7.234680171670868076e-02 1.304297157966914540e+02
-1.729557264635442002e-02 8.055892384949469021e-01 2.442804703328661287e+00
6.548441260994581233e-07 -4.744041595920286589e-05 1.000000000000000000e+00
DSC_8439.JPG_max_x: 1138.83
DSC_8439.JPG_min_x: 248.462
DSC_8439.JPG_max_y: 1593.36
DSC_8439.JPG_min_y: 450.423
DSC_8479.JPG_max_x: 734.85
DSC_8479.JPG_min_x: 152.143
DSC_8479.JPG_max_y: 1363.72
DSC_8479.JPG_min_y: 346.126
