4.680109030924611835e-01 -3.549245594887588395e-01 9.082068604957607931e+02
5.669040614258628180e-02 5.319790773163951547e-01 2.103734042838513290e+02
-1.016464517435519850e-04 -1.649778938968408687e-04 1.000000000000000000e+00
DSC_8311.JPG_max_x: 690.715
DSC_8311.JPG_min_x: 36.6227
DSC_8311.JPG_max_y: 966.97
DSC_8311.JPG_min_y: 25.783
DSC_8475.JPG_max_x: 1263.26
DSC_8475.JPG_min_x: 767.87
DSC_8475.JPG_max_y: 875.55
DSC_8475.JPG_min_y: 237.927
