-2.630229458827975986e+00 -2.188215382208423820e-01 7.457755320763905047e+02
-3.259994311342988560e+00 -7.103599212312674549e-01 1.285556830499358057e+03
-3.248985796634642174e-03 -3.701315865904938407e-04 1.000000000000000000e+00
DSC_8288.JPG_max_x: 1109.13
DSC_8288.JPG_min_x: 73.3798
DSC_8288.JPG_max_y: 1898.72
DSC_8288.JPG_min_y: 364.016
DSC_8334.JPG_max_x: 891.459
DSC_8334.JPG_min_x: 430.761
DSC_8334.JPG_max_y: 1611.18
DSC_8334.JPG_min_y: 825.493
