1.392603404624560559e+00 -4.168408412166145105e+00 1.261332326110319855e+03
5.073280072724004608e-01 -1.539977047718076308e+00 4.665367497640040142e+02
1.078528734298299287e-03 -3.293658623222743033e-03 1.000000000000000000e+00
DSC_8395.JPG_max_x: 738.189
DSC_8395.JPG_min_x: 14.4048
DSC_8395.JPG_max_y: 551.652
DSC_8395.JPG_min_y: 255.614
DSC_8397.JPG_max_x: 1329.74
DSC_8397.JPG_min_x: 510.266
DSC_8397.JPG_max_y: 541.815
DSC_8397.JPG_min_y: 288.644
