8.123575859699617707e-01 1.618094105703116181e-01 1.892520456233132791e+02
3.497185554799632501e-02 7.898063748329233746e-01 1.703465714759958871e+02
7.926878494601912698e-05 1.871296367797852770e-04 1.000000000000000000e+00
DSC_8225.JPG_max_x: 1274.23
DSC_8225.JPG_min_x: 61.6981
DSC_8225.JPG_max_y: 1243.48
DSC_8225.JPG_min_y: 295.328
DSC_8323.JPG_max_x: 1088.95
DSC_8323.JPG_min_x: 323.705
DSC_8323.JPG_max_y: 874.408
DSC_8323.JPG_min_y: 386.077
