4.052663268590628309e-01 -3.977624018296993524e-02 1.080363553019289611e+03
-4.606507040483844850e-01 8.017760911698798010e-01 2.535175945048425490e+02
-3.911865650822971626e-04 -8.108269445285483433e-05 1.000000000000000000e+00
DSC_8412.JPG_max_x: 188.028
DSC_8412.JPG_min_x: 3.32491
DSC_8412.JPG_max_y: 1682.75
DSC_8412.JPG_min_y: 866.87
DSC_8414.JPG_max_x: 1322.69
DSC_8414.JPG_min_x: 1128.33
DSC_8414.JPG_max_y: 1875.18
DSC_8414.JPG_min_y: 1019.78
