-9.218541241411883913e-01 -6.663091404991250410e-01 9.393558661292770466e+02
-1.718057035153524037e+00 -1.029491981521971633e+00 1.605467403112733109e+03
-1.053270700608915315e-03 -6.841363124165769942e-04 9.999999999999998890e-01
DSC_8209.JPG_max_x: 866.348
DSC_8209.JPG_min_x: 16.8073
DSC_8209.JPG_max_y: 660.081
DSC_8209.JPG_min_y: 229.818
DSC_8380.JPG_max_x: 1326.81
DSC_8380.JPG_min_x: 799.564
DSC_8380.JPG_max_y: 1774.26
DSC_8380.JPG_min_y: 1579.81
