7.667710741340211245e-01 -1.372992059583099944e-01 -5.471261201104343286e+01
-1.149928470696452987e-01 5.777147057914991946e-01 4.546554520575461993e+02
-1.270554059233010985e-04 -8.563251434889313060e-05 1.000000000000000000e+00
DSC_8274.JPG_max_x: 1252.33
DSC_8274.JPG_min_x: 240.743
DSC_8274.JPG_max_y: 1454.32
DSC_8274.JPG_min_y: 485.452
DSC_8454.JPG_max_x: 1039.12
DSC_8454.JPG_min_x: 22.3987
DSC_8454.JPG_max_y: 1529.47
DSC_8454.JPG_min_y: 729.142
