-2.470140511145135775e-01 -3.838448404295638494e-02 3.409918466168550140e+02
-1.072707365436521121e+00 -2.651019313832687629e-01 1.535449559717993907e+03
-7.332992795873579045e-04 -1.396828143016984672e-04 9.999999999999998890e-01
DSC_8250.JPG_max_x: 1321.22
DSC_8250.JPG_min_x: 1112.35
DSC_8250.JPG_max_y: 1111.6
DSC_8250.JPG_min_y: 649.016
DSC_8304.JPG_max_x: 778.884
DSC_8304.JPG_min_x: 14.4269
DSC_8304.JPG_max_y: 1661.83
DSC_8304.JPG_min_y: 442.639
