-1.638723652973162581e+00 -7.830422454388387132e-01 8.652608847644687557e+02
-3.282651697086282905e-01 -1.104847296553993719e+00 1.311384982937708401e+03
-1.078144893786857957e-03 -9.287392310374978756e-04 1.000000000000000000e+00
DSC_8448.JPG_max_x: 972.025
DSC_8448.JPG_min_x: 14.4578
DSC_8448.JPG_max_y: 1492.12
DSC_8448.JPG_min_y: 1191.14
DSC_8469.JPG_max_x: 1324.18
DSC_8469.JPG_min_x: 808.317
DSC_8469.JPG_max_y: 833.002
DSC_8469.JPG_min_y: 211.689
