1.649392885601133729e+00 2.441714671800120084e-01 -8.281876202376176934e+02
-2.226028333478890786e-01 2.062585443857010148e+00 -1.594095146658895828e+03
-1.442723058505163310e-04 3.367369952066640091e-04 1.000000000000000000e+00
DSC_8310.JPG_max_x: 1237.81
DSC_8310.JPG_min_x: 227.281
DSC_8310.JPG_max_y: 1670.23
DSC_8310.JPG_min_y: 954.469
DSC_8327.JPG_max_x: 1222.51
DSC_8327.JPG_min_x: 18.6346
DSC_8327.JPG_max_y: 1169.96
DSC_8327.JPG_min_y: 126.714
