6.635275944125131886e-01 2.522821575023234328e-02 9.499067586385357345e+02
-8.520226273036188291e-02 1.202281512696389498e+00 -1.454739612431939122e+02
-3.446304875309012415e-04 1.031387833671688361e-04 1.000000000000000000e+00
DSC_8246.JPG_max_x: 427.579
DSC_8246.JPG_min_x: 70.9146
DSC_8246.JPG_max_y: 1721.05
DSC_8246.JPG_min_y: 478.74
DSC_8310.JPG_max_x: 1314.01
DSC_8310.JPG_min_x: 877.989
DSC_8310.JPG_max_y: 1660.52
DSC_8310.JPG_min_y: 436.593
