4.461766372808158576e-01 -2.577386758857569404e-01 1.946117685206619115e+02
-1.001180849821970420e-01 -7.266527527766429573e-02 1.098360566069089373e+03
-1.180681331145998095e-04 -3.812104527790001560e-04 1.000000000000000000e+00
DSC_8229.JPG_max_x: 1241.21
DSC_8229.JPG_min_x: 23.2072
DSC_8229.JPG_max_y: 820.072
DSC_8229.JPG_min_y: 149.003
DSC_8310.JPG_max_x: 896.43
DSC_8310.JPG_min_x: 37.5674
DSC_8310.JPG_max_y: 1665.24
DSC_8310.JPG_min_y: 1177.95
