1.139494796566072221e+00 6.016954795546008983e-01 -4.737183937899134207e+02
-1.218222443107618708e-01 1.481419263254195151e+00 -6.909263520346259213e+01
1.193585576569784203e-04 2.084930534307030832e-04 1.000000000000000000e+00
DSC_8447.JPG_max_x: 1139.06
DSC_8447.JPG_min_x: 31.352
DSC_8447.JPG_max_y: 1529.42
DSC_8447.JPG_min_y: 275.676
DSC_8453.JPG_max_x: 939.09
DSC_8453.JPG_min_x: 17.8738
DSC_8453.JPG_max_y: 1531.84
DSC_8453.JPG_min_y: 218.396
