4.061691056674418654e+00 1.289389755515098601e+00 -2.864873131048884716e+03
-4.907712474609076114e-01 4.249894208505059723e+00 -3.888612539306816416e+03
-5.074141365303907027e-04 8.755390152154969878e-04 1.000000000000000000e+00
DSC_8312.JPG_max_x: 845.681
DSC_8312.JPG_min_x: 428.888
DSC_8312.JPG_max_y: 1642.85
DSC_8312.JPG_min_y: 1021.22
DSC_8345.JPG_max_x: 1301.25
DSC_8345.JPG_min_x: 200.019
DSC_8345.JPG_max_y: 1316.52
DSC_8345.JPG_min_y: 42.8938
