1.058286886927627846e+00 -7.332077302281406195e-02 -8.177913541105560569e+01
-8.134673442042202052e-02 1.082941848153498920e+00 -7.903163820140159146e+01
-1.038436315248259656e-04 -4.808213289379720175e-05 1.000000000000000000e+00
DSC_8276.JPG_max_x: 1186.33
DSC_8276.JPG_min_x: 240.702
DSC_8276.JPG_max_y: 1446.82
DSC_8276.JPG_min_y: 506.723
DSC_8310.JPG_max_x: 1324.23
DSC_8310.JPG_min_x: 138.85
DSC_8310.JPG_max_y: 1660.52
DSC_8310.JPG_min_y: 436.593
