4.681719798293493828e-01 -2.589858442173231801e-01 9.886424824598026362e+02
-6.273539582269412052e-02 9.165056775415324486e-01 -2.940127873246788681e+01
-3.667964529760212380e-04 4.369088049583580517e-05 1.000000000000000000e+00
DSC_8457.JPG_max_x: 517.54
DSC_8457.JPG_min_x: 5.08883
DSC_8457.JPG_max_y: 991.05
DSC_8457.JPG_min_y: 538.167
DSC_8475.JPG_max_x: 1294.75
DSC_8475.JPG_min_x: 772.106
DSC_8475.JPG_max_y: 872.216
DSC_8475.JPG_min_y: 472.949
