5.029614472847264706e-01 -3.475644407763128774e-01 1.078752030636293966e+03
8.013092728024986955e-02 6.938101157381707518e-01 -1.112312141339637463e+02
-1.670433007796026876e-04 -5.015845701817727960e-05 1.000000000000000000e+00
DSC_8337.JPG_max_x: 710.271
DSC_8337.JPG_min_x: 13.6209
DSC_8337.JPG_max_y: 1383.93
DSC_8337.JPG_min_y: 596.13
DSC_8351.JPG_max_x: 1235.1
DSC_8351.JPG_min_x: 837.45
DSC_8351.JPG_max_y: 1114.04
DSC_8351.JPG_min_y: 349.993
