-3.186236740687174329e+00 -1.814635433906019168e-01 1.120245728083633821e+03
-1.865150178561738592e+00 -1.708436367542156109e+00 2.519406136524302838e+03
-3.479537566982261049e-03 -6.748922038511352337e-05 1.000000000000000000e+00
DSC_8200.JPG_max_x: 412.806
DSC_8200.JPG_min_x: 105.162
DSC_8200.JPG_max_y: 1421.15
DSC_8200.JPG_min_y: 887.616
DSC_8305.JPG_max_x: 1137.59
DSC_8305.JPG_min_x: 377.495
DSC_8305.JPG_max_y: 1637.05
DSC_8305.JPG_min_y: 238.536
