-5.509990755039331667e+00 -1.695109488633655126e-01 2.552838891535242965e+03
-3.573805576749617074e+00 3.537249280779786176e-01 1.116639026989162630e+03
-3.500965547251189223e-03 3.717425190337285325e-04 1.000000000000000000e+00
DSC_8266.JPG_max_x: 753.783
DSC_8266.JPG_min_x: 207.839
DSC_8266.JPG_max_y: 1462.72
DSC_8266.JPG_min_y: 917.067
DSC_8301.jpg_max_x: 1917.93
DSC_8301.jpg_min_x: 1325.15
DSC_8301.jpg_max_y: 1319.63
DSC_8301.jpg_min_y: 1003.27
