-2.283972507379710581e+00 1.341202070829776272e+00 7.560253831321516600e+02
-3.258013405602138590e+00 1.835103064125101602e+00 1.122515141632956329e+03
-2.434903693923377074e-03 1.151702038476629976e-03 9.999999999999998890e-01
DSC_8282.JPG_max_x: 1306.15
DSC_8282.JPG_min_x: 565.044
DSC_8282.JPG_max_y: 880.785
DSC_8282.JPG_min_y: 597.098
DSC_8462.JPG_max_x: 1272.37
DSC_8462.JPG_min_x: 761.097
DSC_8462.JPG_max_y: 1565.82
DSC_8462.JPG_min_y: 1155.86
