-1.201953351455220753e+00 -1.733837968153596254e+00 1.639432173795393510e+03
1.645673366713028107e+00 -6.244646707729201829e+00 3.935578508415005217e+03
-1.689450117926130993e-03 -1.803074346387980144e-03 1.000000000000000000e+00
DSC_8246.JPG_max_x: 1297.38
DSC_8246.JPG_min_x: 588.72
DSC_8246.JPG_max_y: 1886.82
DSC_8246.JPG_min_y: 956.079
DSC_8347.JPG_max_x: 776.305
DSC_8347.JPG_min_x: 391.853
DSC_8347.JPG_max_y: 1492.03
DSC_8347.JPG_min_y: 193.628
