6.042464661814870297e-01 -1.854907548980792298e-01 -1.065191556359948635e+02
4.639194974005167449e-02 4.342273618250636624e-01 1.104024650946423208e+03
1.646848502695997342e-05 -9.600449761394160009e-05 1.000000000000000000e+00
DSC_8209.JPG_max_x: 1294.59
DSC_8209.JPG_min_x: 369.047
DSC_8209.JPG_max_y: 761.972
DSC_8209.JPG_min_y: 221.728
DSC_8354.JPG_max_x: 573.211
DSC_8354.JPG_min_x: 48.6205
DSC_8354.JPG_max_y: 1571.41
DSC_8354.JPG_min_y: 1247.38
