3.772844011292044164e-01 1.519645473471392116e-01 3.630820093039225753e+02
-7.319626604022524963e-02 1.174975690848963250e+00 -1.076168667956858144e+03
-3.332965146717310843e-04 2.202585195934844535e-04 1.000000000000000000e+00
DSC_8330.JPG_max_x: 876.993
DSC_8330.JPG_min_x: 261.59
DSC_8330.JPG_max_y: 1916.0
DSC_8330.JPG_min_y: 997.502
DSC_8459.JPG_max_x: 913.349
DSC_8459.JPG_min_x: 558.195
DSC_8459.JPG_max_y: 955.96
DSC_8459.JPG_min_y: 47.1971
