1.337980623590703289e+01 5.891257182685949445e+00 -6.273498750371723872e+03
-1.066246988912911853e+01 2.329301675322539822e+01 -2.301466196444528759e+04
-7.477751372634099288e-03 7.841775797075905760e-03 1.000000000000000000e+00
DSC_8218.JPG_max_x: 554.393
DSC_8218.JPG_min_x: 7.88829
DSC_8218.JPG_max_y: 1912.32
DSC_8218.JPG_min_y: 1126.87
DSC_8419.JPG_max_x: 1075.85
DSC_8419.JPG_min_x: 54.2879
DSC_8419.JPG_max_y: 1331.71
DSC_8419.JPG_min_y: 285.393
