9.398316852456357617e-01 -2.263216262927802147e-01 6.073566948905935305e+02
2.301485423408309583e-01 7.521351203784173434e-01 3.238940139787126782e+02
1.940465457893016305e-04 -1.279227774476765348e-04 1.000000000000000000e+00
DSC_8218.JPG_max_x: 1241.7
DSC_8218.JPG_min_x: 7.88829
DSC_8218.JPG_max_y: 1274.68
DSC_8218.JPG_min_y: 572.932
DSC_8362.JPG_max_x: 1330.47
DSC_8362.JPG_min_x: 419.294
DSC_8362.JPG_max_y: 1523.66
DSC_8362.JPG_min_y: 837.164
