-3.099319781569196852e+00 3.737147824883162994e-01 1.229167047938769656e+03
-4.333643489423224082e+00 1.187625228131897748e+00 1.368026840121204259e+03
-2.843084040492474020e-03 4.556113211648800897e-04 1.000000000000000000e+00
DSC_8209.JPG_max_x: 495.258
DSC_8209.JPG_min_x: 13.518
DSC_8209.JPG_max_y: 762.074
DSC_8209.JPG_min_y: 284.369
DSC_8366.JPG_max_x: 1318.42
DSC_8366.JPG_min_x: 729.853
DSC_8366.JPG_max_y: 1803.62
DSC_8366.JPG_min_y: 1343.62
