-3.852442554601763547e+00 -7.996898514966835236e+00 1.562230004769784728e+03
-1.845610957469455693e+00 -2.171839698212749425e+01 2.342778821518004861e+03
-1.196420332601072023e-03 -1.115494476889051026e-02 1.000000000000000000e+00
DSC_8221.JPG_max_x: 530.63
DSC_8221.JPG_min_x: 56.3909
DSC_8221.JPG_max_y: 344.756
DSC_8221.JPG_min_y: 212.815
DSC_8432.JPG_max_x: 1035.02
DSC_8432.JPG_min_x: 498.445
DSC_8432.JPG_max_y: 1843.97
DSC_8432.JPG_min_y: 1631.98
