7.452173084208757459e-01 -1.832448757024073560e-01 -4.328600752415841413e+01
-1.033641752774476646e-01 5.316651218555226155e-01 9.868775700498802053e+02
-1.301279564289739251e-04 -2.170771093188439708e-04 1.000000000000000000e+00
DSC_8261.JPG_max_x: 1247.28
DSC_8261.JPG_min_x: 138.813
DSC_8261.JPG_max_y: 694.866
DSC_8261.JPG_min_y: 224.734
DSC_8310.JPG_max_x: 1073.93
DSC_8310.JPG_min_x: 17.0567
DSC_8310.JPG_max_y: 1685.2
DSC_8310.JPG_min_y: 1165.47
