7.881571531001867470e-01 1.804744548609248656e-01 9.087380622094202636e+02
2.494527248352964577e-01 8.353539092056534443e-01 2.530411048022006071e+02
2.710590201862275619e-04 1.541963822771084860e-04 1.000000000000000000e+00
DSC_8406.JPG_max_x: 833.995
DSC_8406.JPG_min_x: 326.157
DSC_8406.JPG_max_y: 1976.7
DSC_8406.JPG_min_y: 526.218
DSC_8440.JPG_max_x: 1275.54
DSC_8440.JPG_min_x: 1090.12
DSC_8440.JPG_max_y: 1410.06
DSC_8440.JPG_min_y: 689.741
