2.618070252664419062e+00 2.104902166792456120e-01 -5.133199726213646272e+02
2.955454950751194687e+00 1.675648254731307851e+00 3.262448908054369667e+02
1.633716479450569208e-03 -2.616307779797130413e-04 1.000000000000000000e+00
DSC_8409.JPG_max_x: 1258.24
DSC_8409.JPG_min_x: 391.458
DSC_8409.JPG_max_y: 820.664
DSC_8409.JPG_min_y: 379.851
DSC_8424.JPG_max_x: 1082.01
DSC_8424.JPG_min_x: 446.26
DSC_8424.JPG_max_y: 1915.23
DSC_8424.JPG_min_y: 1383.88
