7.946224641744543682e+00 1.394958210275779820e+01 -1.266760334053564520e+03
4.903758256045507302e+00 1.725261405118197189e+01 -2.823920008180299192e+03
6.317182108626916669e-03 1.248701662870604565e-02 1.000000000000000000e+00
DSC_8261.JPG_max_x: 906.39
DSC_8261.JPG_min_x: 81.4648
DSC_8261.JPG_max_y: 646.755
DSC_8261.JPG_min_y: 224.348
DSC_8443.JPG_max_x: 1171.67
DSC_8443.JPG_min_x: 442.715
DSC_8443.JPG_max_y: 977.737
DSC_8443.JPG_min_y: 509.786
