9.823598875555629162e-01 -1.061524725996276647e-01 -2.527239463084359841e+02
9.416774624065557542e-02 8.434359674194703560e-01 1.054625009277176275e+02
1.134557720130721398e-04 -7.634686006258816881e-05 1.000000000000000000e+00
DSC_8325.JPG_max_x: 1294.52
DSC_8325.JPG_min_x: 330.996
DSC_8325.JPG_max_y: 930.749
DSC_8325.JPG_min_y: 53.1578
DSC_8427.JPG_max_x: 853.259
DSC_8427.JPG_min_x: 17.0374
DSC_8427.JPG_max_y: 944.079
DSC_8427.JPG_min_y: 192.691
