-1.306629326375709166e+00 -6.413023658279782824e-01 1.016501540978153002e+03
-1.047990689407753306e+00 -8.301396453304555889e-01 7.414648311184924978e+02
-2.372225531277434313e-03 -4.800027281983459591e-04 1.000000000000000000e+00
DSC_8321.JPG_max_x: 1126.7
DSC_8321.JPG_min_x: 92.7984
DSC_8321.JPG_max_y: 804.232
DSC_8321.JPG_min_y: 17.0077
DSC_8473.JPG_max_x: 1009.22
DSC_8473.JPG_min_x: 90.2677
DSC_8473.JPG_max_y: 707.832
DSC_8473.JPG_min_y: 153.442
