7.089295806261155519e-01 -2.743502956156548267e-01 7.182378329649462785e+02
8.141009802081795865e-02 8.343202956091726463e-01 9.005181356592114383e+00
-1.737305022881831110e-04 2.350290235322500442e-05 1.000000000000000000e+00
DSC_8293.JPG_max_x: 589.567
DSC_8293.JPG_min_x: 18.4878
DSC_8293.JPG_max_y: 1464.23
DSC_8293.JPG_min_y: 271.076
DSC_8467.JPG_max_x: 1166.21
DSC_8467.JPG_min_x: 383.714
DSC_8467.JPG_max_y: 1221.83
DSC_8467.JPG_min_y: 310.402
