5.231426725800685240e-01 -3.739579221729713021e-01 1.309518164166953511e+03
4.159330043385595609e-03 8.676969469013429137e-01 1.898822430840601214e+02
-3.318063365701763795e-04 8.064687216874558395e-06 1.000000000000000000e+00
DSC_8439.JPG_max_x: 439.168
DSC_8439.JPG_min_x: 12.8111
DSC_8439.JPG_max_y: 1426.28
DSC_8439.JPG_min_y: 229.895
DSC_8441.JPG_max_x: 1266.58
DSC_8441.JPG_min_x: 1009.3
DSC_8441.JPG_max_y: 1619.78
DSC_8441.JPG_min_y: 390.351
