2.479206261273367989e-02 -2.971115682398631913e-02 2.287205775311958078e+01
-6.362153525670981580e-01 -1.914418508929060514e-01 1.236033760886367190e+03
-3.677532254493372189e-04 -2.848248958927599708e-04 1.000000000000000000e+00
DSC_8200.JPG_max_x: 1325.17
DSC_8200.JPG_min_x: 275.001
DSC_8200.JPG_max_y: 1520.1
DSC_8200.JPG_min_y: 885.305
DSC_8202.JPG_max_x: 151.553
DSC_8202.JPG_min_x: 22.3479
DSC_8202.JPG_max_y: 1353.56
DSC_8202.JPG_min_y: 960.741
