2.789359009440675607e-01 -3.233221715029847565e-01 9.801947748212127181e+02
-1.970363022971305667e-01 2.758255377177235568e-01 1.188978741248954748e+03
-2.087432933448936541e-04 -1.342182451751070449e-04 1.000000000000000000e+00
DSC_8337.JPG_max_x: 626.52
DSC_8337.JPG_min_x: 13.6209
DSC_8337.JPG_max_y: 890.531
DSC_8337.JPG_min_y: 583.131
DSC_8364.JPG_max_x: 1213.97
DSC_8364.JPG_min_x: 808.745
DSC_8364.JPG_max_y: 1652.31
DSC_8364.JPG_min_y: 1498.98
