7.580070449287664713e-01 1.093731583416247960e-01 1.025169257954773911e+03
3.249090379619087865e-01 6.703348303920194651e-01 1.171035042688426756e+03
1.224803582638521037e-04 1.159512851693526923e-04 1.000000000000000000e+00
DSC_8211.JPG_max_x: 450.795
DSC_8211.JPG_min_x: 21.2479
DSC_8211.JPG_max_y: 1286.9
DSC_8211.JPG_min_y: 451.861
DSC_8428.JPG_max_x: 1272.54
DSC_8428.JPG_min_x: 1030.63
DSC_8428.JPG_max_y: 1808.35
DSC_8428.JPG_min_y: 1454.57
