-2.677892208480606939e+01 -5.712045643229970437e+00 1.970478965639401213e+04
4.596530038336274493e-01 -2.994621278146493637e+01 3.112679065234063455e+04
-1.219565310517731031e-03 -7.226445853475149672e-03 1.000000000000000000e+00
DSC_8334.JPG_max_x: 912.526
DSC_8334.JPG_min_x: 540.593
DSC_8334.JPG_max_y: 1660.01
DSC_8334.JPG_min_y: 1108.99
DSC_8465.JPG_max_x: 1207.87
DSC_8465.JPG_min_x: 131.065
DSC_8465.JPG_max_y: 1535.01
DSC_8465.JPG_min_y: 237.91
