8.963325229227336877e-01 6.194370255240021217e-02 -4.061841195950279939e+02
1.378220533336322884e-01 7.765128130693872421e-01 1.288877347784927224e+03
1.500126629896060180e-04 -5.177676352532423751e-05 1.000000000000000000e+00
DSC_8467.JPG_max_x: 1213.16
DSC_8467.JPG_min_x: 469.343
DSC_8467.JPG_max_y: 830.511
DSC_8467.JPG_min_y: 281.122
DSC_8472.JPG_max_x: 608.964
DSC_8472.JPG_min_x: 39.1641
DSC_8472.JPG_max_y: 1943.16
DSC_8472.JPG_min_y: 1445.64
