9.452641585696704984e-01 3.172665489789853327e-02 -1.463403355084642499e+02
-6.588089927026115344e-02 1.057028625915435560e+00 -2.104042004010491240e+01
-1.108895820081902194e-04 2.446120815502516406e-04 1.000000000000000000e+00
DSC_8258.JPG_max_x: 1315.65
DSC_8258.JPG_min_x: 127.155
DSC_8258.JPG_max_y: 1825.85
DSC_8258.JPG_min_y: 753.281
DSC_8294.JPG_max_x: 994.38
DSC_8294.JPG_min_x: 10.2972
DSC_8294.JPG_max_y: 1338.67
DSC_8294.JPG_min_y: 663.182
