-5.728566300540473222e+00 -4.055102297729927807e-01 3.088389090276692059e+03
-2.632875590619498385e-01 -4.912347483781385193e+00 6.363655341543373652e+03
-2.347777308682011052e-03 -2.770426033286207002e-03 1.000000000000000000e+00
DSC_8244.JPG_max_x: 1184.83
DSC_8244.JPG_min_x: 561.122
DSC_8244.JPG_max_y: 1615.9
DSC_8244.JPG_min_y: 1303.92
DSC_8297.JPG_max_x: 775.712
DSC_8297.JPG_min_x: 189.996
DSC_8297.JPG_max_y: 372.407
DSC_8297.JPG_min_y: 54.9892
