4.274188164294249748e-01 -3.701834697226234483e-01 3.350273165880548731e+02
2.050464791172756651e-01 -2.456831069833592951e-01 2.855272256686308765e+02
4.407574247793192581e-04 -7.642752206583539173e-04 1.000000000000000000e+00
DSC_8254.JPG_max_x: 1319.18
DSC_8254.JPG_min_x: 133.046
DSC_8254.JPG_max_y: 1698.72
DSC_8254.JPG_min_y: 1046.17
DSC_8415.JPG_max_x: 1101.51
DSC_8415.JPG_min_x: 291.738
DSC_8415.JPG_max_y: 529.905
DSC_8415.JPG_min_y: 286.701
