8.762224852015921828e-01 3.800348948742032773e-02 4.352756451383725107e+02
1.386939430346418312e-01 1.210326091728676001e+00 -9.417659695333843501e+02
1.726864100954608381e-04 3.019171647832653372e-04 1.000000000000000000e+00
DSC_8306.JPG_max_x: 1190.68
DSC_8306.JPG_min_x: 31.0451
DSC_8306.JPG_max_y: 1301.05
DSC_8306.JPG_min_y: 960.752
DSC_8397.JPG_max_x: 963.409
DSC_8397.JPG_min_x: 374.737
DSC_8397.JPG_max_y: 506.155
DSC_8397.JPG_min_y: 215.971
