-2.131548893002290224e-01 -4.372182694567851580e-01 1.164268773690108446e+03
-5.233294431325437035e-01 5.843055522339939134e-02 1.012404408253545398e+03
-4.614030003099901930e-04 -2.632548461644532677e-04 9.999999999999998890e-01
DSC_8229.JPG_max_x: 528.352
DSC_8229.JPG_min_x: 134.304
DSC_8229.JPG_max_y: 966.878
DSC_8229.JPG_min_y: 231.894
DSC_8294.JPG_max_x: 1327.24
DSC_8294.JPG_min_x: 1116.25
DSC_8294.JPG_max_y: 1496.28
DSC_8294.JPG_min_y: 1091.76
