1.209910185064350996e+00 3.855685556515289769e-01 -7.098879766599860659e+02
2.785217679879324337e-01 1.763894002900819213e+00 1.148088011365978673e+03
3.402491755452792554e-04 3.538666176390532813e-04 9.999999999999998890e-01
DSC_8337.JPG_max_x: 1320.43
DSC_8337.JPG_min_x: 546.441
DSC_8337.JPG_max_y: 531.918
DSC_8337.JPG_min_y: 192.887
DSC_8472.JPG_max_x: 657.791
DSC_8472.JPG_min_x: 102.867
DSC_8472.JPG_max_y: 1627.68
DSC_8472.JPG_min_y: 1280.9
