-9.362748944989517375e-01 -8.735384291133312384e-01 1.199353695397698857e+03
-1.106798390785695529e+00 -9.348320973926149691e-01 1.307399889873488746e+03
-8.503544942541209177e-04 -7.138406211495380372e-04 1.000000000000000000e+00
DSC_8242.JPG_max_x: 998.847
DSC_8242.JPG_min_x: 10.5359
DSC_8242.JPG_max_y: 1643.89
DSC_8242.JPG_min_y: 783.535
DSC_8396.JPG_max_x: 1221.26
DSC_8396.JPG_min_x: 219.271
DSC_8396.JPG_max_y: 1564.2
DSC_8396.JPG_min_y: 1058.09
