5.747756511469618523e+00 -5.906528023537415129e-01 -2.850798962777880206e+03
4.411388446665012175e+00 2.150429831516462720e+00 -1.459490301093127982e+03
4.227369190940253978e-03 -4.537854625989824016e-04 1.000000000000000000e+00
DSC_8282.JPG_max_x: 1304.75
DSC_8282.JPG_min_x: 565.044
DSC_8282.JPG_max_y: 1582.68
DSC_8282.JPG_min_y: 713.243
DSC_8448.JPG_max_x: 635.953
DSC_8448.JPG_min_x: 8.19525
DSC_8448.JPG_max_y: 1354.77
DSC_8448.JPG_min_y: 840.162
