9.806112407863332159e-01 3.220111850893471184e-01 -6.626355023605262886e+02
-2.141705642313639635e-01 1.345398726526947586e+00 -8.761776288574726550e+02
-6.303854814693947515e-04 9.281848982658289903e-04 1.000000000000000000e+00
DSC_8242.JPG_max_x: 1302.9
DSC_8242.JPG_min_x: 554.298
DSC_8242.JPG_max_y: 1728.73
DSC_8242.JPG_min_y: 928.187
DSC_8475.JPG_max_x: 732.587
DSC_8475.JPG_min_x: 166.445
DSC_8475.JPG_max_y: 612.74
DSC_8475.JPG_min_y: 125.148
