1.769634660947644045e-01 -5.770400678738122485e-02 6.275138946865270100e+02
-1.991254897643078003e-01 3.264368457451916061e-01 7.716582684763289990e+02
-1.870756515926516952e-04 -5.054921633694691889e-05 1.000000000000000000e+00
DSC_8256.JPG_max_x: 1303.95
DSC_8256.JPG_min_x: 294.02
DSC_8256.JPG_max_y: 1725.71
DSC_8256.JPG_min_y: 663.465
DSC_8414.JPG_max_x: 1133.55
DSC_8414.JPG_min_x: 552.028
DSC_8414.JPG_max_y: 1544.02
DSC_8414.JPG_min_y: 1017.14
