-2.447409066476553541e-01 -2.131107588215848392e-01 3.338559745231913212e+02
-6.530345606383017865e-01 -2.856406754078059662e-01 5.783787347678963897e+02
-6.213139856954007006e-04 -5.873879723297269120e-04 1.000000000000000000e+00
DSC_8220.JPG_max_x: 949.092
DSC_8220.JPG_min_x: 91.7678
DSC_8220.JPG_max_y: 1521.95
DSC_8220.JPG_min_y: 838.472
DSC_8471.JPG_max_x: 803.671
DSC_8471.JPG_min_x: 42.0348
DSC_8471.JPG_max_y: 1060.44
DSC_8471.JPG_min_y: 32.9239
