2.580226176217713441e+00 2.019155218927824791e+00 -3.284331066247518720e+03
-6.008338487430268104e-01 2.535776783075929686e+00 -2.036606648665772809e+03
-3.592790345825992086e-04 1.244301643811746927e-03 1.000000000000000000e+00
DSC_8352.JPG_max_x: 1074.69
DSC_8352.JPG_min_x: 508.066
DSC_8352.JPG_max_y: 1482.04
DSC_8352.JPG_min_y: 1078.42
DSC_8473.JPG_max_x: 1021.29
DSC_8473.JPG_min_x: 189.001
DSC_8473.JPG_max_y: 418.026
DSC_8473.JPG_min_y: 88.7791
