5.053160139762754577e-01 -1.295122352342182315e-01 4.216994145222348038e+02
1.775966963298166237e-02 8.324293404149026854e-01 6.437204299015655273e+00
-2.048828227372199670e-04 5.589352032733555463e-05 9.999999999999998890e-01
DSC_8313.JPG_max_x: 1261.22
DSC_8313.JPG_min_x: 27.7322
DSC_8313.JPG_max_y: 1220.13
DSC_8313.JPG_min_y: 15.7931
DSC_8477.JPG_max_x: 1243.8
DSC_8477.JPG_min_x: 395.074
DSC_8477.JPG_max_y: 1192.23
DSC_8477.JPG_min_y: 23.4908
