2.659989117234110023e-01 -4.745484836384323835e-01 1.183984474125410316e+03
-3.470499897856499372e-01 2.790223854735964792e-01 1.000567778920001615e+03
-3.568717828442091408e-04 -2.547367215559752699e-04 1.000000000000000000e+00
DSC_8257.JPG_max_x: 310.627
DSC_8257.JPG_min_x: 12.9153
DSC_8257.JPG_max_y: 1041.22
DSC_8257.JPG_min_y: 544.87
DSC_8270.JPG_max_x: 1298.6
DSC_8270.JPG_min_x: 962.929
DSC_8270.JPG_max_y: 1872.64
DSC_8270.JPG_min_y: 1335.95
