-3.226819927169450430e+00 -5.332289425027970431e+00 1.699288752326690201e+03
-2.186177112104013831e-01 -1.049157755870030506e+01 3.746804424937957265e+03
-1.391858406229998690e-04 -7.841355792087048235e-03 1.000000000000000000e+00
DSC_8304.JPG_max_x: 1106.53
DSC_8304.JPG_min_x: 27.7159
DSC_8304.JPG_max_y: 1784.88
DSC_8304.JPG_min_y: 625.769
DSC_8334.JPG_max_x: 1285.66
DSC_8334.JPG_min_x: 576.692
DSC_8334.JPG_max_y: 1213.77
DSC_8334.JPG_min_y: 801.926
