8.245505186922067464e-01 -4.644949044344473532e-01 -2.713741074968592315e+01
1.136015350131574619e+00 -7.875441396771337699e-01 1.801833984365027561e+02
1.425524922515024068e-03 -1.654021489288986808e-03 1.000000000000000000e+00
DSC_8207.JPG_max_x: 1310.53
DSC_8207.JPG_min_x: 254.341
DSC_8207.JPG_max_y: 1173.81
DSC_8207.JPG_min_y: 223.778
DSC_8393.JPG_max_x: 1089.96
DSC_8393.JPG_min_x: 46.2293
DSC_8393.JPG_max_y: 817.226
DSC_8393.JPG_min_y: 275.381
