1.068886828990246451e+00 -3.956120540895113891e+00 -5.897102669867409759e+02
1.603275177015393238e+00 -4.632840730294395115e+01 1.812482437396723299e+03
1.239506568243740068e-03 -2.981151147128078757e-02 1.000000000000000000e+00
DSC_8297.JPG_max_x: 1221.46
DSC_8297.JPG_min_x: 216.468
DSC_8297.JPG_max_y: 342.854
DSC_8297.JPG_min_y: 54.9892
DSC_8476.JPG_max_x: 1042.61
DSC_8476.JPG_min_x: 33.3924
DSC_8476.JPG_max_y: 1646.5
DSC_8476.JPG_min_y: 1168.59
