-2.031038216141927588e+00 2.812497816380536697e-02 1.286212227899075060e+03
-1.004372932025561438e+00 6.505997601064439362e-01 8.541494689034597343e+01
-2.473834289573876438e-03 4.327125010617315212e-04 1.000000000000000000e+00
DSC_8369.JPG_max_x: 1111.15
DSC_8369.JPG_min_x: 1.89522
DSC_8369.JPG_max_y: 1447.28
DSC_8369.JPG_min_y: 455.421
DSC_8381.JPG_max_x: 1329.75
DSC_8381.JPG_min_x: 625.414
DSC_8381.JPG_max_y: 889.215
DSC_8381.JPG_min_y: 207.515
