-6.286369858901891261e-01 3.466021018067536041e-02 6.210213030124544957e+02
-1.900935579726770186e+00 -6.317985417027514872e-02 1.805039857223278204e+03
-1.446028372083080736e-03 2.497121811238109607e-04 1.000000000000000000e+00
DSC_8398.JPG_max_x: 1326.5
DSC_8398.JPG_min_x: 705.797
DSC_8398.JPG_max_y: 1563.6
DSC_8398.JPG_min_y: 991.105
DSC_8414.JPG_max_x: 772.574
DSC_8414.JPG_min_x: 16.6957
DSC_8414.JPG_max_y: 1680.06
DSC_8414.JPG_min_y: 967.199
