3.253668876973268453e+00 -4.429661755421244962e+00 2.726259329717880519e+03
1.335821980465838443e+00 -2.125626218912701759e+00 1.336541785297100660e+03
3.989141636059207775e-03 -3.768541988898801206e-03 1.000000000000000000e+00
DSC_8234.JPG_max_x: 1256.54
DSC_8234.JPG_min_x: 529.541
DSC_8234.JPG_max_y: 1976.19
DSC_8234.JPG_min_y: 1086.48
DSC_8251.JPG_max_x: 1313.9
DSC_8251.JPG_min_x: 28.9199
DSC_8251.JPG_max_y: 936.155
DSC_8251.JPG_min_y: 84.818
