-4.914498066016008693e+00 -4.400236103329084325e-01 1.700387559707328592e+03
-3.641071194029789737e+00 -1.629923164740987085e+00 2.583012306196597365e+03
-3.231501990129690815e-03 -4.022357054881098531e-04 1.000000000000000000e+00
DSC_8347.JPG_max_x: 775.908
DSC_8347.JPG_min_x: 425.6
DSC_8347.JPG_max_y: 1623.15
DSC_8347.JPG_min_y: 597.912
DSC_8375.JPG_max_x: 1321.52
DSC_8375.JPG_min_x: 1051.06
DSC_8375.JPG_max_y: 1499.08
DSC_8375.JPG_min_y: 467.994
