8.211136184597987997e-01 -2.898391509123375842e-01 7.129445703129149479e+02
7.226548741604756076e-02 4.592749732021195186e-01 2.653758913746335111e+02
7.216984172831058023e-05 -1.600973373007533499e-04 1.000000000000000000e+00
DSC_8368.JPG_max_x: 872.729
DSC_8368.JPG_min_x: 5.52387
DSC_8368.JPG_max_y: 1806.02
DSC_8368.JPG_min_y: 1031.41
DSC_8444.JPG_max_x: 1266.01
DSC_8444.JPG_min_x: 465.314
DSC_8444.JPG_max_y: 1539.75
DSC_8444.JPG_min_y: 855.846
