6.251616045772624419e-01 -1.610280299345945576e-01 3.701739930905316101e+02
3.401501421771324085e-01 2.771805842400854591e-01 2.331501920690052714e+02
3.562085380697247914e-04 -3.640507935450850970e-04 1.000000000000000000e+00
DSC_8258.JPG_max_x: 908.138
DSC_8258.JPG_min_x: 17.0376
DSC_8258.JPG_max_y: 1615.85
DSC_8258.JPG_min_y: 676.163
DSC_8322.JPG_max_x: 939.682
DSC_8322.JPG_min_x: 323.477
DSC_8322.JPG_max_y: 1401.82
DSC_8322.JPG_min_y: 597.064
