9.830038920923063195e-01 -5.262481600662893139e-02 -2.834565130960822898e+01
-1.507938816527810456e-02 9.662565731390079238e-01 5.243766923339765640e+01
-1.111951573769506150e-05 -2.833888002033650480e-05 1.000000000000000000e+00
DSC_8355.JPG_max_x: 1290.58
DSC_8355.JPG_min_x: 66.8688
DSC_8355.JPG_max_y: 1566.28
DSC_8355.JPG_min_y: 388.663
DSC_8383.JPG_max_x: 1233.2
DSC_8383.JPG_min_x: 5.69121
DSC_8383.JPG_max_y: 1645.5
DSC_8383.JPG_min_y: 430.989
