2.655132302852758475e-01 -2.189805385488422518e-01 7.117152305434544814e+02
-8.043582232053229086e-01 4.586864920966732817e-01 5.694091604139472338e+02
-5.578146693823779869e-04 -1.695901701884506337e-04 9.999999999999998890e-01
DSC_8340.JPG_max_x: 390.128
DSC_8340.JPG_min_x: 21.3592
DSC_8340.JPG_max_y: 1695.77
DSC_8340.JPG_min_y: 637.375
DSC_8382.JPG_max_x: 1106.79
DSC_8382.JPG_min_x: 520.061
DSC_8382.JPG_max_y: 1924.54
DSC_8382.JPG_min_y: 814.462
