1.565275380559881802e-01 -3.185780677930762916e-01 1.115785873378061751e+03
-2.453516069026243918e-01 2.603442257061800436e-01 1.135503823145779961e+03
-2.826152006559709009e-04 -1.264285887363503778e-04 1.000000000000000000e+00
DSC_8225.JPG_max_x: 522.105
DSC_8225.JPG_min_x: 7.60321
DSC_8225.JPG_max_y: 867.078
DSC_8225.JPG_min_y: 222.973
DSC_8352.JPG_max_x: 1319.99
DSC_8352.JPG_min_x: 1015.09
DSC_8352.JPG_max_y: 1577.84
DSC_8352.JPG_min_y: 1272.69
