2.643923636161136792e-01 7.033889283032782047e-02 9.088341200819807000e+02
-4.929803587121341923e-01 9.662786017437042796e-01 1.776156580333757162e+01
-6.325797088787643661e-04 2.015161105138731177e-04 1.000000000000000000e+00
DSC_8258.JPG_max_x: 628.772
DSC_8258.JPG_min_x: 11.0801
DSC_8258.JPG_max_y: 1753.7
DSC_8258.JPG_min_y: 676.163
DSC_8306.JPG_max_x: 1291.32
DSC_8306.JPG_min_x: 841.89
DSC_8306.JPG_max_y: 1464.63
DSC_8306.JPG_min_y: 587.867
