-1.032445236174272374e+01 -8.181104413567938494e+00 1.723182547871874704e+03
-7.875330929265532021e+00 -1.902224048691588720e+01 7.211916121789205135e+03
-5.605618437172045672e-03 -9.622811885044104188e-03 1.000000000000000000e+00
DSC_8336.JPG_max_x: 546.024
DSC_8336.JPG_min_x: 72.6747
DSC_8336.JPG_max_y: 1592.02
DSC_8336.JPG_min_y: 604.8
DSC_8378.JPG_max_x: 1091.28
DSC_8378.JPG_min_x: 439.388
DSC_8378.JPG_max_y: 1655.63
DSC_8378.JPG_min_y: 1057.87
