7.146637325529454632e-01 4.628707473437974895e-02 9.953423896195906764e+02
4.306099113916168203e-02 1.102565065360734620e+00 5.153058139982240391e+02
3.285074566114201601e-05 3.599091119952202260e-04 1.000000000000000000e+00
DSC_8224.JPG_max_x: 947.287
DSC_8224.JPG_min_x: 40.4402
DSC_8224.JPG_max_y: 1809.29
DSC_8224.JPG_min_y: 741.707
DSC_8396.JPG_max_x: 1253.36
DSC_8396.JPG_min_x: 374.368
DSC_8396.JPG_max_y: 1462.2
DSC_8396.JPG_min_y: 1056.58
