1.565625462132922197e+00 -1.523398293456126595e-01 -1.013555384117061408e+03
-6.262509616503295073e-02 1.158782400776931842e+00 8.285236565970538436e+01
-1.484154982223428792e-04 -2.102769908960590165e-04 1.000000000000000000e+00
DSC_8250.JPG_max_x: 1283.44
DSC_8250.JPG_min_x: 1046.54
DSC_8250.JPG_max_y: 867.822
DSC_8250.JPG_min_y: 602.449
DSC_8462.JPG_max_x: 1319.89
DSC_8462.JPG_min_x: 745.054
DSC_8462.JPG_max_y: 1569.16
DSC_8462.JPG_min_y: 1003.33
