1.272602490595925451e+00 -5.903674468454132018e+00 8.464916270702717611e+02
1.847086190329596256e-01 -6.420149420437907040e+00 2.477644449144813734e+03
1.036261072456701572e-03 -5.338991611250504601e-03 1.000000000000000000e+00
DSC_8397.JPG_max_x: 1313.72
DSC_8397.JPG_min_x: 10.4393
DSC_8397.JPG_max_y: 1039.47
DSC_8397.JPG_min_y: 418.734
DSC_8399.JPG_max_x: 1315.85
DSC_8399.JPG_min_x: 367.592
DSC_8399.JPG_max_y: 1019.29
DSC_8399.JPG_min_y: 255.53
