1.928356896278716759e-01 -4.557130770416794457e-02 1.158361570660819325e+03
-9.879222147764975606e-03 6.616542784284582535e-01 -6.912355267794066549e+02
-5.325109509069421996e-04 1.567526983887704999e-04 1.000000000000000000e+00
DSC_8210.JPG_max_x: 653.34
DSC_8210.JPG_min_x: 162.102
DSC_8210.JPG_max_y: 1789.38
DSC_8210.JPG_min_y: 1294.21
DSC_8339.JPG_max_x: 1283.93
DSC_8339.JPG_min_x: 942.806
DSC_8339.JPG_max_y: 519.704
DSC_8339.JPG_min_y: 164.954
