4.254088848530519940e+00 2.240600452070075299e+00 -6.064652815621776426e+03
4.176156770294724985e-01 2.847023274372354695e+00 -2.083013733451763983e+03
2.567716835534899784e-03 4.208119687171414896e-04 1.000000000000000000e+00
DSC_8236.JPG_max_x: 1304.94
DSC_8236.JPG_min_x: 625.922
DSC_8236.JPG_max_y: 1702.56
DSC_8236.JPG_min_y: 1441.1
DSC_8337.JPG_max_x: 630.985
DSC_8337.JPG_min_x: 23.5592
DSC_8337.JPG_max_y: 820.096
DSC_8337.JPG_min_y: 517.667
