1.108795356669772358e+00 2.402887884210166691e-01 6.132914738048561532e+01
-2.740774849211301614e-02 1.100598071219814900e+00 -1.047650702329363867e+03
1.872447044822292915e-04 2.672794655909541237e-04 1.000000000000000000e+00
DSC_8236.JPG_max_x: 730.565
DSC_8236.JPG_min_x: 57.5977
DSC_8236.JPG_max_y: 1625.04
DSC_8236.JPG_min_y: 963.922
DSC_8379.JPG_max_x: 812.198
DSC_8379.JPG_min_x: 313.032
DSC_8379.JPG_max_y: 480.214
DSC_8379.JPG_min_y: 12.8961
