4.999436604199583578e-01 -1.763396562469110029e-01 3.755671678953177661e+02
1.196543614108162706e-01 7.492757218134787900e-02 1.207660762881650953e+03
6.662368089544702871e-05 -2.557480515553718203e-04 1.000000000000000000e+00
DSC_8319.JPG_max_x: 1068.6
DSC_8319.JPG_min_x: 163.348
DSC_8319.JPG_max_y: 1207.46
DSC_8319.JPG_min_y: 39.5775
DSC_8416.JPG_max_x: 907.704
DSC_8416.JPG_min_x: 410.022
DSC_8416.JPG_max_y: 1852.88
DSC_8416.JPG_min_y: 1256.89
