-7.692753831636873763e-01 -1.793742020716375674e-01 9.091043161826422647e+02
-1.075392743368415394e+00 -9.154204461500281553e-01 1.473699528259793169e+03
-1.194042746259619397e-03 -3.744948741823212672e-04 1.000000000000000000e+00
DSC_8254.JPG_max_x: 1328.35
DSC_8254.JPG_min_x: 61.2368
DSC_8254.JPG_max_y: 1628.14
DSC_8254.JPG_min_y: 532.494
DSC_8306.JPG_max_x: 1054.2
DSC_8306.JPG_min_x: 15.432
DSC_8306.JPG_max_y: 1416.55
DSC_8306.JPG_min_y: 654.058
