6.809396808278844748e-01 -1.947395476360232469e-01 1.744978087514966774e+02
2.305678345786832395e-01 1.357623542121116356e-01 1.118418894329020077e+03
1.638033288740359857e-04 -3.083144110588981993e-04 1.000000000000000000e+00
DSC_8319.JPG_max_x: 1325.33
DSC_8319.JPG_min_x: 138.92
DSC_8319.JPG_max_y: 1214.93
DSC_8319.JPG_min_y: 41.1409
DSC_8432.JPG_max_x: 973.803
DSC_8432.JPG_min_x: 214.186
DSC_8432.JPG_max_y: 1907.7
DSC_8432.JPG_min_y: 1176.35
