-5.993811018198774709e-01 -5.496323406711398629e-01 1.120178760626416761e+03
-4.002716976117554615e-01 -6.400924873849692109e-02 6.431045129644298868e+02
-3.992227270835247560e-04 -4.723956702596918437e-04 9.999999999999998890e-01
DSC_8268.JPG_max_x: 900.687
DSC_8268.JPG_min_x: 16.8477
DSC_8268.JPG_max_y: 1394.49
DSC_8268.JPG_min_y: 590.388
DSC_8304.JPG_max_x: 1083.53
DSC_8304.JPG_min_x: 600.876
DSC_8304.JPG_max_y: 1638.73
DSC_8304.JPG_min_y: 680.026
