6.398321041223384853e-01 7.289222258953148570e-02 -1.812991212164396018e+02
-1.087465216770995696e-01 6.485834270419564840e-01 1.080919566180451284e+03
-2.519765648140911624e-05 2.479146959520236429e-05 9.999999999999998890e-01
DSC_8287.JPG_max_x: 1311.76
DSC_8287.JPG_min_x: 531.118
DSC_8287.JPG_max_y: 1342.1
DSC_8287.JPG_min_y: 36.8518
DSC_8292.JPG_max_x: 721.011
DSC_8292.JPG_min_x: 180.844
DSC_8292.JPG_max_y: 1803.08
DSC_8292.JPG_min_y: 1060.09
