1.311703468554874297e+00 -1.045641280273519082e-02 -4.797244967435918284e+02
-1.578088809148968097e-01 1.395588557706897159e+00 -3.762375007792549013e+02
-1.426892782676138552e-04 -3.524204805830559797e-05 9.999999999999998890e-01
DSC_8230.JPG_max_x: 1180.61
DSC_8230.JPG_min_x: 415.148
DSC_8230.JPG_max_y: 1470.7
DSC_8230.JPG_min_y: 525.467
DSC_8344.JPG_max_x: 1327.35
DSC_8344.JPG_min_x: 38.9346
DSC_8344.JPG_max_y: 1841.67
DSC_8344.JPG_min_y: 260.447
