2.282994219126946167e-01 4.867050564311992122e-02 -1.909700786678842235e+02
-5.006225879842721715e-01 -3.443169923601813731e-01 9.447547886546790323e+02
-3.180341240481307334e-04 -5.670715899681090261e-04 1.000000000000000000e+00
DSC_8249.JPG_max_x: 1075.56
DSC_8249.JPG_min_x: 665.261
DSC_8249.JPG_max_y: 987.619
DSC_8249.JPG_min_y: 691.683
DSC_8251.JPG_max_x: 1043.07
DSC_8251.JPG_min_x: 26.625
DSC_8251.JPG_max_y: 1153.18
DSC_8251.JPG_min_y: 655.686
