-8.195798439590770146e-01 -3.540306540082383546e-01 8.161141785538050044e+02
-1.121783618759946588e+00 -1.434690078424287307e+00 2.523427311674154225e+03
-1.848599623977741470e-03 -9.288828902099612354e-05 1.000000000000000000e+00
DSC_8200.JPG_max_x: 1293.01
DSC_8200.JPG_min_x: 268.365
DSC_8200.JPG_max_y: 1413.59
DSC_8200.JPG_min_y: 1139.77
DSC_8431.JPG_max_x: 1155.37
DSC_8431.JPG_min_x: 355.524
DSC_8431.JPG_max_y: 1429.29
DSC_8431.JPG_min_y: 364.132
