5.645626484228560837e-01 -3.541902881147484389e-02 2.090513594328868408e+02
-6.468729257577021663e-01 1.002557464906954410e+00 4.191329785382628188e+02
-6.015842161168463752e-04 2.604426395776142291e-04 1.000000000000000000e+00
DSC_8258.JPG_max_x: 1101.76
DSC_8258.JPG_min_x: 11.0801
DSC_8258.JPG_max_y: 1615.85
DSC_8258.JPG_min_y: 676.163
DSC_8428.JPG_max_x: 1110.75
DSC_8428.JPG_min_x: 154.142
DSC_8428.JPG_max_y: 1638.71
DSC_8428.JPG_min_y: 938.797
