5.762374534217030719e-01 -7.603881631746099712e-02 9.371523992466399022e+01
-2.080016368096581150e-02 5.012080102703686535e-01 1.052101900247205322e+03
-3.467101628692966414e-05 -8.570376804370050336e-06 1.000000000000000000e+00
DSC_8273.JPG_max_x: 1171.52
DSC_8273.JPG_min_x: 87.2123
DSC_8273.JPG_max_y: 1135.47
DSC_8273.JPG_min_y: 56.1168
DSC_8292.JPG_max_x: 758.317
DSC_8292.JPG_min_x: 69.8291
DSC_8292.JPG_max_y: 1654.65
DSC_8292.JPG_min_y: 1096.02
