5.278631787232629380e-01 1.250846876337746993e-01 2.179357052832912700e+02
-1.704965432728707334e-02 6.583700061677268955e-01 -6.075593363212100257e+02
-1.761252827378286586e-04 9.332460892805328456e-06 1.000000000000000000e+00
DSC_8242.JPG_max_x: 1205.05
DSC_8242.JPG_min_x: 198.387
DSC_8242.JPG_max_y: 1898.01
DSC_8242.JPG_min_y: 1341.88
DSC_8259.JPG_max_x: 1288.55
DSC_8259.JPG_min_x: 539.742
DSC_8259.JPG_max_y: 673.69
DSC_8259.JPG_min_y: 306.409
