1.493169105946995368e+00 -6.033584678118542044e-01 1.435220413658178131e+02
2.269300573439533508e+00 -2.076315095558191270e+00 1.354954522449971591e+03
2.064921797154540238e-03 -1.619390448658166023e-03 1.000000000000000000e+00
DSC_8220.JPG_max_x: 468.823
DSC_8220.JPG_min_x: 243.794
DSC_8220.JPG_max_y: 1097.99
DSC_8220.JPG_min_y: 803.235
DSC_8470.JPG_max_x: 814.362
DSC_8470.JPG_min_x: 307.054
DSC_8470.JPG_max_y: 1765.97
DSC_8470.JPG_min_y: 1055.25
