5.811763595003863747e-01 -4.402152885570640578e-02 2.036279252428861497e+01
1.012125999003781751e-01 4.619946594618708491e-01 6.165656825698134753e+02
7.876485185700907903e-05 -6.382948417094622996e-05 1.000000000000000000e+00
DSC_8270.JPG_max_x: 1273.97
DSC_8270.JPG_min_x: 472.456
DSC_8270.JPG_max_y: 1705.63
DSC_8270.JPG_min_y: 1146.45
DSC_8446.JPG_max_x: 695.094
DSC_8446.JPG_min_x: 253.472
DSC_8446.JPG_max_y: 1553.6
DSC_8446.JPG_min_y: 1242.3
