7.443640178580348099e+00 -1.142420485620200932e+00 -9.750036179203708571e+02
1.081034728102792819e+01 -4.252720978287014120e+00 2.574207916023964572e+03
7.740198323377673814e-03 -2.552833827476964565e-03 1.000000000000000000e+00
DSC_8368.JPG_max_x: 1163.58
DSC_8368.JPG_min_x: 5.52387
DSC_8368.JPG_max_y: 1756.33
DSC_8368.JPG_min_y: 1031.41
DSC_8414.JPG_max_x: 1323.96
DSC_8414.JPG_min_x: 310.306
DSC_8414.JPG_max_y: 1641.24
DSC_8414.JPG_min_y: 1025.16
