-3.076037436708315420e-01 -1.316931326179396233e+00 1.204999253916103953e+03
-1.259025935453353062e+00 -6.943264934375159569e-01 1.292921988289581122e+03
-7.273812884906698641e-04 -7.301048963499314273e-04 1.000000000000000000e+00
DSC_8323.JPG_max_x: 1063.93
DSC_8323.JPG_min_x: 101.362
DSC_8323.JPG_max_y: 1014.9
DSC_8323.JPG_min_y: 183.539
DSC_8446.JPG_max_x: 1328.42
DSC_8446.JPG_min_x: 275.494
DSC_8446.JPG_max_y: 1695.41
DSC_8446.JPG_min_y: 986.011
