1.104023804662897179e+00 -4.510836720836693126e-02 -4.977932627134174481e+02
-6.325612261245738832e-02 8.691844379253583774e-01 3.522099423735688219e+02
-2.062632147131544761e-05 -2.008271744172672164e-04 1.000000000000000000e+00
DSC_8197.JPG_max_x: 1328.74
DSC_8197.JPG_min_x: 798.02
DSC_8197.JPG_max_y: 1062.67
DSC_8197.JPG_min_y: 30.7177
DSC_8347.JPG_max_x: 1124.94
DSC_8347.JPG_min_x: 428.076
DSC_8347.JPG_max_y: 1607.98
DSC_8347.JPG_min_y: 267.959
