1.265197653763402652e+00 3.218486965341081918e-01 -1.901980627521689939e+02
-1.880439854023604473e-01 1.821065831007281810e+00 -6.168059738585729974e+02
-2.102640415138795919e-04 3.099602762528486880e-04 1.000000000000000000e+00
DSC_8234.JPG_max_x: 1044.51
DSC_8234.JPG_min_x: 13.0567
DSC_8234.JPG_max_y: 1609.36
DSC_8234.JPG_min_y: 609.617
DSC_8250.JPG_max_x: 1321.22
DSC_8250.JPG_min_x: 39.0262
DSC_8250.JPG_max_y: 1716.72
DSC_8250.JPG_min_y: 457.511
