-8.584022888255608663e+00 -2.610962968711890042e+00 9.540085018625128214e+03
-3.369618492746541794e+00 -1.131435283724243845e+01 1.006757522250757393e+04
-3.565514374763498976e-03 -3.703728001826005808e-03 1.000000000000000000e+00
DSC_8380.JPG_max_x: 1326.81
DSC_8380.JPG_min_x: 510.092
DSC_8380.JPG_max_y: 1867.81
DSC_8380.JPG_min_y: 1099.93
DSC_8412.JPG_max_x: 607.88
DSC_8412.JPG_min_x: 40.3192
DSC_8412.JPG_max_y: 1682.75
DSC_8412.JPG_min_y: 897.782
