7.669156338982845433e-01 3.676840560779192080e-01 1.996179002602766559e+02
5.831356868401827570e-02 9.102403222063164545e-01 -1.654579745719904338e+02
-1.098848325691242862e-04 4.833582896599029183e-04 1.000000000000000000e+00
DSC_8287.JPG_max_x: 1257.44
DSC_8287.JPG_min_x: 356.59
DSC_8287.JPG_max_y: 1221.41
DSC_8287.JPG_min_y: 138.499
DSC_8467.JPG_max_x: 1204.05
DSC_8467.JPG_min_x: 551.386
DSC_8467.JPG_max_y: 632.921
DSC_8467.JPG_min_y: 21.6601
