-4.639952057502271465e+00 -9.657254773303456830e+00 1.089079506396802208e+04
1.663195485088260384e+01 -2.527041946655731763e+01 1.976294001693425525e+04
3.369500925441388378e-02 -1.900077233244966066e-02 9.999999999999998890e-01
DSC_8264.JPG_max_x: 594.95
DSC_8264.JPG_min_x: 198.71
DSC_8264.JPG_max_y: 1658.15
DSC_8264.JPG_min_y: 738.848
DSC_8315.JPG_max_x: 573.59
DSC_8315.JPG_min_x: 8.84643
DSC_8315.JPG_max_y: 1218.6
DSC_8315.JPG_min_y: 29.3626
