-7.929849518050122725e-01 -4.712035872126419944e-01 8.950495065647272668e+02
-1.476256259699007867e+00 -7.594294419933986795e-01 1.580597377655054970e+03
-8.410770058931159353e-04 -7.314182390683955691e-04 1.000000000000000000e+00
DSC_8233.JPG_max_x: 907.95
DSC_8233.JPG_min_x: 105.227
DSC_8233.JPG_max_y: 432.6
DSC_8233.JPG_min_y: 46.5163
DSC_8346.JPG_max_x: 1227.28
DSC_8346.JPG_min_x: 664.32
DSC_8346.JPG_max_y: 1922.66
DSC_8346.JPG_min_y: 1000.01
