2.038514261313436826e+00 7.278499179514115458e-02 -1.890458160794143851e+03
2.653721003584704752e-01 1.899850305114541671e+00 -8.029266542986551940e+02
2.823074709238465011e-04 1.995593769705706426e-05 1.000000000000000000e+00
DSC_8232.JPG_max_x: 1319.56
DSC_8232.JPG_min_x: 903.43
DSC_8232.JPG_max_y: 1589.51
DSC_8232.JPG_min_y: 629.835
DSC_8332.JPG_max_x: 623.549
DSC_8332.JPG_min_x: 13.1421
DSC_8332.JPG_max_y: 1896.3
DSC_8332.JPG_min_y: 543.051
