-4.908586791839799068e-01 -4.182572838686849925e-01 1.252020481445079440e+03
-8.253300362478095398e-01 -7.032030830738392746e-01 2.105062448265909552e+03
-3.934719871511258710e-04 -3.333062374492647964e-04 1.000000000000000000e+00
DSC_8374.JPG_max_x: 1316.43
DSC_8374.JPG_min_x: 760.448
DSC_8374.JPG_max_y: 1865.29
DSC_8374.JPG_min_y: 1581.97
DSC_8403.JPG_max_x: 948.122
DSC_8403.JPG_min_x: 47.4642
DSC_8403.JPG_max_y: 1721.03
DSC_8403.JPG_min_y: 241.652
