7.079399254916564077e-01 3.851775833887347011e-02 -5.588539410984496953e+02
-1.083095165187260150e-01 8.764492790584808013e-01 2.514538775879893606e+01
-1.239008170044599651e-04 4.517396811784932427e-05 1.000000000000000000e+00
DSC_8216.JPG_max_x: 1312.58
DSC_8216.JPG_min_x: 761.346
DSC_8216.JPG_max_y: 1832.8
DSC_8216.JPG_min_y: 703.544
DSC_8264.JPG_max_x: 471.324
DSC_8264.JPG_min_x: 20.4764
DSC_8264.JPG_max_y: 1601.72
DSC_8264.JPG_min_y: 589.198
