5.433646109851159034e-01 1.008553592176207464e-01 6.905920068856731575e+01
1.745899185270775172e-02 7.412745376942758702e-01 1.299847722107010668e+03
1.507200628545393735e-05 1.692326655294574807e-04 1.000000000000000000e+00
DSC_8271.JPG_max_x: 1278.74
DSC_8271.JPG_min_x: 108.708
DSC_8271.JPG_max_y: 1036.93
DSC_8271.JPG_min_y: 50.302
DSC_8446.JPG_max_x: 736.748
DSC_8446.JPG_min_x: 197.313
DSC_8446.JPG_max_y: 1747.33
DSC_8446.JPG_min_y: 1333.88
