1.016245778208500594e+00 3.225907560375141925e-01 8.086398942216459318e+01
-8.256611371288209711e-02 1.080676124967817175e+00 3.035569607599765050e+02
3.677015302752603698e-05 -1.848955886177518139e-04 1.000000000000000000e+00
DSC_8255.JPG_max_x: 1013.05
DSC_8255.JPG_min_x: 13.0901
DSC_8255.JPG_max_y: 730.511
DSC_8255.JPG_min_y: 268.329
DSC_8271.JPG_max_x: 1263.09
DSC_8271.JPG_min_x: 226.568
DSC_8271.JPG_max_y: 1239.62
DSC_8271.JPG_min_y: 561.206
