-4.664806563182377630e-01 4.327617799457231934e-03 4.388379597012379918e+02
-9.998568543933189501e-01 -1.854773340089442835e-01 1.052551875272671396e+03
-1.074775759250939065e-03 -4.052919785730325219e-05 9.999999999999998890e-01
DSC_8250.JPG_max_x: 1266.61
DSC_8250.JPG_min_x: 1055.18
DSC_8250.JPG_max_y: 1290.07
DSC_8250.JPG_min_y: 603.685
DSC_8350.JPG_max_x: 945.944
DSC_8350.JPG_min_x: 243.122
DSC_8350.JPG_max_y: 1203.67
DSC_8350.JPG_min_y: 770.281
