-2.275742728092078337e+00 3.439258739238625906e-01 1.035117407620929043e+03
-3.584277627155795898e+00 6.961733970172283570e-01 1.492520921607044102e+03
-2.333269735068524073e-03 3.343741290787512893e-04 1.000000000000000000e+00
DSC_8399.JPG_max_x: 482.49
DSC_8399.JPG_min_x: 73.103
DSC_8399.JPG_max_y: 421.256
DSC_8399.JPG_min_y: 10.147
DSC_8400.JPG_max_x: 1326.81
DSC_8400.JPG_min_x: 98.4068
DSC_8400.JPG_max_y: 1667.14
DSC_8400.JPG_min_y: 1330.76
