-1.147606385340269909e-02 -2.445513212456461999e-02 2.825346733789384146e+01
-1.215815957479887549e-01 -2.707292844874769622e-01 3.069640502711783370e+02
-3.951976811622464171e-04 -8.833831553709892495e-04 1.000000000000000000e+00
DSC_8367.JPG_max_x: 1324.35
DSC_8367.JPG_min_x: 368.194
DSC_8367.JPG_max_y: 971.346
DSC_8367.JPG_min_y: 412.387
DSC_8395.JPG_max_x: 969.785
DSC_8395.JPG_min_x: 9.15967
DSC_8395.JPG_max_y: 1104.35
DSC_8395.JPG_min_y: 285.055
