5.825773388208356218e-01 2.201648683453487701e-02 -1.731693566729740894e+02
-5.177253278765788641e-02 6.622265012659230843e-01 2.206219494310144569e+02
-4.178498744455458840e-05 1.585834817667861963e-05 1.000000000000000000e+00
DSC_8330.JPG_max_x: 1034.25
DSC_8330.JPG_min_x: 250.518
DSC_8330.JPG_max_y: 1976.8
DSC_8330.JPG_min_y: 631.147
DSC_8264.JPG_max_x: 473.803
DSC_8264.JPG_min_x: 8.00499
DSC_8264.JPG_max_y: 1496.87
DSC_8264.JPG_min_y: 622.364
