-1.386070137151592940e-01 -5.892085354122553742e-01 3.042089002296232820e+02
-2.658863962987915719e-01 -6.580141028867275699e-01 2.917763205511374736e+02
-1.002431375470657629e-03 -1.140810186950742345e-03 1.000000000000000000e+00
DSC_8263.JPG_max_x: 838.73
DSC_8263.JPG_min_x: 50.9659
DSC_8263.JPG_max_y: 536.871
DSC_8263.JPG_min_y: 15.5135
DSC_8345.JPG_max_x: 1301.25
DSC_8345.JPG_min_x: 176.483
DSC_8345.JPG_max_y: 1316.52
DSC_8345.JPG_min_y: 55.2291
