-4.642140222761520496e-01 -1.387355943739693453e-01 5.811609493007047149e+02
4.885049899632778470e-01 -2.345939624266125012e+00 5.192508153917946174e+02
-3.439273222795524395e-04 -1.577318646150118082e-03 1.000000000000000000e+00
DSC_8347.JPG_max_x: 1297.77
DSC_8347.JPG_min_x: 955.776
DSC_8347.JPG_max_y: 1149.49
DSC_8347.JPG_min_y: 375.467
DSC_8419.JPG_max_x: 1075.85
DSC_8419.JPG_min_x: 3.98625
DSC_8419.JPG_max_y: 1477.98
DSC_8419.JPG_min_y: 957.914
