-1.008037172767198841e+00 -5.005769917091886789e-01 1.411325934708634577e+03
-9.764617819332118698e-01 -9.542252856265220906e-01 1.175191676495170213e+03
-1.263659754094056823e-03 -1.885723191773552507e-04 9.999999999999998890e-01
DSC_8345.JPG_max_x: 1322.31
DSC_8345.JPG_min_x: 1195.99
DSC_8345.JPG_max_y: 1673.14
DSC_8345.JPG_min_y: 350.759
DSC_8403.JPG_max_x: 808.007
DSC_8403.JPG_min_x: 9.48322
DSC_8403.JPG_max_y: 1920.45
DSC_8403.JPG_min_y: 601.304
