1.186663354339998477e+00 -8.580991337717931711e-02 -9.412663934753711601e+02
5.543857047022442419e-01 8.990515410162945864e-01 7.410118943988059925e+01
4.651235572218836100e-04 -1.757338478789780391e-04 1.000000000000000000e+00
DSC_8348.JPG_max_x: 1324.63
DSC_8348.JPG_min_x: 920.229
DSC_8348.JPG_max_y: 1321.6
DSC_8348.JPG_min_y: 790.774
DSC_8364.JPG_max_x: 379.554
DSC_8364.JPG_min_x: 32.1513
DSC_8364.JPG_max_y: 1476.8
DSC_8364.JPG_min_y: 1023.45
