5.246253473663542444e-01 -8.890948892733208098e-01 9.929365508019238860e+02
3.961005958765854151e-01 7.792082890651433891e-01 5.247497372683066033e+02
-5.246949362552880613e-04 -1.996670610801429757e-04 1.000000000000000000e+00
DSC_8221.JPG_max_x: 398.861
DSC_8221.JPG_min_x: 70.5511
DSC_8221.JPG_max_y: 559.704
DSC_8221.JPG_min_y: 212.815
DSC_8267.JPG_max_x: 1311.09
DSC_8267.JPG_min_x: 700.54
DSC_8267.JPG_max_y: 1267.07
DSC_8267.JPG_min_y: 971.265
