3.995613792085431215e-01 -1.016033974339372731e-01 6.648609140983977568e+02
-1.124754772900054579e-02 6.859743599921985791e-01 9.073333399638355559e+02
-1.056281182924619658e-04 5.745238894214542262e-05 1.000000000000000000e+00
DSC_8307.JPG_max_x: 1029.85
DSC_8307.JPG_min_x: 256.043
DSC_8307.JPG_max_y: 655.832
DSC_8307.JPG_min_y: 113.916
DSC_8352.JPG_max_x: 1117.98
DSC_8352.JPG_min_x: 744.783
DSC_8352.JPG_max_y: 1482.04
DSC_8352.JPG_min_y: 1045.48
