1.787179609226858146e+00 4.200690232448635597e-01 -8.087157348352220652e+02
-1.976772418954660659e-01 2.455373432378769039e+00 -2.056726109997487129e+03
-2.610480856605388277e-04 5.902823059186734474e-04 1.000000000000000000e+00
DSC_8262.JPG_max_x: 1209.35
DSC_8262.JPG_min_x: 219.709
DSC_8262.JPG_max_y: 1808.25
DSC_8262.JPG_min_y: 899.29
DSC_8313.JPG_max_x: 1321.44
DSC_8313.JPG_min_x: 131.477
DSC_8313.JPG_max_y: 1213.31
DSC_8313.JPG_min_y: 12.6249
