9.876822333339511317e+00 -3.151889502080092997e-01 -7.035840493788032290e+03
3.055953150381335526e+00 4.426196616909212622e+00 -3.610369556976643707e+03
2.079505182219477076e-03 -9.215366241006172493e-04 1.000000000000000000e+00
DSC_8262.JPG_max_x: 935.299
DSC_8262.JPG_min_x: 772.853
DSC_8262.JPG_max_y: 994.248
DSC_8262.JPG_min_y: 574.05
DSC_8360.JPG_max_x: 820.115
DSC_8360.JPG_min_x: 182.581
DSC_8360.JPG_max_y: 1837.27
DSC_8360.JPG_min_y: 740.49
