6.886533991898543539e-01 -2.707583049424610588e-01 2.273580783232291935e+02
3.698374012769589103e-01 1.471738221942486824e-01 1.076159839155385043e+03
1.972164291094025015e-04 -3.678491184798346751e-04 1.000000000000000000e+00
DSC_8439.JPG_max_x: 1264.64
DSC_8439.JPG_min_x: 42.8166
DSC_8439.JPG_max_y: 868.199
DSC_8439.JPG_min_y: 149.323
DSC_8458.JPG_max_x: 909.396
DSC_8458.JPG_min_x: 180.756
DSC_8458.JPG_max_y: 1778.74
DSC_8458.JPG_min_y: 1285.15
