1.215878075503568079e+00 2.718922361872995186e-01 -6.079537202776759841e+02
5.512563514819240895e-02 4.204521374792861144e-01 7.912847305852875479e+02
6.709955397897986564e-04 -5.776843685224493938e-04 9.999999999999998890e-01
DSC_8233.JPG_max_x: 1147.54
DSC_8233.JPG_min_x: 483.633
DSC_8233.JPG_max_y: 1058.71
DSC_8233.JPG_min_y: 301.817
DSC_8363.JPG_max_x: 945.456
DSC_8363.JPG_min_x: 96.0505
DSC_8363.JPG_max_y: 1091.64
DSC_8363.JPG_min_y: 670.191
