5.476913123042208564e-01 -7.234337117609646040e-01 4.511651904794342727e+02
3.986321152100540388e-01 -7.952350700613959322e-01 1.211086047974262328e+03
1.238871981453355765e-04 -8.705329344963258411e-04 1.000000000000000000e+00
DSC_8347.JPG_max_x: 1218.98
DSC_8347.JPG_min_x: 404.736
DSC_8347.JPG_max_y: 599.58
DSC_8347.JPG_min_y: 185.784
DSC_8438.JPG_max_x: 1042.8
DSC_8438.JPG_min_x: 565.788
DSC_8438.JPG_max_y: 1831.53
DSC_8438.JPG_min_y: 1391.13
