5.729199948656722441e+00 -4.412515363597798057e+00 6.382325151385797426e+02
3.667674621826676251e+00 -4.072218128370510115e+00 2.695514588082869068e+03
6.584392510141819956e-03 -4.467027564557904049e-03 1.000000000000000000e+00
DSC_8274.JPG_max_x: 1204.09
DSC_8274.JPG_min_x: 11.504
DSC_8274.JPG_max_y: 1497.67
DSC_8274.JPG_min_y: 477.461
DSC_8431.JPG_max_x: 1209.42
DSC_8431.JPG_min_x: 397.503
DSC_8431.JPG_max_y: 770.911
DSC_8431.JPG_min_y: 254.256
