2.088359409239971320e+00 -2.843802620767300060e-01 1.072526811355461405e+03
9.118569236525086996e-01 1.740590376133676287e+00 8.031829182589869731e+01
1.530226230127527422e-04 3.272233672475543284e-04 1.000000000000000000e+00
DSC_8377.JPG_max_x: 312.926
DSC_8377.JPG_min_x: 49.1397
DSC_8377.JPG_max_y: 1105.79
DSC_8377.JPG_min_y: 213.193
DSC_8405.JPG_max_x: 1206.34
DSC_8405.JPG_min_x: 631.101
DSC_8405.JPG_max_y: 1495.54
DSC_8405.JPG_min_y: 526.291
