2.869211047912640478e+00 1.336319109081524736e+00 -8.296476791100218406e+02
3.891371591809686947e-01 2.316284944225218023e+00 -2.106612163893698835e+03
7.878360891379960129e-04 1.304446560821781280e-03 1.000000000000000000e+00
DSC_8324.JPG_max_x: 1236.06
DSC_8324.JPG_min_x: 68.8449
DSC_8324.JPG_max_y: 1718.83
DSC_8324.JPG_min_y: 658.708
DSC_8455.JPG_max_x: 1240.22
DSC_8455.JPG_min_x: 507.168
DSC_8455.JPG_max_y: 594.157
DSC_8455.JPG_min_y: 24.3201
