2.425155657735773129e+00 7.621052830550814061e-01 -1.321850832626765168e+03
-9.246125776677605263e-04 2.968411588125821510e+00 -3.244047074781701667e+03
-7.615955371390899361e-05 8.975582137284782895e-04 1.000000000000000000e+00
DSC_8348.JPG_max_x: 963.543
DSC_8348.JPG_min_x: 78.9665
DSC_8348.JPG_max_y: 1889.07
DSC_8348.JPG_min_y: 1291.86
DSC_8349.JPG_max_x: 956.208
DSC_8349.JPG_min_x: 16.7805
DSC_8349.JPG_max_y: 880.664
DSC_8349.JPG_min_y: 283.492
