-8.248304918265737529e-01 -3.265054502524689095e-01 1.205874336095035460e+03
-6.090740867350457055e-01 5.508380707323198289e-01 -2.065633202783635909e+02
-1.054964239380454293e-03 -1.287743124693124526e-04 1.000000000000000000e+00
DSC_8276.JPG_max_x: 1230.8
DSC_8276.JPG_min_x: 90.4812
DSC_8276.JPG_max_y: 1470.62
DSC_8276.JPG_min_y: 842.897
DSC_8455.JPG_max_x: 1328.67
DSC_8455.JPG_min_x: 580.495
DSC_8455.JPG_max_y: 613.518
DSC_8455.JPG_min_y: 24.3201
