1.976713105678513438e+00 -1.206264565579483472e-01 -1.378791496063665363e+03
3.928933402439619416e-01 1.579324884349210256e+00 -4.450926881875523691e+02
2.986254051457151617e-04 -2.248545209207651542e-04 1.000000000000000000e+00
DSC_8194.JPG_max_x: 1332.02
DSC_8194.JPG_min_x: 890.33
DSC_8194.JPG_max_y: 1266.26
DSC_8194.JPG_min_y: 599.663
DSC_8374.JPG_max_x: 980.749
DSC_8374.JPG_min_x: 258.641
DSC_8374.JPG_max_y: 1866.38
DSC_8374.JPG_min_y: 782.23
