3.430979789933001012e+00 -3.505195427347357562e+00 -5.024574052222600784e+01
1.765593050012707055e+00 -2.096044561030600217e+00 4.671859654606421373e+02
4.778259909820364859e-03 -5.855299790868783230e-03 1.000000000000000000e+00
DSC_8271.JPG_max_x: 1048.66
DSC_8271.JPG_min_x: 427.597
DSC_8271.JPG_max_y: 981.92
DSC_8271.JPG_min_y: 50.302
DSC_8415.JPG_max_x: 616.022
DSC_8415.JPG_min_x: 329.066
DSC_8415.JPG_max_y: 1212.35
DSC_8415.JPG_min_y: 361.166
