-1.905891713475739990e-01 -2.694301897145549851e-02 2.300676766176529782e+02
-1.162164114019971883e+00 -2.105253907447872386e-01 1.337700377944691354e+03
-9.395409716242091426e-04 -1.233165704530042746e-04 1.000000000000000000e+00
DSC_8270.JPG_max_x: 1273.97
DSC_8270.JPG_min_x: 782.022
DSC_8270.JPG_max_y: 1776.7
DSC_8270.JPG_min_y: 1143.93
DSC_8306.JPG_max_x: 1242.72
DSC_8306.JPG_min_x: 14.1319
DSC_8306.JPG_max_y: 1413.52
DSC_8306.JPG_min_y: 947.875
