9.024895450114313045e-01 -7.051390201540777558e-02 -4.955818548325156598e+02
-3.927792106580103582e-01 1.403637306206044100e+00 2.273899135396646329e+02
-4.011341247133376779e-04 3.658982857986194429e-04 1.000000000000000000e+00
DSC_8262.JPG_max_x: 1304.99
DSC_8262.JPG_min_x: 667.535
DSC_8262.JPG_max_y: 1058.18
DSC_8262.JPG_min_y: 518.184
DSC_8458.JPG_max_x: 866.681
DSC_8458.JPG_min_x: 43.1352
DSC_8458.JPG_max_y: 1371.27
DSC_8458.JPG_min_y: 745.188
