-3.038472183205192523e-01 -6.388488270053779838e-02 3.306041620427959060e+02
-1.327491694632959573e+00 -3.264228597012156508e-01 1.356187399740892261e+03
-1.044477365345240641e-03 -2.332763185382394670e-04 9.999999999999998890e-01
DSC_8224.JPG_max_x: 1294.0
DSC_8224.JPG_min_x: 342.015
DSC_8224.JPG_max_y: 1768.11
DSC_8224.JPG_min_y: 891.447
DSC_8354.JPG_max_x: 637.029
DSC_8354.JPG_min_x: 3.86726
DSC_8354.JPG_max_y: 1612.5
DSC_8354.JPG_min_y: 865.678
