1.074199772748922754e+00 -2.189932515340048957e-01 -1.931605127850483825e+02
-1.769832447136425457e-01 9.062537834710622242e-01 7.590149158991036416e+01
-1.188563342619028401e-04 -2.162368000461175927e-04 1.000000000000000000e+00
DSC_8276.JPG_max_x: 1176.46
DSC_8276.JPG_min_x: 515.191
DSC_8276.JPG_max_y: 1226.41
DSC_8276.JPG_min_y: 513.634
DSC_8326.JPG_max_x: 1288.94
DSC_8326.JPG_min_x: 145.791
DSC_8326.JPG_max_y: 1643.82
DSC_8326.JPG_min_y: 389.263
