8.893099432277452365e+00 -3.970314403195596586e+00 1.232134090915442812e+03
4.547740392390176467e+00 -4.240057527325300057e+00 3.759031541675977678e+03
6.881343469996930098e-03 -3.229943368529012305e-03 1.000000000000000000e+00
DSC_8428.JPG_max_x: 560.058
DSC_8428.JPG_min_x: 4.60722
DSC_8428.JPG_max_y: 1657.05
DSC_8428.JPG_min_y: 1175.03
DSC_8431.JPG_max_x: 1328.54
DSC_8431.JPG_min_x: 415.003
DSC_8431.JPG_max_y: 1364.0
DSC_8431.JPG_min_y: 319.022
