1.271990756479360218e+00 -3.412015482426399016e-02 -1.115112685371163025e+03
1.686803425518510202e-01 1.252977728190497686e+00 -5.075054545104005399e+01
1.352014625168906946e-04 -2.815505530055523948e-05 1.000000000000000000e+00
DSC_8330.JPG_max_x: 1269.32
DSC_8330.JPG_min_x: 921.492
DSC_8330.JPG_max_y: 1527.78
DSC_8330.JPG_min_y: 759.922
DSC_8418.JPG_max_x: 404.587
DSC_8418.JPG_min_x: 27.4632
DSC_8418.JPG_max_y: 1851.19
DSC_8418.JPG_min_y: 947.026
