9.064881881131924279e-01 -2.186504075020505589e+00 5.644134007303920271e+02
1.770630510561966853e-01 -1.845761726452194162e+00 1.085896902567014422e+03
-1.341392400853944677e-06 -1.794539696160323342e-03 1.000000000000000000e+00
DSC_8329.JPG_max_x: 775.896
DSC_8329.JPG_min_x: 222.526
DSC_8329.JPG_max_y: 368.917
DSC_8329.JPG_min_y: 51.3255
DSC_8344.JPG_max_x: 1318.81
DSC_8344.JPG_min_x: 465.415
DSC_8344.JPG_max_y: 1524.82
DSC_8344.JPG_min_y: 1128.03
