8.525922144231634636e-01 7.190069276499566620e-03 3.383729186508558655e+02
8.636800046996580271e-02 7.398838677309900191e-01 2.765985984005222917e+02
9.361172450655363682e-05 -1.418666124213060640e-05 1.000000000000000000e+00
DSC_8236.JPG_max_x: 1148.49
DSC_8236.JPG_min_x: 4.53003
DSC_8236.JPG_max_y: 1754.8
DSC_8236.JPG_min_y: 650.282
DSC_8350.JPG_max_x: 1235.65
DSC_8350.JPG_min_x: 354.372
DSC_8350.JPG_max_y: 1577.22
DSC_8350.JPG_min_y: 766.241
