2.324101896756587404e+00 3.961506120646675864e-03 -1.454680842411189815e+03
-6.221633213137683568e-03 2.425782212303721597e+00 -1.934420837540456660e+03
-1.146078834680557778e-05 1.195899551054270895e-04 1.000000000000000000e+00
DSC_8374.JPG_max_x: 1197.44
DSC_8374.JPG_min_x: 627.026
DSC_8374.JPG_max_y: 1792.86
DSC_8374.JPG_min_y: 840.345
DSC_8386.JPG_max_x: 1161.99
DSC_8386.JPG_min_x: 8.26025
DSC_8386.JPG_max_y: 1994.15
DSC_8386.JPG_min_y: 94.7625
