1.405436961855111688e+00 -5.576022525860884205e-01 1.279044715922354726e+03
8.073654889887997843e-01 6.946230519904045275e-01 6.114620897248110509e+01
4.483151808884129922e-04 -2.647087134384840855e-05 1.000000000000000000e+00
DSC_8233.JPG_max_x: 597.106
DSC_8233.JPG_min_x: 45.2107
DSC_8233.JPG_max_y: 1003.17
DSC_8233.JPG_min_y: 159.823
DSC_8263.JPG_max_x: 1325.86
DSC_8263.JPG_min_x: 912.162
DSC_8263.JPG_max_y: 840.05
DSC_8263.JPG_min_y: 262.512
