5.892404420396123221e+00 6.361931825217351788e-01 3.698548820546761107e+01
2.487422330127412040e-01 6.272891195880665904e+00 -4.691941303747176789e+03
5.258851890587411260e-04 1.358479267590110770e-03 1.000000000000000000e+00
DSC_8280.JPG_max_x: 362.375
DSC_8280.JPG_min_x: 87.2683
DSC_8280.JPG_max_y: 981.927
DSC_8280.JPG_min_y: 781.197
DSC_8437.JPG_max_x: 1125.01
DSC_8437.JPG_min_x: 493.566
DSC_8437.JPG_max_y: 623.912
DSC_8437.JPG_min_y: 112.694
