-3.415981443769177117e-01 -2.926807007324979670e-01 5.362261143203520533e+02
-2.157098784340312214e-01 -3.020149604065857640e-01 5.218363695467307934e+02
-4.896021434342564486e-04 -5.662148583808770085e-04 9.999999999999998890e-01
DSC_8226.JPG_max_x: 1028.53
DSC_8226.JPG_min_x: 62.8783
DSC_8226.JPG_max_y: 1796.66
DSC_8226.JPG_min_y: 615.824
DSC_8309.JPG_max_x: 1026.2
DSC_8309.JPG_min_x: 312.614
DSC_8309.JPG_max_y: 865.181
DSC_8309.JPG_min_y: 355.021
