9.091594792007290371e-01 -3.035192312520726757e-02 -5.089129630734111629e+02
-6.948520965153706652e-02 9.741850512145934227e-01 -6.828490491222146375e+02
-1.096627141318087632e-04 9.691676951392349715e-06 1.000000000000000000e+00
DSC_8306.JPG_max_x: 1310.5
DSC_8306.JPG_min_x: 707.091
DSC_8306.JPG_max_y: 1428.25
DSC_8306.JPG_min_y: 934.141
DSC_8323.JPG_max_x: 756.622
DSC_8323.JPG_min_x: 101.362
DSC_8323.JPG_max_y: 702.604
DSC_8323.JPG_min_y: 183.539
