4.947968784175380552e-01 7.797716532924232891e-02 8.660611304209394348e+02
-5.903185615301447670e-02 7.385504993446662114e-01 3.286265631287523092e+02
-5.486148903727720822e-05 5.122701601071337409e-05 1.000000000000000000e+00
DSC_8328.JPG_max_x: 802.457
DSC_8328.JPG_min_x: 217.663
DSC_8328.JPG_max_y: 1372.86
DSC_8328.JPG_min_y: 435.689
DSC_8456.JPG_max_x: 1324.45
DSC_8456.JPG_min_x: 993.308
DSC_8456.JPG_max_y: 1278.87
DSC_8456.JPG_min_y: 650.758
