-2.678685687136770355e-01 -5.646694960439235800e-01 7.088730741330431329e+02
-7.174842420150453481e-01 -9.139719736644202897e-01 1.425436252532692833e+03
-4.187129516371532602e-04 -7.348195574631319164e-04 9.999999999999998890e-01
DSC_8253.JPG_max_x: 1226.76
DSC_8253.JPG_min_x: 52.0187
DSC_8253.JPG_max_y: 844.762
DSC_8253.JPG_min_y: 567.472
DSC_8378.JPG_max_x: 1023.56
DSC_8378.JPG_min_x: 577.132
DSC_8378.JPG_max_y: 1688.43
DSC_8378.JPG_min_y: 133.808
