1.100390014238067593e+00 2.936990448854740476e-01 -4.735310418809763178e+02
-4.331899398116921540e-02 1.371523422587920704e+00 -1.304905862121278915e+03
-2.992720689152257704e-05 3.658237878545102391e-04 1.000000000000000000e+00
DSC_8256.JPG_max_x: 1279.26
DSC_8256.JPG_min_x: 246.079
DSC_8256.JPG_max_y: 1636.7
DSC_8256.JPG_min_y: 1084.49
DSC_8307.JPG_max_x: 921.234
DSC_8307.JPG_min_x: 161.297
DSC_8307.JPG_max_y: 578.989
DSC_8307.JPG_min_y: 104.62
