7.379728075690019651e+00 2.172692419600442904e+00 -7.650819737743080623e+03
-5.288315124920686117e-01 9.706809267432067401e+00 -9.464201214372355025e+03
-2.769887934792685964e-05 2.995035059551785436e-03 9.999999999999998890e-01
DSC_8312.JPG_max_x: 1325.05
DSC_8312.JPG_min_x: 715.769
DSC_8312.JPG_max_y: 1953.6
DSC_8312.JPG_min_y: 1070.85
DSC_8423.JPG_max_x: 999.184
DSC_8423.JPG_min_x: 134.823
DSC_8423.JPG_max_y: 1325.83
DSC_8423.JPG_min_y: 116.922
