3.809269264026285295e+00 -3.633089866064024426e-02 -3.535468735027267030e+03
4.047036872728559942e-01 9.754523753036156153e-01 1.121716240122677618e+03
4.969897027032980918e-03 -6.149585426045003911e-03 1.000000000000000000e+00
DSC_8203.JPG_max_x: 1232.41
DSC_8203.JPG_min_x: 937.66
DSC_8203.JPG_max_y: 341.479
DSC_8203.JPG_min_y: 118.097
DSC_8395.JPG_max_x: 216.584
DSC_8395.JPG_min_x: 9.05669
DSC_8395.JPG_max_y: 431.161
DSC_8395.JPG_min_y: 273.396
