5.403234736431185015e-01 -1.139125036763978249e-01 -5.206613431973510160e+02
8.114698675987581655e-01 -2.364230627273343988e+00 1.128432281619687956e+03
3.625241651705404127e-04 -1.712126804383149944e-03 1.000000000000000000e+00
DSC_8367.JPG_max_x: 1327.12
DSC_8367.JPG_min_x: 368.194
DSC_8367.JPG_max_y: 963.94
DSC_8367.JPG_min_y: 389.257
DSC_8368.JPG_max_x: 815.825
DSC_8368.JPG_min_x: 5.52151
DSC_8368.JPG_max_y: 1856.95
DSC_8368.JPG_min_y: 1490.95
