7.322268722126533680e-01 -3.495462710507911408e-02 1.386823391114429569e+03
3.047836042577679525e-02 1.498636490064195526e+00 -1.194444517302023087e+03
-4.603245623943774526e-04 2.796061326557265246e-04 9.999999999999998890e-01
DSC_8296.JPG_max_x: 341.282
DSC_8296.JPG_min_x: 9.06488
DSC_8296.JPG_max_y: 1513.44
DSC_8296.JPG_min_y: 1096.39
DSC_8455.JPG_max_x: 1330.43
DSC_8455.JPG_min_x: 996.613
DSC_8455.JPG_max_y: 787.703
DSC_8455.JPG_min_y: 358.339
