-1.055342829276172179e+00 5.073092721683415407e-01 3.049399579929414017e+02
-1.867500480330674950e-01 2.109086660441358285e-01 -8.863596427467386718e+01
-2.074783946370386753e-03 6.136127856655096803e-04 1.000000000000000000e+00
DSC_8328.JPG_max_x: 830.278
DSC_8328.JPG_min_x: 723.136
DSC_8328.JPG_max_y: 1303.47
DSC_8328.JPG_min_y: 806.19
DSC_8375.JPG_max_x: 1210.84
DSC_8375.JPG_min_x: 481.754
DSC_8375.JPG_max_y: 1433.9
DSC_8375.JPG_min_y: 16.405
