1.259324273202111932e+00 -1.446979657308423706e-01 -3.769389997955955778e+02
1.109466407363941531e-01 1.067758173493766005e+00 2.002894814352483621e+01
5.613864985814678410e-05 -1.543808359763818375e-04 1.000000000000000000e+00
DSC_8330.JPG_max_x: 1288.11
DSC_8330.JPG_min_x: 380.93
DSC_8330.JPG_max_y: 1418.75
DSC_8330.JPG_min_y: 565.269
DSC_8420.JPG_max_x: 1194.09
DSC_8420.JPG_min_x: 6.3517
DSC_8420.JPG_max_y: 1961.15
DSC_8420.JPG_min_y: 735.777
