1.163724338550498949e+00 -2.087433603685660138e-02 -1.115491901677711784e-01
-7.708306232110659351e-02 1.231512687691797225e+00 -2.788609595300798105e+02
-1.119649986467339116e-04 -1.096838464896777166e-05 1.000000000000000000e+00
DSC_8220.JPG_max_x: 1023.02
DSC_8220.JPG_min_x: 26.4431
DSC_8220.JPG_max_y: 1722.07
DSC_8220.JPG_min_y: 752.687
DSC_8236.JPG_max_x: 1304.94
DSC_8236.JPG_min_x: 4.53003
DSC_8236.JPG_max_y: 1909.83
DSC_8236.JPG_min_y: 650.339
