1.449898211917949320e-01 -2.226954136463669964e-02 -7.333545533029797170e+00
-2.884689564639186798e-01 -2.026456500969074995e-02 4.406968203371095001e+02
-4.041280372257752686e-04 -2.808941755826482585e-04 1.000000000000000000e+00
DSC_8228.JPG_max_x: 1146.52
DSC_8228.JPG_min_x: 495.632
DSC_8228.JPG_max_y: 1855.46
DSC_8228.JPG_min_y: 1398.21
DSC_8327.JPG_max_x: 895.61
DSC_8327.JPG_min_x: 81.0805
DSC_8327.JPG_max_y: 973.365
DSC_8327.JPG_min_y: 581.405
