-1.155705531170365674e-01 -5.963121570421921203e-02 1.505377806284035387e+02
-8.924542418899297225e-01 -4.974344556479436963e-01 1.163097567025650278e+03
-8.261819213430428169e-04 -3.989187267388227169e-04 9.999999999999998890e-01
DSC_8349.JPG_max_x: 816.049
DSC_8349.JPG_min_x: 557.618
DSC_8349.JPG_max_y: 1408.14
DSC_8349.JPG_min_y: 1110.03
DSC_8379.JPG_max_x: 781.02
DSC_8379.JPG_min_x: 8.69247
DSC_8379.JPG_max_y: 1240.27
DSC_8379.JPG_min_y: 409.853
