2.829893019188540304e+00 2.967789484432465930e-01 -7.780335181155451210e+02
2.460497260577357726e-03 3.119289557666244495e+00 -2.875226852398056508e+03
-1.267472621845967579e-04 1.708548248506221948e-03 1.000000000000000000e+00
DSC_8226.JPG_max_x: 931.537
DSC_8226.JPG_min_x: 179.661
DSC_8226.JPG_max_y: 1749.51
DSC_8226.JPG_min_y: 1327.05
DSC_8325.JPG_max_x: 708.07
DSC_8325.JPG_min_x: 47.1746
DSC_8325.JPG_max_y: 650.785
DSC_8325.JPG_min_y: 397.923
