6.985960388153582556e-01 -2.526709322202519425e-01 1.220867239413111747e+03
1.813576273763814195e-01 1.495887285168007175e+00 -3.162921354186340182e+02
-4.977768030799855541e-04 3.230868689971987335e-04 1.000000000000000000e+00
DSC_8331.JPG_max_x: 530.484
DSC_8331.JPG_min_x: 37.0861
DSC_8331.JPG_max_y: 1274.33
DSC_8331.JPG_min_y: 630.368
DSC_8423.JPG_max_x: 1329.19
DSC_8423.JPG_min_x: 814.367
DSC_8423.JPG_max_y: 1388.27
DSC_8423.JPG_min_y: 646.737
