1.224319967521898977e+00 -9.275939275025794906e-02 9.065372393933221247e+02
2.212740214596098931e-01 8.111234597537880786e-01 1.208874222452267020e+02
2.643944917319806446e-04 -5.340818171701299281e-05 1.000000000000000000e+00
DSC_8230.JPG_max_x: 417.505
DSC_8230.JPG_min_x: 293.62
DSC_8230.JPG_max_y: 1470.7
DSC_8230.JPG_min_y: 499.044
DSC_8244.JPG_max_x: 1258.03
DSC_8244.JPG_min_x: 1158.72
DSC_8244.JPG_max_y: 1364.51
DSC_8244.JPG_min_y: 575.562
