2.061767580236966158e+00 8.230337117447639184e-01 -1.594649529912087701e+03
-2.589610941386369936e-01 1.998566267916013439e+00 3.285871186367041332e+02
8.369795350751701090e-04 9.964431600401924027e-05 1.000000000000000000e+00
DSC_8449.JPG_max_x: 1242.99
DSC_8449.JPG_min_x: 482.728
DSC_8449.JPG_max_y: 1157.86
DSC_8449.JPG_min_y: 66.0472
DSC_8471.JPG_max_x: 829.714
DSC_8471.JPG_min_x: 29.2046
DSC_8471.JPG_max_y: 1320.64
DSC_8471.JPG_min_y: 86.0279
