2.066110488511021970e+00 6.592636067841486369e-01 -4.216155226861807250e+02
-1.565275181360221979e-01 2.608423024460879702e+00 -2.687752924536269802e+03
-1.474210322498874497e-04 5.152145190132202636e-04 1.000000000000000000e+00
DSC_8200.JPG_max_x: 476.384
DSC_8200.JPG_min_x: 105.185
DSC_8200.JPG_max_y: 1473.47
DSC_8200.JPG_min_y: 1066.06
DSC_8417.JPG_max_x: 898.708
DSC_8417.JPG_min_x: 327.813
DSC_8417.JPG_max_y: 633.681
DSC_8417.JPG_min_y: 12.3528
