1.962444166776092125e+00 7.264228736664364305e-01 -1.949997303705682953e+03
4.220893521531350334e-01 1.018656221485557678e+00 8.681689586756672270e+02
9.849825990445185489e-04 -6.097315058452785000e-04 1.000000000000000000e+00
DSC_8233.JPG_max_x: 1218.51
DSC_8233.JPG_min_x: 790.398
DSC_8233.JPG_max_y: 1050.41
DSC_8233.JPG_min_y: 175.779
DSC_8333.JPG_max_x: 772.317
DSC_8333.JPG_min_x: 12.1893
DSC_8333.JPG_max_y: 1579.92
DSC_8333.JPG_min_y: 767.374
