6.591179729700243906e-01 -1.675582100581134506e-02 7.169552836485474927e+02
-7.493839977337728164e-02 1.121901395314448324e+00 -7.582019897214775028e+02
-3.310760505891962701e-04 1.343509906750517987e-04 1.000000000000000000e+00
DSC_8310.JPG_max_x: 642.735
DSC_8310.JPG_min_x: 21.9897
DSC_8310.JPG_max_y: 1668.34
DSC_8310.JPG_min_y: 1168.63
DSC_8443.JPG_max_x: 1149.84
DSC_8443.JPG_min_x: 609.985
DSC_8443.JPG_max_y: 977.737
DSC_8443.JPG_min_y: 476.774
