1.531812967067701203e+00 1.739390868247459587e-01 -6.203764674201953540e+02
9.832247589553781697e-02 1.441434283146530770e+00 1.429257234491740576e+02
4.599928416399722166e-05 1.392866686741734805e-04 1.000000000000000000e+00
DSC_8347.JPG_max_x: 1299.75
DSC_8347.JPG_min_x: 421.018
DSC_8347.JPG_max_y: 1149.49
DSC_8347.JPG_min_y: 14.4781
DSC_8405.JPG_max_x: 1296.24
DSC_8405.JPG_min_x: 122.242
DSC_8405.JPG_max_y: 1577.08
DSC_8405.JPG_min_y: 248.7
