1.085154002958168329e+00 2.302244120838633223e-01 -8.460133935046809484e+01
-8.977242412482600020e-02 1.229976172475679475e+00 -9.773469090855802506e+02
8.750842667307569874e-05 2.469133233664878553e-04 1.000000000000000000e+00
DSC_8318.JPG_max_x: 1251.2
DSC_8318.JPG_min_x: 186.127
DSC_8318.JPG_max_y: 1386.57
DSC_8318.JPG_min_y: 815.229
DSC_8335.JPG_max_x: 1111.7
DSC_8335.JPG_min_x: 253.091
DSC_8335.JPG_max_y: 491.596
DSC_8335.JPG_min_y: 6.48226
