-1.655701246079667177e+00 5.753011005197541383e-01 1.216352444253610656e+03
-3.256315280713505178e+00 1.073437026525835281e+00 2.259952038749298481e+03
-2.418159504964772707e-03 1.413238655094223696e-03 9.999999999999998890e-01
DSC_8198.JPG_max_x: 1313.24
DSC_8198.JPG_min_x: 334.108
DSC_8198.JPG_max_y: 1307.51
DSC_8198.JPG_min_y: 795.203
DSC_8416.JPG_max_x: 912.052
DSC_8416.JPG_min_x: 355.329
DSC_8416.JPG_max_y: 1429.33
DSC_8416.JPG_min_y: 963.864
