1.028224804933530079e+00 -1.168143793402677932e+00 1.655126818136327529e+02
1.751803294042648229e+00 -3.351482997331744151e+00 1.490892342844731729e+03
9.412236440608025582e-04 -2.093531590437383485e-03 1.000000000000000000e+00
DSC_8223.JPG_max_x: 1233.82
DSC_8223.JPG_min_x: 346.499
DSC_8223.JPG_max_y: 984.444
DSC_8223.JPG_min_y: 58.0527
DSC_8380.JPG_max_x: 827.439
DSC_8380.JPG_min_x: 246.439
DSC_8380.JPG_max_y: 1884.66
DSC_8380.JPG_min_y: 1307.57
