6.294224439075200017e-01 6.320998573585231983e-02 -1.426024683874672121e+02
1.523629066033807891e-02 6.413406893847459767e-01 1.490124919108970971e+02
1.273097523873351164e-04 -5.609274904911164776e-05 1.000000000000000000e+00
DSC_8423.JPG_max_x: 1291.12
DSC_8423.JPG_min_x: 271.626
DSC_8423.JPG_max_y: 1449.57
DSC_8423.JPG_min_y: 199.627
DSC_8459.JPG_max_x: 625.417
DSC_8459.JPG_min_x: 41.1104
DSC_8459.JPG_max_y: 1089.3
DSC_8459.JPG_min_y: 269.901
