3.852055728638358878e-01 1.079191177155160997e-01 1.072651745034771693e+03
5.055764312758689177e-02 8.607877077788057552e-01 -8.679544705915085956e+01
-4.157185542854998023e-04 4.594777755864512016e-04 9.999999999999998890e-01
DSC_8211.JPG_max_x: 794.078
DSC_8211.JPG_min_x: 31.109
DSC_8211.JPG_max_y: 1121.1
DSC_8211.JPG_min_y: 408.079
DSC_8339.JPG_max_x: 1285.72
DSC_8339.JPG_min_x: 866.461
DSC_8339.JPG_max_y: 762.487
DSC_8339.JPG_min_y: 280.632
