8.729871394360712022e-01 -2.507801446956126751e-02 1.149917782631243313e+02
6.322183223116525919e-02 1.065890799854979809e+00 3.951757788506362772e+02
6.756210611548413446e-06 1.414735839187303767e-04 1.000000000000000000e+00
DSC_8204.JPG_max_x: 1200.26
DSC_8204.JPG_min_x: 133.293
DSC_8204.JPG_max_y: 1950.36
DSC_8204.JPG_min_y: 870.615
DSC_8382.JPG_max_x: 928.396
DSC_8382.JPG_min_x: 167.765
DSC_8382.JPG_max_y: 1972.23
DSC_8382.JPG_min_y: 1227.91
