7.220294689470440730e+00 -1.757519317601566877e-01 1.558707924251770464e+03
9.558527675043729133e+00 7.910675083898544457e+00 4.049963554188640842e+02
6.260759657981198462e-03 3.975755782123296771e-03 1.000000000000000000e+00
DSC_8227.JPG_max_x: 724.987
DSC_8227.JPG_min_x: 18.4527
DSC_8227.JPG_max_y: 1564.28
DSC_8227.JPG_min_y: 241.576
DSC_8412.JPG_max_x: 1161.67
DSC_8412.JPG_min_x: 58.2626
DSC_8412.JPG_max_y: 1770.64
DSC_8412.JPG_min_y: 1270.43
