6.145753988966408121e-01 -2.750777952325444420e-01 7.739567395622023014e+02
1.164610829703666556e-01 9.854401381757931233e-01 -9.289570221965554708e+01
-2.518130916751316071e-04 6.079251162337017181e-05 1.000000000000000000e+00
DSC_8329.JPG_max_x: 1114.93
DSC_8329.JPG_min_x: 310.757
DSC_8329.JPG_max_y: 1534.68
DSC_8329.JPG_min_y: 86.6957
DSC_8425.JPG_max_x: 1310.57
DSC_8425.JPG_min_x: 667.275
DSC_8425.JPG_max_y: 1907.18
DSC_8425.JPG_min_y: 49.9681
