-1.032970349402010379e+00 -8.206784525434088762e-01 3.329097972696498573e+02
2.759460115234054975e-03 -2.077648516845661320e+00 1.874360938669707593e+03
7.152777592198867771e-04 -2.052272415673353761e-03 1.000000000000000000e+00
DSC_8308.JPG_max_x: 650.564
DSC_8308.JPG_min_x: 15.7449
DSC_8308.JPG_max_y: 1631.59
DSC_8308.JPG_min_y: 914.468
DSC_8429.JPG_max_x: 1317.35
DSC_8429.JPG_min_x: 489.106
DSC_8429.JPG_max_y: 809.121
DSC_8429.JPG_min_y: 81.3892
