8.633930273136581235e+00 1.301995220484455096e-01 -2.316604725224948197e+03
3.810920441121126601e+00 3.561796876782648003e+00 -1.663808780839541214e+03
5.982369060434054864e-03 1.329214357403950060e-05 1.000000000000000000e+00
DSC_8207.JPG_max_x: 1288.93
DSC_8207.JPG_min_x: 572.375
DSC_8207.JPG_max_y: 1591.64
DSC_8207.JPG_min_y: 356.168
DSC_8341.JPG_max_x: 1056.07
DSC_8341.JPG_min_x: 651.195
DSC_8341.JPG_max_y: 1133.08
DSC_8341.JPG_min_y: 471.743
