-2.928914400295403198e+01 3.911871291631821634e+01 2.469824377070083301e+03
-1.292155745971688319e+01 2.898841921497220397e+01 -2.512004469181780223e+03
-2.084898628069718068e-02 3.332761826541380534e-02 1.000000000000000000e+00
DSC_8290.JPG_max_x: 1319.94
DSC_8290.JPG_min_x: 23.2675
DSC_8290.JPG_max_y: 1720.8
DSC_8290.JPG_min_y: 275.482
DSC_8318.JPG_max_x: 1328.48
DSC_8318.JPG_min_x: 198.696
DSC_8318.JPG_max_y: 1074.45
DSC_8318.JPG_min_y: 561.754
