3.101663512044926518e-01 -5.308476949732157113e-01 5.412195676646066431e+02
5.896588989399550451e-01 -1.047838724514581710e+00 1.092646717417272839e+03
5.487879216292277035e-04 -9.639416863925331490e-04 1.000000000000000000e+00
DSC_8402.JPG_max_x: 1307.04
DSC_8402.JPG_min_x: 218.88
DSC_8402.JPG_max_y: 1817.93
DSC_8402.JPG_min_y: 1114.12
DSC_8404.JPG_max_x: 952.607
DSC_8404.JPG_min_x: 112.442
DSC_8404.JPG_max_y: 1486.89
DSC_8404.JPG_min_y: 724.298
