1.671216238992514480e+00 3.866507328349033101e-01 -4.665724985090068344e+02
-7.441247768124453765e-02 1.863263004365849129e+00 -1.927861985697030377e+03
-3.117103941728556737e-05 4.716486150323531928e-04 1.000000000000000000e+00
DSC_8426.JPG_max_x: 962.268
DSC_8426.JPG_min_x: 42.9221
DSC_8426.JPG_max_y: 1979.58
DSC_8426.JPG_min_y: 1214.26
DSC_8427.JPG_max_x: 1010.87
DSC_8427.JPG_min_x: 113.771
DSC_8427.JPG_max_y: 916.864
DSC_8427.JPG_min_y: 158.173
