1.302886877648656849e-01 -1.015320958194356971e+00 1.344163061693547434e+03
1.641105674528310077e-01 -7.074158208589715890e-01 9.840530646258398519e+02
2.381321062861156538e-04 -7.872982640989686833e-04 9.999999999999998890e-01
DSC_8350.JPG_max_x: 1215.73
DSC_8350.JPG_min_x: 240.678
DSC_8350.JPG_max_y: 1435.41
DSC_8350.JPG_min_y: 843.122
DSC_8362.JPG_max_x: 1330.47
DSC_8362.JPG_min_x: 114.975
DSC_8362.JPG_max_y: 1328.74
DSC_8362.JPG_min_y: 1025.57
