-2.655815393323067708e-01 -1.520564744226516329e-01 4.511626490765416975e+02
-2.341918098299915207e-01 -4.149896510812436379e-01 7.041569377444488964e+02
-5.836578138911480661e-04 -4.282614188733736881e-04 1.000000000000000000e+00
DSC_8254.JPG_max_x: 1319.18
DSC_8254.JPG_min_x: 733.925
DSC_8254.JPG_max_y: 1587.09
DSC_8254.JPG_min_y: 1084.82
DSC_8307.JPG_max_x: 1240.32
DSC_8307.JPG_min_x: 33.2419
DSC_8307.JPG_max_y: 637.814
DSC_8307.JPG_min_y: 230.828
