1.059513465536434218e+00 2.363758943693150261e-01 -2.046061708659867406e+02
3.796213768479811401e-01 -4.226007963297843117e-01 1.227555989927518340e+03
1.183795847588651356e-04 -4.326149349048786130e-04 1.000000000000000000e+00
DSC_8295.JPG_max_x: 1212.97
DSC_8295.JPG_min_x: 271.482
DSC_8295.JPG_max_y: 1434.44
DSC_8295.JPG_min_y: 28.2479
DSC_8308.JPG_max_x: 1171.41
DSC_8308.JPG_min_x: 107.756
DSC_8308.JPG_max_y: 1705.55
DSC_8308.JPG_min_y: 1251.34
