1.017476567231128559e+00 -1.405802765717222014e-01 -1.213183096462701371e+02
3.424135753287732564e-02 8.775839577522039914e-01 2.896051951685944914e+02
1.734265697920584076e-05 -2.294811191481891183e-05 1.000000000000000000e+00
DSC_8294.JPG_max_x: 1318.95
DSC_8294.JPG_min_x: 263.92
DSC_8294.JPG_max_y: 1352.17
DSC_8294.JPG_min_y: 675.346
DSC_8474.JPG_max_x: 1052.69
DSC_8474.JPG_min_x: 19.6454
DSC_8474.JPG_max_y: 1543.87
DSC_8474.JPG_min_y: 911.54
