-1.463726180990095743e-02 7.601447405445592442e-02 -8.168318977928772995e+01
-1.366393269605290506e+00 2.845071992127752858e-01 5.182037194423539859e+02
-1.716944312973632016e-03 1.251770993999336214e-04 9.999999999999998890e-01
DSC_8248.JPG_max_x: 615.788
DSC_8248.JPG_min_x: 529.811
DSC_8248.JPG_max_y: 1629.8
DSC_8248.JPG_min_y: 1228.74
DSC_8349.JPG_max_x: 192.939
DSC_8349.JPG_min_x: 16.7805
DSC_8349.JPG_max_y: 1020.08
DSC_8349.JPG_min_y: 433.029
