2.678708732501333678e+00 5.705035128456078033e-03 -1.504793044967998867e+03
1.409347061859973271e+00 4.425813930069019131e-01 1.135105989551583662e+03
1.224565636991026924e-03 -6.796860739390737059e-04 1.000000000000000000e+00
DSC_8267.JPG_max_x: 1295.49
DSC_8267.JPG_min_x: 713.052
DSC_8267.JPG_max_y: 1039.36
DSC_8267.JPG_min_y: 14.3534
DSC_8318.JPG_max_x: 1045.76
DSC_8318.JPG_min_x: 227.012
DSC_8318.JPG_max_y: 1846.21
DSC_8318.JPG_min_y: 1145.59
