-2.533786237033380795e-01 4.589801091559143620e-01 9.762873081618848801e+02
-8.922341825020667638e-01 1.318995755221805011e+00 4.388587498578527857e+02
-8.017922025638234184e-04 5.066313505038583676e-04 1.000000000000000000e+00
DSC_8258.JPG_max_x: 597.408
DSC_8258.JPG_min_x: 11.0801
DSC_8258.JPG_max_y: 1600.29
DSC_8258.JPG_min_y: 676.163
DSC_8472.JPG_max_x: 1287.57
DSC_8472.JPG_min_x: 748.59
DSC_8472.JPG_max_y: 1478.51
DSC_8472.JPG_min_y: 1002.14
