5.880249259965896202e-01 -5.551204877881067423e-01 1.260630943739611894e+03
3.988445056477064599e-01 -1.084630914000491581e-01 1.074732212754795682e+03
1.713392682558910864e-04 -3.358253868073234126e-04 9.999999999999998890e-01
DSC_8213.JPG_max_x: 436.572
DSC_8213.JPG_min_x: 112.791
DSC_8213.JPG_max_y: 1403.23
DSC_8213.JPG_min_y: 631.891
DSC_8308.JPG_max_x: 1310.68
DSC_8308.JPG_min_x: 1059.21
DSC_8308.JPG_max_y: 1762.6
DSC_8308.JPG_min_y: 1337.55
