6.802176411727409722e-01 -2.678977777292781623e-02 -4.964066539963099558e+02
1.230423805703493301e-01 6.048110859079979251e-01 3.324953483712534990e+02
8.268118102860500581e-05 -2.244096248508540477e-05 1.000000000000000000e+00
DSC_8256.JPG_max_x: 1314.06
DSC_8256.JPG_min_x: 784.863
DSC_8256.JPG_max_y: 1238.39
DSC_8256.JPG_min_y: 675.186
DSC_8444.JPG_max_x: 341.376
DSC_8444.JPG_min_x: 17.8616
DSC_8444.JPG_max_y: 1145.43
DSC_8444.JPG_min_y: 819.852
