-6.129890883416784508e-02 -6.011201670850643275e-01 6.127121871750867967e+02
-2.473377074989732971e-01 -1.088117619450359230e+00 1.254840710948442847e+03
-1.946818058431762474e-04 -9.020512650205069101e-04 1.000000000000000000e+00
DSC_8305.JPG_max_x: 1132.35
DSC_8305.JPG_min_x: 377.495
DSC_8305.JPG_max_y: 1211.97
DSC_8305.JPG_min_y: 131.007
DSC_8398.JPG_max_x: 714.702
DSC_8398.JPG_min_x: 594.227
DSC_8398.JPG_max_y: 1342.4
DSC_8398.JPG_min_y: 1096.27
