-4.758460441901868343e+00 -3.164266271108416295e-01 1.266281546155982369e+03
-4.466026868999329658e+00 -1.876310890456606428e-01 1.078124798984069685e+03
-3.775785205146345476e-03 -2.490242529163310325e-04 1.000000000000000000e+00
DSC_8432.JPG_max_x: 334.229
DSC_8432.JPG_min_x: 137.726
DSC_8432.JPG_max_y: 1167.26
DSC_8432.JPG_min_y: 777.493
DSC_8450.JPG_max_x: 1323.62
DSC_8450.JPG_min_x: 1248.21
DSC_8450.JPG_max_y: 1469.71
DSC_8450.JPG_min_y: 910.422
