-1.919846290373551145e+00 -8.502580651785992538e-01 2.991834318332877501e+03
1.236717464127424088e-01 -2.407347477904057342e+00 2.287757408616432713e+03
-1.007621632525183483e-03 -9.724348615721014168e-04 1.000000000000000000e+00
DSC_8198.JPG_max_x: 1327.97
DSC_8198.JPG_min_x: 769.294
DSC_8198.JPG_max_y: 1852.64
DSC_8198.JPG_min_y: 1017.23
DSC_8351.JPG_max_x: 454.422
DSC_8351.JPG_min_x: 15.5969
DSC_8351.JPG_max_y: 1325.31
DSC_8351.JPG_min_y: 6.69092
