-3.040654333009362720e-01 5.592374774703846863e-02 6.997247452935364436e+02
-5.526432342170191081e-01 1.205729887120828431e-01 1.051918603543376776e+03
-5.013021577386516953e-04 3.471756940251414565e-05 1.000000000000000000e+00
DSC_8284.JPG_max_x: 1243.19
DSC_8284.JPG_min_x: 158.513
DSC_8284.JPG_max_y: 1497.07
DSC_8284.JPG_min_y: 290.284
DSC_8364.JPG_max_x: 906.718
DSC_8364.JPG_min_x: 484.415
DSC_8364.JPG_max_y: 1240.8
DSC_8364.JPG_min_y: 1037.2
