7.643956801786907507e-01 4.945940338442637585e-01 -2.314150901258361159e+02
2.966807825120789111e-01 1.080796513812266824e+00 1.237481153303932160e+03
2.851965690727504416e-04 2.971366013182472933e-04 9.999999999999998890e-01
DSC_8271.JPG_max_x: 1160.29
DSC_8271.JPG_min_x: 108.708
DSC_8271.JPG_max_y: 1229.47
DSC_8271.JPG_min_y: 150.313
DSC_8452.JPG_max_x: 654.51
DSC_8452.JPG_min_x: 204.041
DSC_8452.JPG_max_y: 1818.35
DSC_8452.JPG_min_y: 1275.82
