1.137964727273640397e+00 8.883263686664117920e-01 -7.702279617994465752e+02
-6.265289910742873059e-02 9.482479215305193998e-01 7.466185813843487722e+02
4.461436213575518646e-04 1.241679950077826072e-04 1.000000000000000000e+00
DSC_8205.JPG_max_x: 1274.36
DSC_8205.JPG_min_x: 299.475
DSC_8205.JPG_max_y: 1055.99
DSC_8205.JPG_min_y: 166.205
DSC_8211.JPG_max_x: 805.499
DSC_8211.JPG_min_x: 19.9985
DSC_8211.JPG_max_y: 1180.17
DSC_8211.JPG_min_y: 589.883
