3.472344352508673015e+00 1.031910335719419036e+00 -1.827815454372467457e+03
-2.842083257010148967e-01 4.528930551253650627e+00 -4.292078770050542516e+03
-2.959972691181173769e-04 1.312092541960767009e-03 1.000000000000000000e+00
DSC_8232.JPG_max_x: 1009.48
DSC_8232.JPG_min_x: 160.718
DSC_8232.JPG_max_y: 1877.37
DSC_8232.JPG_min_y: 987.46
DSC_8331.JPG_max_x: 1260.75
DSC_8331.JPG_min_x: 72.0201
DSC_8331.JPG_max_y: 1228.7
DSC_8331.JPG_min_y: 18.722
