1.278547623850814441e+00 4.312970890005083935e-01 -3.045281899861292914e+02
-9.168930456273131913e-02 1.371475645580237934e+00 -1.351598280035429980e+03
2.167078615482305817e-05 4.739248314597802286e-04 9.999999999999998890e-01
DSC_8224.JPG_max_x: 927.642
DSC_8224.JPG_min_x: 12.0383
DSC_8224.JPG_max_y: 1940.64
DSC_8224.JPG_min_y: 1164.76
DSC_8323.JPG_max_x: 877.699
DSC_8323.JPG_min_x: 144.936
DSC_8323.JPG_max_y: 632.181
DSC_8323.JPG_min_y: 98.3369
