1.079626737860750474e+00 -1.308704962814053463e-01 2.473592073649854512e+02
3.345014911617846809e-02 9.615068427249052752e-01 1.411058814219301780e+02
-1.360748493227498642e-05 -1.261495288276755667e-04 1.000000000000000000e+00
DSC_8348.JPG_max_x: 698.965
DSC_8348.JPG_min_x: 11.9158
DSC_8348.JPG_max_y: 1382.59
DSC_8348.JPG_min_y: 557.186
DSC_8418.JPG_max_x: 989.871
DSC_8418.JPG_min_x: 107.023
DSC_8418.JPG_max_y: 1783.06
DSC_8418.JPG_min_y: 766.044
