3.166170320539543503e+00 -2.604912294973056319e-01 -8.274288387087179899e+02
2.136089036025268229e+00 8.722012597221000529e-01 -4.696396290249023053e+01
2.241521659201592843e-03 -3.007397442752460432e-04 1.000000000000000000e+00
DSC_8282.JPG_max_x: 1304.75
DSC_8282.JPG_min_x: 617.276
DSC_8282.JPG_max_y: 1582.68
DSC_8282.JPG_min_y: 715.935
DSC_8334.JPG_max_x: 833.462
DSC_8334.JPG_min_x: 434.498
DSC_8334.JPG_max_y: 1213.77
DSC_8334.JPG_min_y: 875.254
