1.110035888249845559e+00 5.706885258839594632e-02 -1.392141438833906477e+02
7.152887024745899214e-02 1.473902807718714181e+00 -3.023071706856795799e+02
7.276778237677793647e-05 7.229781307545956974e-05 1.000000000000000000e+00
DSC_8458.JPG_max_x: 1234.58
DSC_8458.JPG_min_x: 101.432
DSC_8458.JPG_max_y: 1723.53
DSC_8458.JPG_min_y: 596.394
DSC_8478.JPG_max_x: 1039.42
DSC_8478.JPG_min_x: 28.5458
DSC_8478.JPG_max_y: 1950.58
DSC_8478.JPG_min_y: 514.236
