5.702966712335387767e-01 -2.890732342091752519e-02 -7.396490154276642670e+01
5.901943779809972757e-01 9.311061385702142923e-01 1.489837339976206749e+02
5.703843470509950987e-04 1.660201185226290344e-04 9.999999999999998890e-01
DSC_8406.JPG_max_x: 833.995
DSC_8406.JPG_min_x: 332.483
DSC_8406.JPG_max_y: 1654.17
DSC_8406.JPG_min_y: 526.218
DSC_8438.JPG_max_x: 253.844
DSC_8438.JPG_min_x: 47.7318
DSC_8438.JPG_max_y: 1261.3
DSC_8438.JPG_min_y: 721.484
