2.819633407898014710e+01 3.859834873607922212e+00 -1.918125801730106832e+04
4.631707534518193725e+00 2.465154795368802354e+01 -2.448846043791825650e+04
6.467501651953585368e-03 5.861765073772697704e-03 1.000000000000000000e+00
DSC_8348.JPG_max_x: 1283.18
DSC_8348.JPG_min_x: 573.92
DSC_8348.JPG_max_y: 1777.33
DSC_8348.JPG_min_y: 1064.5
DSC_8435.JPG_max_x: 1324.25
DSC_8435.JPG_min_x: 104.364
DSC_8435.JPG_max_y: 1356.19
DSC_8435.JPG_min_y: 400.758
