1.310355020243322066e+00 -8.307109546189178628e-02 -9.867914853427665776e+02
3.057467745119915592e-01 1.023759246003362211e+00 5.570660770391582872e+01
3.096932621248759407e-04 -1.580565772369713897e-04 1.000000000000000000e+00
DSC_8198.JPG_max_x: 1313.24
DSC_8198.JPG_min_x: 916.854
DSC_8198.JPG_max_y: 1176.43
DSC_8198.JPG_min_y: 795.203
DSC_8398.JPG_max_x: 521.451
DSC_8398.JPG_min_x: 113.203
DSC_8398.JPG_max_y: 1414.15
DSC_8398.JPG_min_y: 989.341
