8.821288455840070597e-01 1.375234885362365822e-01 -4.425385931642887840e+02
-8.095675153613825226e-02 9.500317555033639394e-01 1.406529927175594992e+02
-7.998409101686341041e-05 5.451929094893735771e-05 1.000000000000000000e+00
DSC_8217.JPG_max_x: 1324.97
DSC_8217.JPG_min_x: 433.979
DSC_8217.JPG_max_y: 964.898
DSC_8217.JPG_min_y: 2.76138
DSC_8233.JPG_max_x: 863.814
DSC_8233.JPG_min_x: 13.0806
DSC_8233.JPG_max_y: 1024.38
DSC_8233.JPG_min_y: 88.7673
