-4.366704347808522124e-01 -5.548943997817978868e-02 4.838314818346945572e+02
-1.142577317559595018e+00 -5.894436290665818756e-01 1.505290815445579710e+03
-8.836109098540788570e-04 -2.624434104189237891e-04 1.000000000000000000e+00
DSC_8274.JPG_max_x: 1228.45
DSC_8274.JPG_min_x: 110.846
DSC_8274.JPG_max_y: 1167.01
DSC_8274.JPG_min_y: 477.461
DSC_8426.JPG_max_x: 576.942
DSC_8426.JPG_min_x: 66.4291
DSC_8426.JPG_max_y: 1622.06
DSC_8426.JPG_min_y: 811.117
