3.419275212678751341e+00 8.512175305256671765e-01 -9.557756947300640604e+02
1.517946832863058260e-01 4.846811031744685749e+00 -4.495928372871526335e+03
8.427563825402425990e-04 1.253456568315923633e-03 1.000000000000000000e+00
DSC_8198.JPG_max_x: 432.974
DSC_8198.JPG_min_x: 13.6996
DSC_8198.JPG_max_y: 1651.7
DSC_8198.JPG_min_y: 1021.4
DSC_8401.JPG_max_x: 552.603
DSC_8401.JPG_min_x: 84.0357
DSC_8401.JPG_max_y: 1081.1
DSC_8401.JPG_min_y: 193.691
