-4.922769865804011435e-01 -5.107120109279356113e-01 1.011489857491220164e+03
-8.128198415710167213e-01 -2.776507532191991867e-01 8.451821815216966343e+02
-7.216500861530005364e-04 -4.593149619584403678e-04 1.000000000000000000e+00
DSC_8444.JPG_max_x: 716.934
DSC_8444.JPG_min_x: 17.8616
DSC_8444.JPG_max_y: 1400.3
DSC_8444.JPG_min_y: 819.852
DSC_8452.JPG_max_x: 1325.02
DSC_8452.JPG_min_x: 369.635
DSC_8452.JPG_max_y: 1341.71
DSC_8452.JPG_min_y: 842.356
