6.595796607688330093e-01 2.331685800782215545e-02 -4.596227158470497329e+02
9.415348917438669252e-02 1.164791529275834708e-01 1.112165780741778008e+03
1.529376209395171059e-05 -3.941843788273604373e-04 1.000000000000000000e+00
DSC_8217.JPG_max_x: 1135.91
DSC_8217.JPG_min_x: 710.081
DSC_8217.JPG_max_y: 551.713
DSC_8217.JPG_min_y: 63.4377
DSC_8264.JPG_max_x: 331.026
DSC_8264.JPG_min_x: 15.8771
DSC_8264.JPG_max_y: 1601.72
DSC_8264.JPG_min_y: 1213.25
