9.606691180135167318e-01 1.002537938215639413e+00 3.561189569318165127e+02
-7.148181060522118546e-03 1.030810342230540799e+00 4.028758602741512505e+02
1.164847310854371211e-04 8.146046771726909910e-04 1.000000000000000000e+00
DSC_8203.JPG_max_x: 1216.15
DSC_8203.JPG_min_x: 131.717
DSC_8203.JPG_max_y: 546.804
DSC_8203.JPG_min_y: 66.9448
DSC_8397.JPG_max_x: 1329.74
DSC_8397.JPG_min_x: 538.71
DSC_8397.JPG_max_y: 653.595
DSC_8397.JPG_min_y: 409.323
