1.606545691233827178e+00 -1.904243663839381984e-02 3.926377604187975408e+02
-5.747696164370459659e-02 1.719736592373503958e+00 -6.158109953056508630e+02
-9.882334844138387225e-05 8.529523800987667533e-05 1.000000000000000000e+00
DSC_8236.JPG_max_x: 577.838
DSC_8236.JPG_min_x: 4.53003
DSC_8236.JPG_max_y: 1257.82
DSC_8236.JPG_min_y: 658.698
DSC_8318.JPG_max_x: 1298.8
DSC_8318.JPG_min_x: 352.318
DSC_8318.JPG_max_y: 1425.45
DSC_8318.JPG_min_y: 488.221
