1.041204178947123582e+00 -4.501814806446969852e-01 1.399758562748615759e+03
1.119480744602573824e-01 1.634593062276707753e+00 -1.320914185983059724e+03
-3.628388772343398407e-04 5.183968734751822678e-05 1.000000000000000000e+00
DSC_8296.JPG_max_x: 349.858
DSC_8296.JPG_min_x: 37.7013
DSC_8296.JPG_max_y: 1326.15
DSC_8296.JPG_min_y: 1096.27
DSC_8325.JPG_max_x: 1282.47
DSC_8325.JPG_min_x: 910.194
DSC_8325.JPG_max_y: 929.752
DSC_8325.JPG_min_y: 460.923
