-3.786921642931609676e+04 9.319000433831149621e+01 -3.422433561210558983e+05
-3.032896414314786089e+05 7.135286432332562981e+03 1.809801304342354834e+07
-2.426780635896588478e+02 2.068343338878455029e+01 1.000000000000000000e+00
DSC_8236.JPG_max_x: 1290.64
DSC_8236.JPG_min_x: 98.5052
DSC_8236.JPG_max_y: 1702.56
DSC_8236.JPG_min_y: 696.227
DSC_8352.JPG_max_x: 1228.7
DSC_8352.JPG_min_x: 81.1075
DSC_8352.JPG_max_y: 1484.02
DSC_8352.JPG_min_y: 812.07
