1.313982758857737299e+00 -3.500110728752429123e-01 -1.105099409666474628e+02
-8.949391538274702185e-02 7.430067501212007652e-01 1.190288550549320007e+03
-1.299170122588310045e-04 -3.070182794257519531e-04 1.000000000000000000e+00
DSC_8351.JPG_max_x: 783.061
DSC_8351.JPG_min_x: 306.56
DSC_8351.JPG_max_y: 484.334
DSC_8351.JPG_min_y: 41.6965
DSC_8448.JPG_max_x: 1010.6
DSC_8448.JPG_min_x: 261.759
DSC_8448.JPG_max_y: 1960.41
DSC_8448.JPG_min_y: 1254.88
