4.283943012833719699e+00 1.358788028241709966e+00 -1.654671418637596162e+03
1.937743995660706209e-01 4.405752832192763258e+00 2.832099632955133757e+02
3.270898291821278787e-04 2.159564557943987988e-03 1.000000000000000000e+00
DSC_8197.JPG_max_x: 950.775
DSC_8197.JPG_min_x: 393.764
DSC_8197.JPG_max_y: 680.657
DSC_8197.JPG_min_y: 5.64105
DSC_8387.JPG_max_x: 1212.42
DSC_8387.JPG_min_x: 125.742
DSC_8387.JPG_max_y: 1234.55
DSC_8387.JPG_min_y: 354.459
