8.246946670423712655e-01 1.969241991528219715e-01 4.020651509905565746e+01
-1.544455496826867801e-02 1.154815361106470206e+00 2.607805248737829515e+02
-2.343435166609909634e-05 3.210152161329970946e-04 1.000000000000000000e+00
DSC_8204.JPG_max_x: 1179.26
DSC_8204.JPG_min_x: 97.9989
DSC_8204.JPG_max_y: 1906.99
DSC_8204.JPG_min_y: 870.615
DSC_8394.JPG_max_x: 908.402
DSC_8394.JPG_min_x: 301.218
DSC_8394.JPG_max_y: 1542.05
DSC_8394.JPG_min_y: 992.02
