2.548427995473747654e+00 1.720121767555265802e+00 -1.648322856941701502e+03
3.367396829410818637e-01 3.147769490419471516e+00 9.000448635736406686e+02
1.799225793693055723e-03 7.765141785625233415e-04 1.000000000000000000e+00
DSC_8233.JPG_max_x: 928.982
DSC_8233.JPG_min_x: 224.119
DSC_8233.JPG_max_y: 1090.42
DSC_8233.JPG_min_y: 190.833
DSC_8401.JPG_max_x: 775.856
DSC_8401.JPG_min_x: 132.054
DSC_8401.JPG_max_y: 1850.57
DSC_8401.JPG_min_y: 662.838
