1.519680927715264085e+00 2.322117251829754481e-01 -4.675091018187053464e+02
-1.804598330914574528e-02 1.540972383476941099e+00 -1.796439053144341415e+03
-5.030607287248035073e-05 2.906684298798866274e-04 1.000000000000000000e+00
DSC_8228.JPG_max_x: 856.399
DSC_8228.JPG_min_x: 57.3266
DSC_8228.JPG_max_y: 1894.6
DSC_8228.JPG_min_y: 1370.04
DSC_8229.JPG_max_x: 837.154
DSC_8229.JPG_min_x: 33.1007
DSC_8229.JPG_max_y: 712.086
DSC_8229.JPG_min_y: 198.851
