6.619243371172047752e-01 9.721662736327811583e-02 1.154818587641450023e+02
-1.527585818839666959e-02 8.109293758580333744e-01 -1.883822321500768169e+02
-1.669527220978875032e-04 9.326467508222004480e-05 1.000000000000000000e+00
DSC_8229.JPG_max_x: 1123.18
DSC_8229.JPG_min_x: 33.1007
DSC_8229.JPG_max_y: 927.729
DSC_8229.JPG_min_y: 231.894
DSC_8245.JPG_max_x: 1035.25
DSC_8245.JPG_min_x: 201.722
DSC_8245.JPG_max_y: 607.909
DSC_8245.JPG_min_y: 13.8154
