9.335125673790574119e-01 3.615841707222468976e-02 -1.278488577479738382e+02
1.164553579331846361e-01 9.083480735735206535e-01 1.028569213944664824e+02
1.322984104447445840e-04 4.438352873111073142e-05 1.000000000000000000e+00
DSC_8334.JPG_max_x: 1328.94
DSC_8334.JPG_min_x: 381.377
DSC_8334.JPG_max_y: 1880.38
DSC_8334.JPG_min_y: 745.409
DSC_8350.JPG_max_x: 946.027
DSC_8350.JPG_min_x: 240.678
DSC_8350.JPG_max_y: 1580.02
DSC_8350.JPG_min_y: 764.896
