-1.563659600393096039e+00 1.868340886632728626e-01 1.096655692246969693e+03
-2.029897711027628393e+00 4.566743378027063316e-01 1.078353855550628623e+03
-1.476933319897145601e-03 1.403479413701951505e-04 1.000000000000000000e+00
DSC_8272.JPG_max_x: 886.769
DSC_8272.JPG_min_x: 262.724
DSC_8272.JPG_max_y: 1665.59
DSC_8272.JPG_min_y: 1171.46
DSC_8470.JPG_max_x: 1320.69
DSC_8470.JPG_min_x: 501.305
DSC_8470.JPG_max_y: 1628.56
DSC_8470.JPG_min_y: 1253.75
