8.940687409136434116e-01 -4.298225186263587849e-01 4.654153663283527749e+02
9.367054343187361520e-02 1.085237543938843308e+00 -1.244411915846863366e+02
-2.799029570520851560e-04 2.142251259775211289e-04 1.000000000000000000e+00
DSC_8309.JPG_max_x: 811.85
DSC_8309.JPG_min_x: 41.6593
DSC_8309.JPG_max_y: 1307.69
DSC_8309.JPG_min_y: 359.465
DSC_8413.JPG_max_x: 1250.8
DSC_8413.JPG_min_x: 227.84
DSC_8413.JPG_max_y: 1185.59
DSC_8413.JPG_min_y: 319.955
