5.904842596138453192e-01 -1.844130997555009643e-01 4.393693008759391887e+02
-1.065789652287646092e-02 3.794463329430738385e-01 3.115279736301706066e+02
6.370430251329994473e-05 -2.519858680380904431e-04 1.000000000000000000e+00
DSC_8237.JPG_max_x: 1300.92
DSC_8237.JPG_min_x: 102.699
DSC_8237.JPG_max_y: 833.255
DSC_8237.JPG_min_y: 155.078
DSC_8379.JPG_max_x: 1135.98
DSC_8379.JPG_min_x: 464.291
DSC_8379.JPG_max_y: 778.928
DSC_8379.JPG_min_y: 349.473
