-1.069363348169358963e+00 -1.636698924420717738e+00 1.879056765353737092e+03
5.138121098042419677e-02 -2.210590803107400859e+00 2.010371557940598677e+03
2.317570342026598800e-04 -2.182805128194265434e-03 1.000000000000000000e+00
DSC_8324.JPG_max_x: 1319.98
DSC_8324.JPG_min_x: 112.209
DSC_8324.JPG_max_y: 1696.03
DSC_8324.JPG_min_y: 1218.63
DSC_8475.JPG_max_x: 992.973
DSC_8475.JPG_min_x: 213.115
DSC_8475.JPG_max_y: 797.854
DSC_8475.JPG_min_y: 437.847
