3.760260273254587005e-01 -4.874337666873237995e-02 -2.393431475693312507e+02
-1.617230552627596518e-01 -5.188690371779113297e-01 1.351878723048620941e+03
-5.395377054235233277e-05 -5.564044084446841424e-04 1.000000000000000000e+00
DSC_8427.JPG_max_x: 1207.91
DSC_8427.JPG_min_x: 778.863
DSC_8427.JPG_max_y: 992.216
DSC_8427.JPG_min_y: 183.636
DSC_8476.JPG_max_x: 321.75
DSC_8476.JPG_min_x: 8.55728
DSC_8476.JPG_max_y: 1716.89
DSC_8476.JPG_min_y: 1327.34
