8.433064721610482595e-01 -8.387458255788935446e-01 9.367804235665470003e+01
1.636076344260085413e+00 -2.822710415477696966e+00 1.314585379475026457e+03
1.013485096121300322e-03 -2.057177185769496017e-03 1.000000000000000000e+00
DSC_8423.JPG_max_x: 1300.33
DSC_8423.JPG_min_x: 130.1
DSC_8423.JPG_max_y: 1034.49
DSC_8423.JPG_min_y: 15.5868
DSC_8438.JPG_max_x: 824.376
DSC_8438.JPG_min_x: 36.2269
DSC_8438.JPG_max_y: 1876.53
DSC_8438.JPG_min_y: 1024.91
