4.433654668064958670e+00 2.028107556073233120e-02 -1.244003442600628944e+02
3.428378014892500270e-01 4.314043579096874304e+00 -7.464389384899268407e+02
3.538825209651770554e-04 1.204244136692059295e-03 1.000000000000000000e+00
DSC_8335.JPG_max_x: 463.863
DSC_8335.JPG_min_x: 290.183
DSC_8335.JPG_max_y: 480.203
DSC_8335.JPG_min_y: 203.207
DSC_8469.JPG_max_x: 1302.51
DSC_8469.JPG_min_x: 849.063
DSC_8469.JPG_max_y: 849.714
DSC_8469.JPG_min_y: 180.329
