1.087965706504073982e+00 2.328516883117335429e-02 -7.902076121749193760e+01
2.235585379629573266e-01 1.215754981709034954e+00 1.390339890920805885e+02
1.699160536931322335e-04 1.434402827677323745e-04 1.000000000000000000e+00
DSC_8352.JPG_max_x: 1323.65
DSC_8352.JPG_min_x: 21.3414
DSC_8352.JPG_max_y: 1825.4
DSC_8352.JPG_min_y: 782.959
DSC_8396.JPG_max_x: 1002.74
DSC_8396.JPG_min_x: 12.9829
DSC_8396.JPG_max_y: 1778.72
DSC_8396.JPG_min_y: 1018.85
