9.386902497210841689e-01 6.192729065243627318e-01 4.526697170938292629e+02
2.204154553078895365e-02 9.525625691397822115e-01 3.761651301888071544e+02
7.130081946166471534e-05 4.903542725395864136e-04 1.000000000000000000e+00
DSC_8203.JPG_max_x: 1060.83
DSC_8203.JPG_min_x: 131.717
DSC_8203.JPG_max_y: 782.669
DSC_8203.JPG_min_y: 16.777
DSC_8367.JPG_max_x: 1325.37
DSC_8367.JPG_min_x: 595.498
DSC_8367.JPG_max_y: 825.07
DSC_8367.JPG_min_y: 392.342
