6.931443871732680950e-01 1.908938037244913843e-01 1.695803769288086471e+02
-3.799242891595033811e-02 5.603661959992013442e-01 7.146911283392332948e+00
-1.125928101072858584e-05 -1.620775527390363449e-04 1.000000000000000000e+00
DSC_8211.JPG_max_x: 906.116
DSC_8211.JPG_min_x: 30.073
DSC_8211.JPG_max_y: 898.467
DSC_8211.JPG_min_y: 382.443
DSC_8227.JPG_max_x: 971.505
DSC_8227.JPG_min_x: 377.307
DSC_8227.JPG_max_y: 556.02
DSC_8227.JPG_min_y: 199.124
