1.395285603824893306e+00 -2.288288381791105663e-01 -2.443402992461615213e+02
1.261475822813328262e+00 9.165710218494113048e-01 1.535709431756840715e+01
2.179423470472413625e-04 -3.793675450998980282e-04 1.000000000000000000e+00
DSC_8195.JPG_max_x: 1329.14
DSC_8195.JPG_min_x: 514.84
DSC_8195.JPG_max_y: 451.851
DSC_8195.JPG_min_y: 27.2984
DSC_8344.JPG_max_x: 1325.3
DSC_8344.JPG_min_x: 418.926
DSC_8344.JPG_max_y: 1522.44
DSC_8344.JPG_min_y: 1089.4
