6.706857102899731693e+00 -2.420898665415011641e-01 -3.343389992614521361e+03
5.128734664302649904e+00 6.141930441749605230e+00 -4.274842195439952775e+03
4.687499855473919487e-03 -4.711403786326750641e-04 1.000000000000000000e+00
DSC_8264.JPG_max_x: 856.663
DSC_8264.JPG_min_x: 595.193
DSC_8264.JPG_max_y: 980.311
DSC_8264.JPG_min_y: 474.317
DSC_8434.JPG_max_x: 473.741
DSC_8434.JPG_min_x: 128.057
DSC_8434.JPG_max_y: 1438.46
DSC_8434.JPG_min_y: 545.794
