9.915951819126840316e-01 5.287297662292415046e-01 2.364742888734347730e+02
-2.947733198515728459e-02 1.323130296133439909e+00 -4.928711549106369603e+02
-8.269701575917883115e-05 2.638705564864382894e-04 1.000000000000000000e+00
DSC_8257.JPG_max_x: 663.46
DSC_8257.JPG_min_x: 18.5744
DSC_8257.JPG_max_y: 1487.57
DSC_8257.JPG_min_y: 524.719
DSC_8273.JPG_max_x: 1233.96
DSC_8273.JPG_min_x: 535.983
DSC_8273.JPG_max_y: 1068.2
DSC_8273.JPG_min_y: 173.43
