1.072006845161852517e+00 6.644924921570023735e-02 5.528194951607590610e+02
2.633278088500152769e-01 8.999381458334024808e-01 1.462647724826556214e+03
1.682123642491714015e-04 4.843796263548498683e-05 1.000000000000000000e+00
DSC_8237.JPG_max_x: 604.982
DSC_8237.JPG_min_x: 228.177
DSC_8237.JPG_max_y: 490.11
DSC_8237.JPG_min_y: 240.019
DSC_8416.JPG_max_x: 1092.29
DSC_8416.JPG_min_x: 776.617
DSC_8416.JPG_max_y: 1852.88
DSC_8416.JPG_min_y: 1653.6
