9.138459055785479457e-01 3.325024431756583576e-01 -4.765744182668921098e+02
-8.035102663896867559e-02 3.632822219991387325e-01 5.166813476697681153e+02
3.029894817451226708e-04 -2.896665626668988060e-04 1.000000000000000000e+00
DSC_8203.JPG_max_x: 1209.18
DSC_8203.JPG_min_x: 426.819
DSC_8203.JPG_max_y: 1184.12
DSC_8203.JPG_min_y: 121.613
DSC_8413.JPG_max_x: 538.638
DSC_8413.JPG_min_x: 34.7673
DSC_8413.JPG_max_y: 1185.59
DSC_8413.JPG_min_y: 337.175
