2.391124580566192370e-01 2.731208633936496044e-01 1.018678743547656950e+03
-2.809976315616432019e-01 1.502441623319535680e+00 4.392520625813755828e+02
-7.767344162740038270e-04 7.018875420241556988e-04 1.000000000000000000e+00
DSC_8299.JPG_max_x: 570.731
DSC_8299.JPG_min_x: 81.807
DSC_8299.JPG_max_y: 792.461
DSC_8299.JPG_min_y: 25.3749
DSC_8457.JPG_max_x: 1294.98
DSC_8457.JPG_min_x: 255.563
DSC_8457.JPG_max_y: 1320.02
DSC_8457.JPG_min_y: 488.452
