-7.805708437007262690e-01 -7.055135710446185093e-02 8.524095298236258031e+02
-6.634055965229667118e-01 3.265569654951461231e-01 4.878759926033438887e+02
-9.090964790283106957e-04 -1.521558068751835120e-04 1.000000000000000000e+00
DSC_8253.JPG_max_x: 1073.42
DSC_8253.JPG_min_x: 23.4081
DSC_8253.JPG_max_y: 1274.26
DSC_8253.JPG_min_y: 567.472
DSC_8335.JPG_max_x: 1246.13
DSC_8335.JPG_min_x: 445.737
DSC_8335.JPG_max_y: 1279.23
DSC_8335.JPG_min_y: 87.7854
