7.843689009849416083e-01 -1.461154238500676078e-02 -7.478156824570612571e+01
-9.283579591338729509e-02 8.173692958300593503e-01 1.404555729047263242e+02
-1.324399799555435345e-04 9.134387389502654302e-05 1.000000000000000000e+00
DSC_8242.JPG_max_x: 1302.9
DSC_8242.JPG_min_x: 125.175
DSC_8242.JPG_max_y: 1948.93
DSC_8242.JPG_min_y: 569.396
DSC_8308.JPG_max_x: 991.198
DSC_8308.JPG_min_x: 4.95066
DSC_8308.JPG_max_y: 1493.37
DSC_8308.JPG_min_y: 542.921
