-1.312000245535694942e+00 1.461289696172842212e-01 1.080923179554989247e+03
-1.822682270945193528e+00 7.667817288850418134e-01 5.006523584855341937e+02
-1.634932699082839109e-03 2.129621003826225143e-04 1.000000000000000000e+00
DSC_8274.JPG_max_x: 1053.25
DSC_8274.JPG_min_x: 11.504
DSC_8274.JPG_max_y: 1521.2
DSC_8274.JPG_min_y: 596.885
DSC_8292.JPG_max_x: 1315.75
DSC_8292.JPG_min_x: 287.221
DSC_8292.JPG_max_y: 1471.94
DSC_8292.JPG_min_y: 705.086
