2.311467415793316604e+00 8.764852639484085883e-02 5.525201150069156029e+02
8.253755193958571823e-01 1.535266788142966465e+00 3.820429884933769813e+02
9.367871437583790220e-04 2.870912296208468113e-04 1.000000000000000000e+00
DSC_8237.JPG_max_x: 967.412
DSC_8237.JPG_min_x: 42.5847
DSC_8237.JPG_max_y: 833.255
DSC_8237.JPG_min_y: 169.907
DSC_8335.JPG_max_x: 1287.18
DSC_8335.JPG_min_x: 531.918
DSC_8335.JPG_max_y: 1279.23
DSC_8335.JPG_min_y: 700.683
