9.453039293376853891e+00 3.802279853893527850e+00 -1.450843637345532807e+04
-1.722250058971497300e+00 9.802371614754209261e+00 -9.536987553111932357e+03
2.693364378212409916e-03 3.311530570553391888e-03 1.000000000000000000e+00
DSC_8366.JPG_max_x: 1330.53
DSC_8366.JPG_min_x: 925.636
DSC_8366.JPG_max_y: 1803.62
DSC_8366.JPG_min_y: 1223.88
DSC_8413.JPG_max_x: 360.284
DSC_8413.JPG_min_x: 39.9288
DSC_8413.JPG_max_y: 593.319
DSC_8413.JPG_min_y: 18.8706
