1.772341962637333523e+01 1.091559800251500123e+00 -1.894696696623399839e+04
1.243440108026585200e+01 1.720293521289396921e+01 -1.552575203620570574e+04
1.551633147366797937e-02 2.165388709369171283e-04 9.999999999999998890e-01
DSC_8238.JPG_max_x: 1317.65
DSC_8238.JPG_min_x: 1010.55
DSC_8238.JPG_max_y: 1251.41
DSC_8238.JPG_min_y: 734.001
DSC_8274.JPG_max_x: 249.18
DSC_8274.JPG_min_x: 11.504
DSC_8274.JPG_max_y: 1078.75
DSC_8274.JPG_min_y: 594.751
