-6.273108033967883523e-01 -5.283546052433476387e-02 6.467630380398592251e+02
-4.843273103920356926e-01 -7.717761015188667750e-01 8.564635833444644959e+02
-7.805138252247899094e-04 -6.739973802555986743e-04 1.000000000000000000e+00
DSC_8248.JPG_max_x: 1323.02
DSC_8248.JPG_min_x: 30.4464
DSC_8248.JPG_max_y: 1012.67
DSC_8248.JPG_min_y: 492.025
DSC_8250.JPG_max_x: 1274.0
DSC_8250.JPG_min_x: 26.9108
DSC_8250.JPG_max_y: 1060.31
DSC_8250.JPG_min_y: 503.334
