4.148834563242457252e-01 8.010400976720908131e-03 2.446762296389686355e+02
-1.139133327554451958e+00 1.314849301900616663e+00 2.767799281515002576e+02
-9.524753872865985606e-04 2.444371790726729949e-04 1.000000000000000000e+00
DSC_8308.JPG_max_x: 777.634
DSC_8308.JPG_min_x: 6.86189
DSC_8308.JPG_max_y: 1319.71
DSC_8308.JPG_min_y: 721.999
DSC_8368.JPG_max_x: 1202.63
DSC_8368.JPG_min_x: 185.913
DSC_8368.JPG_max_y: 1785.28
DSC_8368.JPG_min_y: 1033.58
