-8.231884712136726678e-01 7.108799496445079857e-02 8.280624458931810068e+02
-1.233026366328818124e+00 -2.860462566956116226e-01 1.580606948525038206e+03
-1.140952740212479400e-03 9.411740979575500829e-05 1.000000000000000000e+00
DSC_8400.JPG_max_x: 1330.75
DSC_8400.JPG_min_x: 296.799
DSC_8400.JPG_max_y: 1588.3
DSC_8400.JPG_min_y: 1154.19
DSC_8416.JPG_max_x: 863.961
DSC_8416.JPG_min_x: 347.538
DSC_8416.JPG_max_y: 1419.16
DSC_8416.JPG_min_y: 944.011
