-2.888804275417609801e+02 -9.388013764174910136e+01 2.364874662423737755e+05
1.047029787198077777e+01 -3.601531636963935625e+02 3.783070021933690296e+05
-1.202579562861270240e-02 -1.309886404589332698e-01 1.000000000000000000e+00
DSC_8334.JPG_max_x: 1287.0
DSC_8334.JPG_min_x: 422.059
DSC_8334.JPG_max_y: 1861.28
DSC_8334.JPG_min_y: 1108.99
DSC_8449.JPG_max_x: 1259.2
DSC_8449.JPG_min_x: 8.00185
DSC_8449.JPG_max_y: 1160.11
DSC_8449.JPG_min_y: 103.284
