1.517186747995683760e+00 6.977119291969478831e-02 -1.802139258534851024e+03
3.783768177336218064e-01 1.753055223263258799e+00 -4.048134021156217273e+02
4.548667771665902563e-04 1.914809680555480795e-04 1.000000000000000000e+00
DSC_8352.JPG_max_x: 1326.45
DSC_8352.JPG_min_x: 1128.64
DSC_8352.JPG_max_y: 1772.74
DSC_8352.JPG_min_y: 815.672
DSC_8412.JPG_max_x: 167.35
DSC_8412.JPG_min_x: 3.32491
DSC_8412.JPG_max_y: 1682.75
DSC_8412.JPG_min_y: 866.87
