-7.336051767418692859e-02 2.885630396735749600e-02 7.550674667860532452e+01
-1.117125573923996917e+00 -6.537279258543952747e-03 1.200069718909660651e+03
-7.861506045465921485e-04 -1.228167798605890408e-04 1.000000000000000000e+00
DSC_8363.JPG_max_x: 1019.99
DSC_8363.JPG_min_x: 219.108
DSC_8363.JPG_max_y: 1284.48
DSC_8363.JPG_min_y: 386.253
DSC_8399.JPG_max_x: 352.256
DSC_8399.JPG_min_x: 69.0896
DSC_8399.JPG_max_y: 1425.85
DSC_8399.JPG_min_y: 407.054
