-1.470524603477900483e+00 -1.680476443332214187e-01 7.885421447118568494e+02
-2.394155891092417665e+00 -2.146706746065137894e-01 1.278981038012330600e+03
-1.867956880894141311e-03 -1.919034679531290413e-04 1.000000000000000000e+00
DSC_8197.JPG_max_x: 1074.7
DSC_8197.JPG_min_x: 410.796
DSC_8197.JPG_max_y: 937.575
DSC_8197.JPG_min_y: 50.3423
DSC_8328.JPG_max_x: 863.698
DSC_8328.JPG_min_x: 398.921
DSC_8328.JPG_max_y: 1986.3
DSC_8328.JPG_min_y: 1094.95
