8.565026936607489372e-01 -1.710711521293313553e-02 -1.604844950458445041e+01
7.095239618461234021e-02 8.233725466268915216e-01 2.389680713190753920e+02
5.629936361312326456e-05 -1.651231457007980023e-05 1.000000000000000000e+00
DSC_8310.JPG_max_x: 1314.01
DSC_8310.JPG_min_x: 50.1839
DSC_8310.JPG_max_y: 1737.86
DSC_8310.JPG_min_y: 438.025
DSC_8456.JPG_max_x: 1020.84
DSC_8456.JPG_min_x: 10.9512
DSC_8456.JPG_max_y: 1712.32
DSC_8456.JPG_min_y: 650.758
