8.784162397762518282e-01 1.934961717099598633e-01 1.098957916416350287e+02
-1.815799452096536135e-02 1.086692241932692093e+00 -1.003077210364277903e+03
-2.437420492300273813e-05 3.295604657010685378e-04 9.999999999999998890e-01
DSC_8238.JPG_max_x: 728.01
DSC_8238.JPG_min_x: 21.2495
DSC_8238.JPG_max_y: 1532.27
DSC_8238.JPG_min_y: 1140.09
DSC_8367.JPG_max_x: 705.21
DSC_8367.JPG_min_x: 270.743
DSC_8367.JPG_max_y: 437.657
DSC_8367.JPG_min_y: 166.611
