3.603325922162906036e-01 -1.359978526245811115e-01 1.085237634039943487e+03
-5.229973967058458850e-01 7.698877077225791954e-01 4.183084828758169351e+02
-4.351236423603127698e-04 -9.455037083210922268e-05 1.000000000000000000e+00
DSC_8354.JPG_max_x: 273.455
DSC_8354.JPG_min_x: 4.9757
DSC_8354.JPG_max_y: 1567.61
DSC_8354.JPG_min_y: 801.159
DSC_8380.JPG_max_x: 1328.22
DSC_8380.JPG_min_x: 1036.7
DSC_8380.JPG_max_y: 1921.45
DSC_8380.JPG_min_y: 1117.42
