-1.898097307272917700e+00 -9.395852584212389669e-01 2.793273188086204755e+03
2.825911254139973350e-01 -1.895645826599752892e+00 1.888545037320699066e+03
-6.536828637458009508e-04 -7.456667391207322552e-04 1.000000000000000000e+00
DSC_8230.JPG_max_x: 1244.19
DSC_8230.JPG_min_x: 780.447
DSC_8230.JPG_max_y: 1931.14
DSC_8230.JPG_min_y: 1162.67
DSC_8375.JPG_max_x: 1039.89
DSC_8375.JPG_min_x: 481.754
DSC_8375.JPG_max_y: 1622.9
DSC_8375.JPG_min_y: 16.405
