-1.383889847560147435e-01 -6.761065248613312706e-01 1.190224227378206024e+03
-1.745494824879679774e-01 -9.866617791091988193e-03 3.267136708976940440e+02
-3.828400191304725023e-04 -3.689979922816960241e-04 1.000000000000000000e+00
DSC_8257.JPG_max_x: 673.112
DSC_8257.JPG_min_x: 97.1364
DSC_8257.JPG_max_y: 1345.62
DSC_8257.JPG_min_y: 524.719
DSC_8337.JPG_max_x: 1320.43
DSC_8337.JPG_min_x: 605.537
DSC_8337.JPG_max_y: 609.396
DSC_8337.JPG_min_y: 324.213
