-1.540166766373718410e+00 -1.189614883737721285e-01 3.644089446886497967e+02
-3.242413591021046315e+00 -2.558757561305051720e-01 7.281501069150277772e+02
-5.265574614384618997e-03 -3.181256024982653569e-04 1.000000000000000000e+00
DSC_8332.JPG_max_x: 1298.56
DSC_8332.JPG_min_x: 12.4
DSC_8332.JPG_max_y: 1988.28
DSC_8332.JPG_min_y: 787.681
DSC_8349.JPG_max_x: 951.767
DSC_8349.JPG_min_x: 16.7805
DSC_8349.JPG_max_y: 1194.83
DSC_8349.JPG_min_y: 283.492
