8.420300618362626111e-01 -1.562058480647164349e-01 9.360654879908198609e+02
-2.886482293204506444e-01 1.048035402061636034e+00 1.120836831888136373e+02
-2.958894724109831882e-04 -9.769520443155755760e-05 1.000000000000000000e+00
DSC_8332.JPG_max_x: 247.575
DSC_8332.JPG_min_x: 9.69385
DSC_8332.JPG_max_y: 1447.97
DSC_8332.JPG_min_y: 671.271
DSC_8420.JPG_max_x: 1194.09
DSC_8420.JPG_min_x: 880.948
DSC_8420.JPG_max_y: 1914.84
DSC_8420.JPG_min_y: 870.551
