9.249737034125189439e-01 1.589912191623634286e+00 -1.383143995207837634e+03
-3.456625749196762243e-01 1.133503187360516584e+00 9.673523418066808688e+01
9.917941270245658042e-05 5.198510040719533801e-04 1.000000000000000000e+00
DSC_8225.JPG_max_x: 1154.31
DSC_8225.JPG_min_x: 517.619
DSC_8225.JPG_max_y: 1467.88
DSC_8225.JPG_min_y: 573.146
DSC_8243.JPG_max_x: 1000.98
DSC_8243.JPG_min_x: 16.7683
DSC_8243.JPG_max_y: 763.693
DSC_8243.JPG_min_y: 404.62
