1.690525691945385933e+00 2.676095449410955673e-01 -4.978814722240010155e+02
9.307011577733663443e-03 1.883463378083250372e+00 -1.751590659765900909e+03
3.627073025915454840e-05 3.870767036457761724e-04 1.000000000000000000e+00
DSC_8276.JPG_max_x: 1276.62
DSC_8276.JPG_min_x: 146.335
DSC_8276.JPG_max_y: 1516.09
DSC_8276.JPG_min_y: 1035.48
DSC_8277.JPG_max_x: 1279.35
DSC_8277.JPG_min_x: 27.067
DSC_8277.JPG_max_y: 695.527
DSC_8277.JPG_min_y: 157.914
