8.057370290393476298e-01 -1.608221380558851887e-01 2.359431026511917082e+02
8.065868688449347179e-02 3.553279692264136869e-01 9.698491461087043035e+02
7.310353401405933948e-05 -3.389722048621519749e-04 1.000000000000000000e+00
DSC_8429.JPG_max_x: 1189.51
DSC_8429.JPG_min_x: 60.2585
DSC_8429.JPG_max_y: 652.815
DSC_8429.JPG_min_y: 171.895
DSC_8444.JPG_max_x: 1231.08
DSC_8444.JPG_min_x: 248.112
DSC_8444.JPG_max_y: 1525.75
DSC_8444.JPG_min_y: 1094.38
