6.628411738423051203e-01 1.092437121639798364e-01 6.994981492981186193e+02
1.492724713653010848e-01 7.100064361846687433e-01 -1.267618928268453402e+02
-5.610449535655577909e-05 -3.585349124136572485e-05 1.000000000000000000e+00
DSC_8257.JPG_max_x: 589.342
DSC_8257.JPG_min_x: 27.7745
DSC_8257.JPG_max_y: 1535.89
DSC_8257.JPG_min_y: 617.769
DSC_8287.JPG_max_x: 1311.76
DSC_8287.JPG_min_x: 853.355
DSC_8287.JPG_max_y: 1059.33
DSC_8287.JPG_min_y: 304.37
