1.202534705292650274e+00 7.986924666498492753e-01 3.555764323796309441e+02
-2.294683052054147521e-01 3.682685820248801090e+00 -3.069500520708912518e+03
-1.299687695557060407e-03 1.194266354186330689e-03 1.000000000000000000e+00
DSC_8264.JPG_max_x: 356.641
DSC_8264.JPG_min_x: 34.1054
DSC_8264.JPG_max_y: 1604.3
DSC_8264.JPG_min_y: 854.919
DSC_8459.JPG_max_x: 919.87
DSC_8459.JPG_min_x: 569.866
DSC_8459.JPG_max_y: 1124.35
DSC_8459.JPG_min_y: 40.9146
