-1.851760612936915185e-01 -9.685041780731233271e-03 2.269896892479703183e+02
-8.216575046696790174e-01 -1.721656737902249323e-01 1.091879301776751390e+03
-9.049575756781875905e-04 -3.221599271570429043e-06 1.000000000000000000e+00
DSC_8232.JPG_max_x: 1322.11
DSC_8232.JPG_min_x: 668.043
DSC_8232.JPG_max_y: 1547.92
DSC_8232.JPG_min_y: 595.448
DSC_8280.JPG_max_x: 187.154
DSC_8280.JPG_min_x: 58.7256
DSC_8280.JPG_max_y: 968.045
DSC_8280.JPG_min_y: 365.034
