1.507805779598248686e+00 2.924319267116810006e-01 -1.177110130675225150e+02
-1.341823642014967621e-01 2.506501950337955975e+00 -2.542294634307569595e+03
-4.219206306038952186e-04 6.719780639822278776e-04 1.000000000000000000e+00
DSC_8278.JPG_max_x: 940.18
DSC_8278.JPG_min_x: 324.749
DSC_8278.JPG_max_y: 1746.79
DSC_8278.JPG_min_y: 1117.42
DSC_8299.JPG_max_x: 1117.93
DSC_8299.JPG_min_x: 412.695
DSC_8299.JPG_max_y: 971.083
DSC_8299.JPG_min_y: 119.511
