3.459991456730720394e+00 4.668176253353350513e-01 -2.278152754554882904e+03
1.238914179363501677e+00 3.038759833920008369e+00 -1.317204495524990307e+03
1.528036599138124074e-03 7.361063890534339351e-05 1.000000000000000000e+00
DSC_8254.JPG_max_x: 1328.35
DSC_8254.JPG_min_x: 691.246
DSC_8254.JPG_max_y: 1455.07
DSC_8254.JPG_min_y: 567.647
DSC_8272.JPG_max_x: 918.103
DSC_8272.JPG_min_x: 294.436
DSC_8272.JPG_max_y: 1620.48
DSC_8272.JPG_min_y: 664.187
