4.092745095569455316e+00 -3.127058857372460032e+00 1.294154476433752279e+03
4.320177221303949544e+00 -3.318275897536240748e+00 1.379150319071300146e+03
3.167040568978450165e-03 -2.417873513265460152e-03 1.000000000000000000e+00
DSC_8318.JPG_max_x: 1144.57
DSC_8318.JPG_min_x: 134.388
DSC_8318.JPG_max_y: 1396.96
DSC_8318.JPG_min_y: 662.43
DSC_8400.JPG_max_x: 1325.26
DSC_8400.JPG_min_x: 1242.78
DSC_8400.JPG_max_y: 1592.55
DSC_8400.JPG_min_y: 1176.23
