-2.918121838605612250e+00 -1.321079153583540222e+00 3.845048424245781462e+03
-4.314362413463366797e-01 -3.557131265006383103e+00 3.691320477371664310e+03
-1.460612841069253327e-03 -1.979833911009665562e-03 1.000000000000000000e+00
DSC_8444.JPG_max_x: 1296.23
DSC_8444.JPG_min_x: 777.034
DSC_8444.JPG_max_y: 1579.97
DSC_8444.JPG_min_y: 1262.37
DSC_8475.JPG_max_x: 489.867
DSC_8475.JPG_min_x: 132.296
DSC_8475.JPG_max_y: 651.549
DSC_8475.JPG_min_y: 410.3
