1.578866528120033808e+00 -1.959587494483055470e-01 9.672651835031821292e+02
6.929408656812114931e-01 6.849923085241481635e-01 1.994747073034330072e+02
6.793493937581240785e-04 -2.466959794265134254e-04 1.000000000000000000e+00
DSC_8314.JPG_max_x: 316.889
DSC_8314.JPG_min_x: 48.4827
DSC_8314.JPG_max_y: 1192.59
DSC_8314.JPG_min_y: 499.312
DSC_8346.JPG_max_x: 1300.27
DSC_8346.JPG_min_x: 1058.46
DSC_8346.JPG_max_y: 1369.37
DSC_8346.JPG_min_y: 636.066
