-1.367770628443088610e+00 -1.708383014244796660e+00 2.237225615769604701e+03
-2.694930180273977793e-01 -3.910658969175703881e+00 1.074480566684277164e+03
-1.049234567442267237e-03 -4.117466524107098180e-03 1.000000000000000000e+00
DSC_8223.JPG_max_x: 1308.43
DSC_8223.JPG_min_x: 778.849
DSC_8223.JPG_max_y: 1010.45
DSC_8223.JPG_min_y: 456.619
DSC_8339.JPG_max_x: 297.347
DSC_8339.JPG_min_x: 16.6626
DSC_8339.JPG_max_y: 814.087
DSC_8339.JPG_min_y: 541.294
