-2.199711791005822537e-01 -8.346950513100104274e-01 1.265985767387328906e+03
-3.938869930951051646e-01 -3.508923342445214311e-01 1.006031993207859387e+03
-2.914254982704053460e-04 -5.149810617233640175e-04 1.000000000000000000e+00
DSC_8218.JPG_max_x: 1268.56
DSC_8218.JPG_min_x: 576.519
DSC_8218.JPG_max_y: 1277.49
DSC_8218.JPG_min_y: 813.972
DSC_8450.JPG_max_x: 1324.49
DSC_8450.JPG_min_x: 283.214
DSC_8450.JPG_max_y: 1902.56
DSC_8450.JPG_min_y: 1060.98
