5.169228720310913516e+00 3.692127313043776837e+00 -6.893844920265125438e+03
-1.126207067989787980e+00 5.403863677479659344e+00 -5.458990552568116073e+03
-6.936833043790014471e-04 2.806508836563449249e-03 1.000000000000000000e+00
DSC_8414.JPG_max_x: 1107.14
DSC_8414.JPG_min_x: 522.558
DSC_8414.JPG_max_y: 1660.94
DSC_8414.JPG_min_y: 1252.47
DSC_8473.JPG_max_x: 1043.54
DSC_8473.JPG_min_x: 189.001
DSC_8473.JPG_max_y: 446.721
DSC_8473.JPG_min_y: 70.925
