1.431934329493291802e+00 -1.513708042530916398e+00 4.304212866686999064e+02
7.160577462318695741e-01 -1.705676723794798288e+00 1.276581441938433045e+03
3.950624218296963966e-04 -1.555934656006843168e-03 9.999999999999998890e-01
DSC_8381.JPG_max_x: 786.58
DSC_8381.JPG_min_x: 88.3409
DSC_8381.JPG_max_y: 414.817
DSC_8381.JPG_min_y: 111.568
DSC_8414.JPG_max_x: 1309.46
DSC_8414.JPG_min_x: 470.802
DSC_8414.JPG_max_y: 1680.51
DSC_8414.JPG_min_y: 1337.28
