1.256104081876181056e+00 4.285051150553716992e-01 -1.308374927638938061e+03
-1.594496334888686750e-01 1.118074700469895655e+00 3.436066299854599038e+02
2.228540981017103535e-04 -1.198084189732434879e-05 1.000000000000000000e+00
DSC_8463.JPG_max_x: 1321.37
DSC_8463.JPG_min_x: 637.923
DSC_8463.JPG_max_y: 1682.35
DSC_8463.JPG_min_y: 136.811
DSC_8465.JPG_max_x: 749.672
DSC_8465.JPG_min_x: 52.4142
DSC_8465.JPG_max_y: 1885.36
DSC_8465.JPG_min_y: 242.94
