-1.276693333018734389e-01 -2.401394745706228462e-01 4.422763571902073068e+02
-6.920277756308593209e-02 -5.116327872115270653e-02 1.596393216382681715e+02
-2.470957239555919994e-04 -5.803430519476131862e-04 1.000000000000000000e+00
DSC_8196.JPG_max_x: 1281.38
DSC_8196.JPG_min_x: 486.636
DSC_8196.JPG_max_y: 1346.28
DSC_8196.JPG_min_y: 1107.12
DSC_8407.JPG_max_x: 697.425
DSC_8407.JPG_min_x: 236.161
DSC_8407.JPG_max_y: 1616.47
DSC_8407.JPG_min_y: 325.01
