1.806395411057548861e+00 -1.974029550503991204e-01 3.441208792422727356e+02
3.024405898073503907e-01 1.609025413366430790e+00 -5.738138254799052902e+02
1.832420428267383494e-04 -7.841772571806575180e-05 9.999999999999998890e-01
DSC_8220.JPG_max_x: 674.185
DSC_8220.JPG_min_x: 5.36746
DSC_8220.JPG_max_y: 1405.7
DSC_8220.JPG_min_y: 753.534
DSC_8448.JPG_max_x: 1297.85
DSC_8448.JPG_min_x: 167.622
DSC_8448.JPG_max_y: 1882.32
DSC_8448.JPG_min_y: 763.706
