2.101423169009735692e-01 1.118467010397569822e-01 -2.697115490966343145e+02
-7.080589628908727784e-01 -3.440013553027647109e-01 1.215582556649676008e+03
-5.145556565894726609e-04 -4.494606248059035175e-04 1.000000000000000000e+00
DSC_8217.JPG_max_x: 1320.02
DSC_8217.JPG_min_x: 1066.8
DSC_8217.JPG_max_y: 743.086
DSC_8217.JPG_min_y: 238.669
DSC_8419.JPG_max_x: 331.617
DSC_8419.JPG_min_x: 3.98625
DSC_8419.JPG_max_y: 1718.71
DSC_8419.JPG_min_y: 957.914
