-1.062243352437908656e-01 -4.158925241141659956e-01 5.559479185661391512e+02
-3.505733334576665028e-01 -8.616511789456235970e-01 1.300805309048386562e+03
-2.606635918971810699e-04 -6.894961208369350218e-04 1.000000000000000000e+00
DSC_8289.JPG_max_x: 1166.72
DSC_8289.JPG_min_x: 477.788
DSC_8289.JPG_max_y: 1469.08
DSC_8289.JPG_min_y: 355.007
DSC_8364.JPG_max_x: 638.763
DSC_8364.JPG_min_x: 536.972
DSC_8364.JPG_max_y: 1394.04
DSC_8364.JPG_min_y: 1180.3
