-1.835137671113965308e+00 6.568153716451869961e-01 1.168380653622468344e+03
-1.732031143552551944e+00 1.322262172920707135e+00 -1.718579682500790682e+02
-2.117449235846067916e-03 5.359598792025714467e-04 1.000000000000000000e+00
DSC_8240.JPG_max_x: 1206.35
DSC_8240.JPG_min_x: 9.1652
DSC_8240.JPG_max_y: 1722.96
DSC_8240.JPG_min_y: 907.149
DSC_8336.JPG_max_x: 1327.45
DSC_8336.JPG_min_x: 326.005
DSC_8336.JPG_max_y: 1191.1
DSC_8336.JPG_min_y: 678.953
