-2.540140613982992956e-01 -3.691492852859271090e-01 1.036370934117579054e+03
-6.755953740213662684e-01 1.893181441172786805e-01 1.261345013382928300e+03
-4.850838678220444544e-04 -1.387133838372206593e-04 1.000000000000000000e+00
DSC_8217.JPG_max_x: 708.916
DSC_8217.JPG_min_x: 518.296
DSC_8217.JPG_max_y: 963.497
DSC_8217.JPG_min_y: 70.6084
DSC_8262.JPG_max_x: 1241.56
DSC_8262.JPG_min_x: 868.905
DSC_8262.JPG_max_y: 1808.25
DSC_8262.JPG_min_y: 1238.52
