1.121651055541465425e+01 5.823917859595251656e+00 -8.684848015646019121e+03
-1.510652772513654485e+00 1.473381856103624266e+01 -1.572077814336411575e+04
-8.766666830151255895e-04 7.460528219018581174e-03 1.000000000000000000e+00
DSC_8396.JPG_max_x: 1186.36
DSC_8396.JPG_min_x: 338.588
DSC_8396.JPG_max_y: 1881.73
DSC_8396.JPG_min_y: 1246.39
DSC_8397.JPG_max_x: 1175.57
DSC_8397.JPG_min_x: 266.655
DSC_8397.JPG_max_y: 749.771
DSC_8397.JPG_min_y: 199.709
