-1.293544691742107289e-01 -2.629511323205793727e-01 3.848224964276732294e+02
-1.380714175088995077e-01 -1.261647947474370701e+00 1.216535514674007118e+03
-7.123015628602673017e-05 -1.116254329063302766e-03 9.999999999999998890e-01
DSC_8348.JPG_max_x: 1326.81
DSC_8348.JPG_min_x: 1243.24
DSC_8348.JPG_max_y: 1248.27
DSC_8348.JPG_min_y: 790.774
DSC_8432.JPG_max_x: 692.875
DSC_8432.JPG_min_x: 138.286
DSC_8432.JPG_max_y: 1391.88
DSC_8432.JPG_min_y: 832.078
