6.365787397191978947e+00 1.681133096830219831e+00 -7.124334587444313911e+03
-1.202329861712120446e-01 7.048665618822059109e+00 -9.544641286205969664e+03
1.192650244842579765e-03 2.871873745827065953e-03 1.000000000000000000e+00
DSC_8466.JPG_max_x: 1304.3
DSC_8466.JPG_min_x: 756.714
DSC_8466.JPG_max_y: 1854.5
DSC_8466.JPG_min_y: 1459.23
DSC_8473.JPG_max_x: 541.918
DSC_8473.JPG_min_x: 69.8781
DSC_8473.JPG_max_y: 460.984
DSC_8473.JPG_min_y: 88.7791
