4.294799169604949785e-01 -2.191590810477177798e-01 6.921805909014321969e+02
2.472439031196430395e-02 8.134357761215929017e-01 1.160704635780192007e+01
-3.171209547862224149e-04 3.143929418732780242e-07 1.000000000000000000e+00
DSC_8331.JPG_max_x: 919.812
DSC_8331.JPG_min_x: 25.9445
DSC_8331.JPG_max_y: 1691.17
DSC_8331.JPG_min_y: 90.6062
DSC_8439.JPG_max_x: 1322.1
DSC_8439.JPG_min_x: 280.082
DSC_8439.JPG_max_y: 1654.42
DSC_8439.JPG_min_y: 91.2186
