8.090292322697647531e-01 -1.255072039258586236e-01 -3.899651084823718747e+02
1.680260117341998427e-01 4.029465019813766036e-01 9.500887941164687618e+02
1.153822195993908236e-04 -2.566451313941392281e-04 1.000000000000000000e+00
DSC_8307.JPG_max_x: 1297.85
DSC_8307.JPG_min_x: 554.881
DSC_8307.JPG_max_y: 776.558
DSC_8307.JPG_min_y: 169.322
DSC_8444.JPG_max_x: 593.08
DSC_8444.JPG_min_x: 9.60016
DSC_8444.JPG_max_y: 1556.83
DSC_8444.JPG_min_y: 1097.97
