6.715272039884282451e-01 -1.177369239971725046e-01 6.617891937941833191e+01
-1.173986288013896928e+00 1.473053655477605917e+00 2.288574169368351363e+02
-1.178511710474478003e-03 6.310014437312579669e-04 1.000000000000000000e+00
DSC_8258.JPG_max_x: 835.177
DSC_8258.JPG_min_x: 77.2726
DSC_8258.JPG_max_y: 1615.85
DSC_8258.JPG_min_y: 684.581
DSC_8412.JPG_max_x: 627.588
DSC_8412.JPG_min_x: 3.32491
DSC_8412.JPG_max_y: 1557.23
DSC_8412.JPG_min_y: 859.46
