-2.212920524692264523e-01 -2.891657259354915022e-01 6.462779995341594486e+02
-9.126900560807746365e-02 -2.218290116751700791e-01 4.106006983115106550e+02
-3.309368518805408171e-04 -4.907744385514263216e-04 1.000000000000000000e+00
DSC_8196.JPG_max_x: 1322.02
DSC_8196.JPG_min_x: 956.466
DSC_8196.JPG_max_y: 1892.97
DSC_8196.JPG_min_y: 1068.32
DSC_8233.JPG_max_x: 1205.4
DSC_8233.JPG_min_x: 132.131
DSC_8233.JPG_max_y: 989.713
DSC_8233.JPG_min_y: 42.496
