1.226977217477358328e+00 -1.725110832660354587e+00 1.261844872648013279e+03
4.262348699608820568e-01 -7.513577950902220470e-01 6.297094422868976835e+02
1.101627621515436327e-03 -1.417608943623595383e-03 1.000000000000000000e+00
DSC_8274.JPG_max_x: 679.965
DSC_8274.JPG_min_x: 11.504
DSC_8274.JPG_max_y: 1241.63
DSC_8274.JPG_min_y: 629.849
DSC_8415.JPG_max_x: 1329.35
DSC_8415.JPG_min_x: 826.476
DSC_8415.JPG_max_y: 792.836
DSC_8415.JPG_min_y: 270.948
