1.288307743820776174e+00 -3.300167227787159652e-02 5.265491041142545328e+02
-2.085455190601800957e-01 1.493063451053003643e+00 -3.348280157747620365e+02
-1.855502470234907846e-04 -4.942491747268336153e-06 9.999999999999998890e-01
DSC_8262.JPG_max_x: 538.479
DSC_8262.JPG_min_x: 298.231
DSC_8262.JPG_max_y: 1163.46
DSC_8262.JPG_min_y: 523.372
DSC_8326.JPG_max_x: 1319.56
DSC_8326.JPG_min_x: 938.518
DSC_8326.JPG_max_y: 1452.24
DSC_8326.JPG_min_y: 389.263
