8.576936019684158197e+00 2.590448971538117373e+00 -1.294307947457861701e+04
7.335769041179368566e-01 1.151071560596141019e+01 -1.267234550069581383e+04
5.175920209241902104e-03 2.355575819748851208e-03 9.999999999999998890e-01
DSC_8346.JPG_max_x: 1318.03
DSC_8346.JPG_min_x: 1072.76
DSC_8346.JPG_max_y: 1849.61
DSC_8346.JPG_min_y: 1155.82
DSC_8363.JPG_max_x: 232.532
DSC_8363.JPG_min_x: 64.0624
DSC_8363.JPG_max_y: 854.376
DSC_8363.JPG_min_y: 148.047
