2.084645596755534402e+00 1.139644428501312805e-02 1.701776848854852915e+02
3.500318474013616177e-01 2.202671515510699063e+00 6.767769686316646585e+02
2.253060104506614009e-04 7.347237945662164846e-04 1.000000000000000000e+00
DSC_8249.JPG_max_x: 542.525
DSC_8249.JPG_min_x: 13.6617
DSC_8249.JPG_max_y: 1022.7
DSC_8249.JPG_min_y: 175.584
DSC_8421.JPG_max_x: 1004.38
DSC_8421.JPG_min_x: 140.916
DSC_8421.JPG_max_y: 1637.97
DSC_8421.JPG_min_y: 986.889
