4.476385907329309966e-01 -7.817076970669034619e-01 9.890275239294370522e+02
-4.694573942418899803e-01 4.700440981730451551e-01 9.565116910857715311e+02
-4.301530396469844934e-04 -2.352451648714399884e-04 1.000000000000000000e+00
DSC_8341.JPG_max_x: 343.533
DSC_8341.JPG_min_x: 6.08263
DSC_8341.JPG_max_y: 919.638
DSC_8341.JPG_min_y: 593.819
DSC_8354.JPG_max_x: 904.817
DSC_8354.JPG_min_x: 419.168
DSC_8354.JPG_max_y: 1899.51
DSC_8354.JPG_min_y: 1447.03
