3.926736982242247653e-01 -1.852454225365015861e-01 6.568344416260070773e+01
-4.709114678870667814e-01 1.444403622553862010e-01 1.229786781819065709e+03
-2.996463342157359619e-04 -2.007698358267860400e-04 1.000000000000000000e+00
DSC_8213.JPG_max_x: 1185.25
DSC_8213.JPG_min_x: 254.715
DSC_8213.JPG_max_y: 1119.52
DSC_8213.JPG_min_y: 409.079
DSC_8326.JPG_max_x: 775.197
DSC_8326.JPG_min_x: 44.7495
DSC_8326.JPG_max_y: 1984.54
DSC_8326.JPG_min_y: 1358.67
