-9.307727903559263050e-01 -8.885702931819969841e-01 1.364521640993649498e+03
-1.582991359985607693e-01 -7.876893974662800835e-01 1.054441201607098492e+03
-6.592617422441844795e-04 -7.571147904643716134e-04 1.000000000000000000e+00
DSC_8430.JPG_max_x: 575.641
DSC_8430.JPG_min_x: 155.56
DSC_8430.JPG_max_y: 1664.94
DSC_8430.JPG_min_y: 1259.54
DSC_8467.JPG_max_x: 925.708
DSC_8467.JPG_min_x: 567.187
DSC_8467.JPG_max_y: 792.952
DSC_8467.JPG_min_y: 79.8008
