-3.825321680774266486e+00 -5.969148075840634560e-01 3.469755244644512004e+03
3.676598023738376075e-01 -2.503645478444428196e+00 2.226382103449167516e+03
-9.675157196574470878e-04 -8.849654303220204571e-04 1.000000000000000000e+00
DSC_8312.JPG_max_x: 976.958
DSC_8312.JPG_min_x: 791.561
DSC_8312.JPG_max_y: 1953.6
DSC_8312.JPG_min_y: 1021.22
DSC_8361.JPG_max_x: 842.718
DSC_8361.JPG_min_x: 262.87
DSC_8361.JPG_max_y: 1382.51
DSC_8361.JPG_min_y: 54.277
