5.097194450927285958e-01 -9.978541761880657113e-01 1.139966880525607394e+03
2.134053619976231109e-01 5.078930299543187310e-01 9.498194559928701608e+01
-2.708652181171591162e-04 -1.832329574272209972e-04 1.000000000000000000e+00
DSC_8219.JPG_max_x: 556.877
DSC_8219.JPG_min_x: 11.9602
DSC_8219.JPG_max_y: 1019.19
DSC_8219.JPG_min_y: 804.26
DSC_8249.JPG_max_x: 783.764
DSC_8249.JPG_min_x: 272.971
DSC_8249.JPG_max_y: 1032.52
DSC_8249.JPG_min_y: 688.824
