2.110495635730110120e+00 -5.530018915348593467e-01 1.067041601566129657e+03
1.181059072595561421e+00 6.205684933693069727e-01 1.057922003005403155e+01
1.155503964454850183e-03 -3.766518477841763394e-04 1.000000000000000000e+00
DSC_8294.JPG_max_x: 1248.48
DSC_8294.JPG_min_x: 16.2047
DSC_8294.JPG_max_y: 1339.69
DSC_8294.JPG_min_y: 663.182
DSC_8306.JPG_max_x: 1321.56
DSC_8306.JPG_min_x: 916.523
DSC_8306.JPG_max_y: 1428.25
DSC_8306.JPG_min_y: 619.118
