1.121684945887231333e+00 1.398796063236191767e+00 1.206076942043302779e+03
-4.868220840495036228e+00 1.421617421922218760e+01 -8.974219921256129965e+03
-1.358520268812153523e-03 4.687258495903052699e-03 9.999999999999998890e-01
DSC_8218.JPG_max_x: 1312.3
DSC_8218.JPG_min_x: 328.286
DSC_8218.JPG_max_y: 1695.11
DSC_8218.JPG_min_y: 816.502
DSC_8267.JPG_max_x: 1051.63
DSC_8267.JPG_min_x: 689.017
DSC_8267.JPG_max_y: 1267.07
DSC_8267.JPG_min_y: 36.9333
