2.230099240505328151e+00 9.151954924597045515e-01 -2.306975297517260060e+03
1.007236325486620032e+01 4.212866269661262320e-01 -2.572016026414383759e+03
9.040083592576433208e-03 -2.686339662767690383e-03 1.000000000000000000e+00
DSC_8202.JPG_max_x: 1094.93
DSC_8202.JPG_min_x: 49.0526
DSC_8202.JPG_max_y: 1598.38
DSC_8202.JPG_min_y: 659.547
DSC_8474.JPG_max_x: 1097.42
DSC_8474.JPG_min_x: 25.3828
DSC_8474.JPG_max_y: 1417.84
DSC_8474.JPG_min_y: 911.54
