6.377474028184419996e-01 -2.835809267321983025e-03 7.615810802062624134e+02
-5.709431208566789762e-01 1.364940736692993539e+00 -3.621977585629047098e+02
-6.049344121405973718e-04 3.080939522460710641e-05 9.999999999999998890e-01
DSC_8200.JPG_max_x: 428.62
DSC_8200.JPG_min_x: 85.7765
DSC_8200.JPG_max_y: 1456.34
DSC_8200.JPG_min_y: 862.856
DSC_8234.JPG_max_x: 1306.58
DSC_8234.JPG_min_x: 829.667
DSC_8234.JPG_max_y: 1766.21
DSC_8234.JPG_min_y: 784.058
