8.786932477116671247e-01 -6.336899382267174863e-01 1.090299581417933723e+03
5.115007133237359227e-01 9.916508059500113437e-02 -7.767662674780901000e+01
3.709330116659021251e-04 -4.800056999576775220e-04 9.999999999999998890e-01
DSC_8264.JPG_max_x: 337.755
DSC_8264.JPG_min_x: 34.1054
DSC_8264.JPG_max_y: 1743.21
DSC_8264.JPG_min_y: 1223.56
DSC_8299.JPG_max_x: 1106.06
DSC_8299.JPG_min_x: 420.677
DSC_8299.JPG_max_y: 849.484
DSC_8299.JPG_min_y: 173.925
