9.129821646096463184e-01 -2.838590335521166685e-01 5.510845028971036754e+02
-1.204378687844412099e-01 8.697959852034276018e-01 2.545126394510877503e+02
-2.105901809538013693e-04 -2.949404290803522749e-05 1.000000000000000000e+00
DSC_8294.JPG_max_x: 875.897
DSC_8294.JPG_min_x: 10.2972
DSC_8294.JPG_max_y: 1339.69
DSC_8294.JPG_min_y: 691.216
DSC_8444.JPG_max_x: 1308.04
DSC_8444.JPG_min_x: 318.245
DSC_8444.JPG_max_y: 1543.02
DSC_8444.JPG_min_y: 887.515
