1.451848088031733042e+00 5.400483576600194624e-01 -6.322381766640052092e+02
1.207293226075319414e-01 1.475710454866813182e+00 1.402336542406513065e+00
3.415744517374524371e-04 1.851455783988082088e-04 1.000000000000000000e+00
DSC_8337.JPG_max_x: 1320.43
DSC_8337.JPG_min_x: 340.982
DSC_8337.JPG_max_y: 756.204
DSC_8337.JPG_min_y: 168.769
DSC_8447.JPG_max_x: 995.687
DSC_8447.JPG_min_x: 84.308
DSC_8447.JPG_max_y: 908.804
DSC_8447.JPG_min_y: 273.363
