1.610320320108039160e+00 5.867159224578410992e-01 1.253819089229909650e+03
8.339822169391840345e-02 2.391817606189635903e+00 -2.148316456874114010e+03
-2.033060811143829459e-04 8.896868347325316779e-04 1.000000000000000000e+00
DSC_8310.JPG_max_x: 477.527
DSC_8310.JPG_min_x: 15.7599
DSC_8310.JPG_max_y: 1670.23
DSC_8310.JPG_min_y: 1048.19
DSC_8455.JPG_max_x: 1330.43
DSC_8455.JPG_min_x: 968.245
DSC_8455.JPG_max_y: 771.033
DSC_8455.JPG_min_y: 141.366
