4.374307346327362955e-01 -2.381224428545662408e-01 7.101952711770721862e+02
-1.384372931218843528e-01 1.007712372378604115e+00 1.437489171698076973e+02
-5.037521551626779510e-04 1.137437169823576926e-04 1.000000000000000000e+00
DSC_8311.JPG_max_x: 594.728
DSC_8311.JPG_min_x: 36.6227
DSC_8311.JPG_max_y: 974.777
DSC_8311.JPG_min_y: 428.464
DSC_8427.JPG_max_x: 1028.78
DSC_8427.JPG_min_x: 556.793
DSC_8427.JPG_max_y: 1161.54
DSC_8427.JPG_min_y: 551.41
