7.404570897607730684e-01 2.682415777902695531e-02 3.635366426388268906e+02
-6.971494763029185970e-02 1.030379106833809066e+00 1.581154228513921680e+02
-2.110199022944046993e-04 -4.186764098450428871e-05 1.000000000000000000e+00
DSC_8346.JPG_max_x: 880.273
DSC_8346.JPG_min_x: 491.366
DSC_8346.JPG_max_y: 1294.96
DSC_8346.JPG_min_y: 655.935
DSC_8422.JPG_max_x: 1329.11
DSC_8422.JPG_min_x: 867.307
DSC_8422.JPG_max_y: 1856.54
DSC_8422.JPG_min_y: 978.684
