-6.443714999530407717e-01 -2.110698432120333978e-01 6.254810373837368616e+02
-2.143774458068544164e-01 -3.670284675793739071e-01 5.021307478891414462e+02
-8.689062724789944642e-04 -5.480695573451483185e-04 9.999999999999998890e-01
DSC_8336.JPG_max_x: 1327.45
DSC_8336.JPG_min_x: 364.114
DSC_8336.JPG_max_y: 1484.5
DSC_8336.JPG_min_y: 915.149
DSC_8353.JPG_max_x: 823.106
DSC_8353.JPG_min_x: 24.4407
DSC_8353.JPG_max_y: 575.88
DSC_8353.JPG_min_y: 96.371
