-3.022882842984948026e-01 -2.963754693703626319e-01 5.831955002748120478e+02
-7.440187982261711186e-01 -7.057201155803383141e-01 1.383494407004515551e+03
-5.696815495716625339e-04 -4.820168299071371401e-04 1.000000000000000000e+00
DSC_8262.JPG_max_x: 1324.74
DSC_8262.JPG_min_x: 837.482
DSC_8262.JPG_max_y: 1446.72
DSC_8262.JPG_min_y: 771.347
DSC_8404.JPG_max_x: 1285.17
DSC_8404.JPG_min_x: 130.46
DSC_8404.JPG_max_y: 1488.94
DSC_8404.JPG_min_y: 965.54
