6.722422985949055851e-01 -3.725033171775050944e-02 2.146423867832124088e+01
3.200108547124300706e-01 8.788958775689611480e-01 2.513635592647936789e+02
2.647468220473949471e-04 5.829281669776517166e-05 1.000000000000000000e+00
DSC_8406.JPG_max_x: 865.681
DSC_8406.JPG_min_x: 204.118
DSC_8406.JPG_max_y: 1954.56
DSC_8406.JPG_min_y: 512.379
DSC_8422.JPG_max_x: 471.968
DSC_8422.JPG_min_x: 76.5684
DSC_8422.JPG_max_y: 1715.82
DSC_8422.JPG_min_y: 720.815
