1.196534376154372126e+01 1.842046854045406690e+00 -7.046419948817811019e+03
-3.777658129575731105e-01 1.358216637584668796e+01 -1.565136553304742483e+04
3.085706868952673180e-04 5.958985862986498211e-03 1.000000000000000000e+00
DSC_8368.JPG_max_x: 1176.31
DSC_8368.JPG_min_x: 490.775
DSC_8368.JPG_max_y: 1941.0
DSC_8368.JPG_min_y: 1484.67
DSC_8383.JPG_max_x: 852.678
DSC_8383.JPG_min_x: 151.482
DSC_8383.JPG_max_y: 815.086
DSC_8383.JPG_min_y: 430.989
