-1.083640815336614338e+01 -3.171348040558155112e+00 9.670402087874936115e+03
1.916726052399072011e-01 -9.746999384543558520e+00 7.992570155497176529e+03
-2.665845487514800251e-03 -2.908528416190947225e-03 1.000000000000000000e+00
DSC_8278.JPG_max_x: 1007.31
DSC_8278.JPG_min_x: 571.706
DSC_8278.JPG_max_y: 1641.71
DSC_8278.JPG_min_y: 956.794
DSC_8331.JPG_max_x: 995.898
DSC_8331.JPG_min_x: 72.0201
DSC_8331.JPG_max_y: 1496.51
DSC_8331.JPG_min_y: 335.175
