8.408492909924210057e-01 -2.002375959102378478e-01 8.651908128604699186e+02
9.571216512567949641e-02 5.396407542206816954e-01 4.185860317761936358e+02
7.147624852424848093e-05 -1.827970631321513130e-04 1.000000000000000000e+00
DSC_8322.JPG_max_x: 564.11
DSC_8322.JPG_min_x: 23.9067
DSC_8322.JPG_max_y: 1331.31
DSC_8322.JPG_min_y: 597.064
DSC_8452.JPG_max_x: 1313.98
DSC_8452.JPG_min_x: 848.419
DSC_8452.JPG_max_y: 1474.53
DSC_8452.JPG_min_y: 839.811
