3.635756295087193557e-01 -5.956789528827744623e-02 6.247715521717283309e+02
-1.228848245733976802e-01 4.448983837911176797e-01 6.431035513657787988e+02
-1.319154702137820820e-04 -4.176370748024977865e-05 9.999999999999998890e-01
DSC_8256.JPG_max_x: 1303.95
DSC_8256.JPG_min_x: 75.113
DSC_8256.JPG_max_y: 1692.48
DSC_8256.JPG_min_y: 663.465
DSC_8446.JPG_max_x: 1323.23
DSC_8446.JPG_min_x: 613.654
DSC_8446.JPG_max_y: 1542.9
DSC_8446.JPG_min_y: 965.613
