1.057524037975380859e-01 -2.851138061524185474e+00 1.433290546018753275e+03
5.479666869654704620e-01 -3.860130318519106485e+00 1.678202307249310934e+03
1.322389486538789712e-03 -3.126177372650376218e-03 1.000000000000000000e+00
DSC_8329.JPG_max_x: 803.106
DSC_8329.JPG_min_x: 350.921
DSC_8329.JPG_max_y: 1135.27
DSC_8329.JPG_min_y: 376.05
DSC_8409.JPG_max_x: 1167.93
DSC_8409.JPG_min_x: 502.982
DSC_8409.JPG_max_y: 1465.63
DSC_8409.JPG_min_y: 520.138
