-5.549732300841323518e-01 -5.702399471604353565e-01 1.922266362221698500e+03
6.597586847757934692e-01 1.422111064741411246e+00 -1.630748010110108908e+03
-1.741889046510051824e-04 -2.540252124405268955e-05 1.000000000000000000e+00
DSC_8198.JPG_max_x: 1215.17
DSC_8198.JPG_min_x: 343.061
DSC_8198.JPG_max_y: 1963.86
DSC_8198.JPG_min_y: 1000.1
DSC_8459.JPG_max_x: 1247.45
DSC_8459.JPG_min_x: 466.165
DSC_8459.JPG_max_y: 1947.25
DSC_8459.JPG_min_y: 193.355
