2.983788825828317948e-01 -1.106136512557032714e-01 1.231496189762503946e+03
-4.507804337664970129e-01 8.320692363095435473e-01 3.058470905872430876e+02
-4.569034751680413472e-04 -3.112876207674042123e-05 1.000000000000000000e+00
DSC_8294.JPG_max_x: 215.737
DSC_8294.JPG_min_x: 10.2972
DSC_8294.JPG_max_y: 1367.66
DSC_8294.JPG_min_y: 666.864
DSC_8452.JPG_max_x: 1329.85
DSC_8452.JPG_min_x: 1183.12
DSC_8452.JPG_max_y: 1567.23
DSC_8452.JPG_min_y: 871.247
