1.322013645569538820e+00 -2.095703890329625452e-01 -1.797307573478120446e+02
2.944436032573222173e-01 8.608301765105819126e-01 8.975800821401863914e+02
1.707415059218796096e-04 -2.099071024731156672e-04 1.000000000000000000e+00
DSC_8311.JPG_max_x: 1321.49
DSC_8311.JPG_min_x: 268.018
DSC_8311.JPG_max_y: 744.629
DSC_8311.JPG_min_y: 47.8858
DSC_8326.JPG_max_x: 1284.63
DSC_8326.JPG_min_x: 29.9531
DSC_8326.JPG_max_y: 1823.03
DSC_8326.JPG_min_y: 1052.65
