6.901496660246532189e-01 -2.758827189974282224e-01 3.884602216685237863e+02
-2.595848249017779774e-01 4.798010778852843661e-01 5.197785456638018786e+02
-2.625823997321945842e-04 -2.111376945464222687e-04 9.999999999999998890e-01
DSC_8294.JPG_max_x: 805.813
DSC_8294.JPG_min_x: 10.2972
DSC_8294.JPG_max_y: 1194.34
DSC_8294.JPG_min_y: 663.182
DSC_8428.JPG_max_x: 1146.05
DSC_8428.JPG_min_x: 124.1
DSC_8428.JPG_max_y: 1545.15
DSC_8428.JPG_min_y: 968.975
