1.065776191854630683e+00 5.465018791950701504e-02 2.077996904248657017e+02
4.191626148302373678e-01 8.966112641907456604e-01 7.981326655459625385e+01
3.914121995563303352e-04 7.767155920850229436e-05 1.000000000000000000e+00
DSC_8408.JPG_max_x: 1314.84
DSC_8408.JPG_min_x: 375.859
DSC_8408.JPG_max_y: 1461.96
DSC_8408.JPG_min_y: 446.137
DSC_8440.JPG_max_x: 1052.97
DSC_8440.JPG_min_x: 551.922
DSC_8440.JPG_max_y: 1194.98
DSC_8440.JPG_min_y: 670.107
