1.247124609857042765e+00 -7.010535023523055687e-01 5.387160583368137168e+02
-8.150457020212333037e-02 2.699990740852502014e-01 5.297899757459721286e+02
4.194903755422227907e-05 -5.255607511750167229e-04 1.000000000000000000e+00
DSC_8334.JPG_max_x: 662.459
DSC_8334.JPG_min_x: 384.282
DSC_8334.JPG_max_y: 1176.0
DSC_8334.JPG_min_y: 809.844
DSC_8468.JPG_max_x: 1199.97
DSC_8468.JPG_min_x: 645.992
DSC_8468.JPG_max_y: 1974.47
DSC_8468.JPG_min_y: 1087.79
