-6.315005714615385735e+00 -2.987356188498793585e+00 1.050278703428077461e+04
1.564068872021214363e+00 -8.762823456160871771e+00 8.257926083293064949e+03
-2.691875140207151702e-03 -2.740458945689536532e-03 9.999999999999998890e-01
DSC_8330.JPG_max_x: 1160.58
DSC_8330.JPG_min_x: 755.579
DSC_8330.JPG_max_y: 1970.22
DSC_8330.JPG_min_y: 1339.01
DSC_8419.JPG_max_x: 327.491
DSC_8419.JPG_min_x: 23.1238
DSC_8419.JPG_max_y: 1217.91
DSC_8419.JPG_min_y: 285.647
