2.040269182339713994e-01 -1.396867932228203768e-01 9.713074482880904270e+02
-5.969062477722805182e-01 9.856272232976033276e-01 8.939470995903680262e+01
-6.758777788663824886e-04 2.130859432153254618e-05 9.999999999999998890e-01
DSC_8276.JPG_max_x: 497.071
DSC_8276.JPG_min_x: 51.3885
DSC_8276.JPG_max_y: 1516.09
DSC_8276.JPG_min_y: 500.807
DSC_8308.JPG_max_x: 1310.68
DSC_8308.JPG_min_x: 485.249
DSC_8308.JPG_max_y: 1738.2
DSC_8308.JPG_min_y: 509.06
