2.815822706716555879e-01 2.299063964454197209e-02 6.370794098574940563e+02
-2.999707722655050590e-01 8.232521406292681032e-01 3.989592607763051433e+02
-3.268786883820733592e-04 1.075074808520553568e-04 1.000000000000000000e+00
DSC_8306.JPG_max_x: 1182.63
DSC_8306.JPG_min_x: 199.802
DSC_8306.JPG_max_y: 1351.59
DSC_8306.JPG_min_y: 579.367
DSC_8352.JPG_max_x: 1329.88
DSC_8352.JPG_min_x: 688.475
DSC_8352.JPG_max_y: 1482.04
DSC_8352.JPG_min_y: 814.869
