-9.961574518261899491e-02 -3.479540361935837267e-01 1.067097283278186978e+03
-7.021322062884185478e-01 4.583668949836371409e-01 4.052655887934693055e+02
-7.221465388761750268e-04 -2.607026172537628308e-04 1.000000000000000000e+00
DSC_8296.JPG_max_x: 302.293
DSC_8296.JPG_min_x: 59.1249
DSC_8296.JPG_max_y: 1502.93
DSC_8296.JPG_min_y: 625.032
DSC_8324.JPG_max_x: 1323.16
DSC_8324.JPG_min_x: 1013.7
DSC_8324.JPG_max_y: 1901.3
DSC_8324.JPG_min_y: 865.004
