-4.254208832360636405e-01 -1.799541556781930340e-01 6.570574817323494017e+02
-6.415604704985221618e-01 -7.092691682373560846e-01 1.309000566010344983e+03
-6.799262050685974876e-04 -3.962688487990286977e-04 9.999999999999998890e-01
DSC_8457.JPG_max_x: 1303.32
DSC_8457.JPG_min_x: 68.2426
DSC_8457.JPG_max_y: 1320.02
DSC_8457.JPG_min_y: 900.308
DSC_8459.JPG_max_x: 779.525
DSC_8459.JPG_min_x: 161.823
DSC_8459.JPG_max_y: 1184.94
DSC_8459.JPG_min_y: 989.136
