-7.093695623299668407e-01 -8.035586190892589631e-01 1.024718601928046382e+03
-1.153961359114352714e+00 -2.234483673227881939e-01 8.600328133210216492e+02
-1.243999456155327676e-03 -5.108806007472322481e-04 1.000000000000000000e+00
DSC_8265.JPG_max_x: 647.462
DSC_8265.JPG_min_x: 6.58745
DSC_8265.JPG_max_y: 966.592
DSC_8265.JPG_min_y: 255.071
DSC_8439.JPG_max_x: 1247.15
DSC_8439.JPG_min_x: 758.296
DSC_8439.JPG_max_y: 1380.04
DSC_8439.JPG_min_y: 428.382
