4.077311035365041580e-01 2.343584315472957771e-02 -2.267074379627000553e+02
-8.209543700392471499e-02 4.914241646998782631e-01 -3.533360221817283104e+02
-2.747320781808808483e-04 -9.939000557448565199e-05 1.000000000000000000e+00
DSC_8272.JPG_max_x: 1290.08
DSC_8272.JPG_min_x: 772.135
DSC_8272.JPG_max_y: 1579.8
DSC_8272.JPG_min_y: 1056.21
DSC_8307.JPG_max_x: 576.657
DSC_8307.JPG_min_x: 161.297
DSC_8307.JPG_max_y: 566.213
DSC_8307.JPG_min_y: 104.62
