-1.430665365329926442e-02 -4.619443639917785588e-02 1.824692952498011778e+02
-6.252240023508656153e-01 -6.463397500331848934e-03 1.106562822328755601e+03
-4.848900506539983307e-04 -1.317307563949366084e-04 1.000000000000000000e+00
DSC_8250.JPG_max_x: 1267.33
DSC_8250.JPG_min_x: 1078.49
DSC_8250.JPG_max_y: 1290.07
DSC_8250.JPG_min_y: 734.03
DSC_8364.JPG_max_x: 646.46
DSC_8364.JPG_min_x: 335.931
DSC_8364.JPG_max_y: 1389.14
DSC_8364.JPG_min_y: 1093.15
