-1.603664766005008602e+01 -3.981252424373047827e+00 1.116923715946970151e+04
-3.280744456688770683e+00 -5.432987089451148499e+00 4.206475703615701178e+01
-1.389509964642528066e-02 -1.711996520384270206e-04 1.000000000000000000e+00
DSC_8283.JPG_max_x: 1290.36
DSC_8283.JPG_min_x: 693.588
DSC_8283.JPG_max_y: 1768.87
DSC_8283.JPG_min_y: 126.406
DSC_8449.JPG_max_x: 851.06
DSC_8449.JPG_min_x: 392.09
DSC_8449.JPG_max_y: 1162.97
DSC_8449.JPG_min_y: 290.482
