1.088450279649509911e+00 -2.822828782711798712e-01 -3.420764843106259434e+01
5.389024258297353542e-02 4.679084387380700316e-01 1.468616507944273280e+03
1.234786352430552331e-04 -3.469863450203327531e-04 1.000000000000000000e+00
DSC_8377.JPG_max_x: 1069.95
DSC_8377.JPG_min_x: 128.574
DSC_8377.JPG_max_y: 414.777
DSC_8377.JPG_min_y: 30.0668
DSC_8400.JPG_max_x: 1021.9
DSC_8400.JPG_min_x: 51.2539
DSC_8400.JPG_max_y: 1917.76
DSC_8400.JPG_min_y: 1438.99
