-4.741882429747073524e-01 -2.000218343063155935e-01 6.910757616099531333e+02
-5.345497095140605559e-01 -9.672875254366972708e-01 1.293740058814074928e+03
-5.791880765922129441e-04 -5.608436782705750103e-04 1.000000000000000000e+00
DSC_8348.JPG_max_x: 1329.21
DSC_8348.JPG_min_x: 643.193
DSC_8348.JPG_max_y: 1321.6
DSC_8348.JPG_min_y: 756.81
DSC_8416.JPG_max_x: 1104.35
DSC_8416.JPG_min_x: 25.5617
DSC_8416.JPG_max_y: 1566.9
DSC_8416.JPG_min_y: 944.188
