-7.381026858928075862e-01 -2.664137783780829438e-01 8.657537128835442672e+02
-4.854871910744024688e-01 -1.515606702754569712e-01 5.300154537355830371e+02
-1.041350084753246870e-03 -3.401750415678711763e-04 1.000000000000000000e+00
DSC_8266.JPG_max_x: 1180.26
DSC_8266.JPG_min_x: 209.209
DSC_8266.JPG_max_y: 1711.97
DSC_8266.JPG_min_y: 1115.97
DSC_8449.JPG_max_x: 1176.68
DSC_8449.JPG_min_x: 26.8349
DSC_8449.JPG_max_y: 998.448
DSC_8449.JPG_min_y: 68.7217
