2.054706869189022012e+00 6.876993734416158022e-01 -1.139776960282461687e+03
-1.232512917436495159e-01 1.072595253686840611e+00 5.176572311617532023e+02
1.159834631592028239e-03 -2.056264011943178925e-05 1.000000000000000000e+00
DSC_8283.JPG_max_x: 1271.39
DSC_8283.JPG_min_x: 439.351
DSC_8283.JPG_max_y: 1768.87
DSC_8283.JPG_min_y: 16.8876
DSC_8319.JPG_max_x: 934.095
DSC_8319.JPG_min_x: 83.3549
DSC_8319.JPG_max_y: 1209.9
DSC_8319.JPG_min_y: 210.446
