7.143584232983039684e+00 -4.939483863034062061e+00 1.330639109678101249e+03
1.170361867751516805e+01 -8.810438202090717041e+00 3.856865527300201848e+03
8.772675854326953543e-03 -4.031025037227386684e-03 1.000000000000000000e+00
DSC_8264.JPG_max_x: 849.287
DSC_8264.JPG_min_x: 15.8758
DSC_8264.JPG_max_y: 1022.47
DSC_8264.JPG_min_y: 540.739
DSC_8422.JPG_max_x: 1308.04
DSC_8422.JPG_min_x: 294.21
DSC_8422.JPG_max_y: 1862.57
DSC_8422.JPG_min_y: 939.759
