6.337761129165695451e-01 -3.071693595533903642e-01 2.974350393828985943e+02
2.759622652985292343e-02 1.136282070260246219e-01 1.155790775844801601e+03
-3.352570047814825208e-05 -3.561105374520184136e-04 1.000000000000000000e+00
DSC_8245.JPG_max_x: 1035.25
DSC_8245.JPG_min_x: 125.101
DSC_8245.JPG_max_y: 656.086
DSC_8245.JPG_min_y: 4.08731
DSC_8260.JPG_max_x: 1025.54
DSC_8260.JPG_min_x: 368.586
DSC_8260.JPG_max_y: 1652.36
DSC_8260.JPG_min_y: 1168.6
