5.049156287662398546e-01 -8.856956717761552689e-01 9.681075681597873199e+02
3.829344264554075394e-01 -6.710080851170595606e-01 7.333580668730327261e+02
6.035786487511919955e-04 -9.494669278040170383e-04 1.000000000000000000e+00
DSC_8262.JPG_max_x: 1032.03
DSC_8262.JPG_min_x: 219.709
DSC_8262.JPG_max_y: 1815.11
DSC_8262.JPG_min_y: 1386.01
DSC_8297.JPG_max_x: 1266.74
DSC_8297.JPG_min_x: 650.648
DSC_8297.JPG_max_y: 870.845
DSC_8297.JPG_min_y: 419.751
