5.968136081827728479e-01 2.966539935191147073e-02 -1.781816531818716669e+02
5.483372990025418836e-02 6.408269678115371404e-01 -7.058929724265426557e+02
-4.593262480431038107e-05 -2.919913853459533447e-05 9.999999999999998890e-01
DSC_8272.JPG_max_x: 1097.07
DSC_8272.JPG_min_x: 439.2
DSC_8272.JPG_max_y: 1479.81
DSC_8272.JPG_min_y: 1151.04
DSC_8473.JPG_max_x: 567.742
DSC_8473.JPG_min_x: 143.626
DSC_8473.JPG_max_y: 303.36
DSC_8473.JPG_min_y: 88.7791
