5.466893898024507426e-01 -1.771639326496503297e-01 7.294892231653605563e+01
3.561195852975164167e-01 -3.721932190821296560e-01 9.696779452608919883e+02
2.856286174505858421e-04 -8.281949445708927269e-04 1.000000000000000000e+00
DSC_8429.JPG_max_x: 955.3
DSC_8429.JPG_min_x: 4.91939
DSC_8429.JPG_max_y: 652.815
DSC_8429.JPG_min_y: 127.035
DSC_8454.JPG_max_x: 626.667
DSC_8454.JPG_min_x: 138.372
DSC_8454.JPG_max_y: 1505.61
DSC_8454.JPG_min_y: 927.081
