4.260492951854867316e-01 -5.190724653918644266e-02 3.185017912635876769e+02
6.760026950381371746e-02 3.556908734207115952e-01 5.939687214883180104e+02
4.517396625938768394e-05 -5.008552704244110149e-05 1.000000000000000000e+00
DSC_8304.JPG_max_x: 1250.42
DSC_8304.JPG_min_x: 27.7159
DSC_8304.JPG_max_y: 1927.55
DSC_8304.JPG_min_y: 272.503
DSC_8448.JPG_max_x: 794.654
DSC_8448.JPG_min_x: 288.865
DSC_8448.JPG_max_y: 1429.41
DSC_8448.JPG_min_y: 716.684
