4.992463111665345066e-01 1.114346288170496718e-01 -2.613656756966463490e+02
-1.966523432188589104e-01 1.896532690217991313e+00 -1.549034033537532764e+02
-5.447346526747002616e-04 6.613161316863937862e-04 1.000000000000000000e+00
DSC_8324.JPG_max_x: 1321.06
DSC_8324.JPG_min_x: 620.976
DSC_8324.JPG_max_y: 1388.55
DSC_8324.JPG_min_y: 436.737
DSC_8410.JPG_max_x: 506.169
DSC_8410.JPG_min_x: 30.8214
DSC_8410.JPG_max_y: 1900.86
DSC_8410.JPG_min_y: 688.073
