5.401248899735775488e-01 -1.909643074122898687e-01 8.303385848390728370e+02
4.246473116057756375e-02 9.598904071984364350e-01 2.856601569063761872e+02
-2.929892576626392272e-04 1.424822277098713942e-04 1.000000000000000000e+00
DSC_8231.JPG_max_x: 797.612
DSC_8231.JPG_min_x: 24.4562
DSC_8231.JPG_max_y: 755.658
DSC_8231.JPG_min_y: 193.166
DSC_8327.JPG_max_x: 1307.69
DSC_8327.JPG_min_x: 762.585
DSC_8327.JPG_max_y: 1149.57
DSC_8327.JPG_min_y: 497.288
