-7.375502075406563662e+00 -1.944155266302050267e+00 1.078459207746014545e+04
-7.597105211636679734e+00 -1.070855198233036631e+01 9.935002250138508316e+03
-5.458656566887572573e-03 -2.684758801573613671e-03 9.999999999999998890e-01
DSC_8338.JPG_max_x: 1324.51
DSC_8338.JPG_min_x: 1073.32
DSC_8338.JPG_max_y: 1899.03
DSC_8338.JPG_min_y: 1390.06
DSC_8426.JPG_max_x: 229.355
DSC_8426.JPG_min_x: 4.5789
DSC_8426.JPG_max_y: 1821.11
DSC_8426.JPG_min_y: 1523.67
