9.264369508618136351e+00 1.007439887941034146e-02 -5.930715549777450178e+03
2.261528937478244572e+00 3.811912408757442083e+00 -2.694711267504185344e+03
1.613879843954996738e-03 -3.534661961648940956e-04 1.000000000000000000e+00
DSC_8312.JPG_max_x: 881.279
DSC_8312.JPG_min_x: 763.764
DSC_8312.JPG_max_y: 1156.26
DSC_8312.JPG_min_y: 749.494
DSC_8374.JPG_max_x: 1038.18
DSC_8374.JPG_min_x: 607.43
DSC_8374.JPG_max_y: 1863.63
DSC_8374.JPG_min_y: 995.216
