-1.535535720438635394e+02 6.117198511938158845e+01 1.336164864175752518e+04
-8.788630718458870206e+01 7.280838737325710852e+00 1.008145560001685590e+04
-1.081944370082620482e-01 4.060773368770426855e-02 1.000000000000000000e+00
DSC_8245.JPG_max_x: 640.647
DSC_8245.JPG_min_x: 223.006
DSC_8245.JPG_max_y: 656.086
DSC_8245.JPG_min_y: 37.0615
DSC_8325.JPG_max_x: 1253.35
DSC_8325.JPG_min_x: 153.661
DSC_8325.JPG_max_y: 1188.34
DSC_8325.JPG_min_y: 491.38
