7.768784754384762126e-01 -1.958437127721531223e-01 1.171143323978195809e+02
2.168674468237725139e-01 5.106191333586500569e-01 1.155875959734183880e+03
1.182918081881407287e-04 -1.496163450070782841e-04 1.000000000000000000e+00
DSC_8353.JPG_max_x: 1319.05
DSC_8353.JPG_min_x: 51.9671
DSC_8353.JPG_max_y: 925.843
DSC_8353.JPG_min_y: 120.161
DSC_8396.JPG_max_x: 974.386
DSC_8396.JPG_min_x: 78.1502
DSC_8396.JPG_max_y: 1881.73
DSC_8396.JPG_min_y: 1267.2
