-2.088147508155945786e+01 -9.237052229531085956e+00 1.378548582750175410e+04
-6.115878206262215677e+00 -1.532082556559216613e+01 3.612986588032470536e+03
-1.435022285286467227e-02 -5.618727092702131137e-03 9.999999999999998890e-01
DSC_8381.JPG_max_x: 1148.63
DSC_8381.JPG_min_x: 573.331
DSC_8381.JPG_max_y: 1054.69
DSC_8381.JPG_min_y: 189.378
DSC_8429.JPG_max_x: 809.9
DSC_8429.JPG_min_x: 224.856
DSC_8429.JPG_max_y: 1230.76
DSC_8429.JPG_min_y: 392.563
