8.186172824702857564e-01 -3.453308150425339340e-01 2.732092248263094234e+02
1.511887902876549519e-02 1.209655711048355231e-01 1.238635072941762019e+03
-1.273452303557008750e-05 -4.378806059392171255e-04 1.000000000000000000e+00
DSC_8351.JPG_max_x: 1087.53
DSC_8351.JPG_min_x: 383.446
DSC_8351.JPG_max_y: 628.713
DSC_8351.JPG_min_y: 104.808
DSC_8416.JPG_max_x: 1282.74
DSC_8416.JPG_min_x: 580.222
DSC_8416.JPG_max_y: 1852.88
DSC_8416.JPG_min_y: 1322.99
