9.119379951603565626e-01 -3.112115599784420067e-02 3.541314146465461477e+02
8.855389413748641914e-02 6.672683600763047451e-01 4.442707066763456965e+02
7.464894773304377098e-05 -4.438689204415531759e-05 9.999999999999998890e-01
DSC_8222.JPG_max_x: 1164.34
DSC_8222.JPG_min_x: 27.7104
DSC_8222.JPG_max_y: 1521.58
DSC_8222.JPG_min_y: 778.139
DSC_8414.JPG_max_x: 1321.58
DSC_8414.JPG_min_x: 370.209
DSC_8414.JPG_max_y: 1549.22
DSC_8414.JPG_min_y: 1014.67
