8.315521057020419660e-02 1.211958991470931390e-01 7.010366076186833197e+02
-6.387163198999842306e-01 8.404041705854511379e-01 1.896195080644239681e+02
-7.314564325085605532e-04 1.046062042975531392e-04 1.000000000000000000e+00
DSC_8216.JPG_max_x: 636.363
DSC_8216.JPG_min_x: 11.0798
DSC_8216.JPG_max_y: 1477.37
DSC_8216.JPG_min_y: 511.071
DSC_8312.JPG_max_x: 1309.51
DSC_8312.JPG_min_x: 771.511
DSC_8312.JPG_max_y: 1464.08
DSC_8312.JPG_min_y: 521.644
