-7.066342691192316394e+00 -1.555682693621169843e-01 7.222703991479696015e+03
-3.620086531763644810e+00 -4.379796905204939250e+00 5.019102017691496258e+03
-2.713994260048517831e-03 2.272350454917528365e-04 1.000000000000000000e+00
DSC_8278.JPG_max_x: 1320.33
DSC_8278.JPG_min_x: 1004.74
DSC_8278.JPG_max_y: 1008.67
DSC_8278.JPG_min_y: 407.595
DSC_8436.JPG_max_x: 963.297
DSC_8436.JPG_min_x: 16.5094
DSC_8436.JPG_max_y: 1826.27
DSC_8436.JPG_min_y: 560.003
