4.280639291740365060e+00 -1.616543991410255565e-01 -2.203323990467825752e+03
7.736183057676803143e-01 2.297856310606301911e+00 -1.101919164040859641e+03
5.471993479260430686e-04 -3.379079291219129000e-04 1.000000000000000000e+00
DSC_8246.JPG_max_x: 838.621
DSC_8246.JPG_min_x: 701.576
DSC_8246.JPG_max_y: 1075.76
DSC_8246.JPG_min_y: 633.51
DSC_8374.JPG_max_x: 1038.18
DSC_8374.JPG_min_x: 607.43
DSC_8374.JPG_max_y: 1854.29
DSC_8374.JPG_min_y: 811.699
