-5.100960250743731272e-01 -8.036548994984731020e-02 1.352764660647878543e+02
-2.174842302681716522e+00 -1.671275332302339045e+00 1.526936701721313966e+03
-1.882626818865353437e-03 -9.998964169782671371e-04 1.000000000000000000e+00
DSC_8216.JPG_max_x: 596.894
DSC_8216.JPG_min_x: 53.8872
DSC_8216.JPG_max_y: 1280.6
DSC_8216.JPG_min_y: 507.534
DSC_8402.JPG_max_x: 584.348
DSC_8402.JPG_min_x: 11.8168
DSC_8402.JPG_max_y: 1820.34
DSC_8402.JPG_min_y: 614.518
