5.248543632194596631e-01 -7.267446852828715054e-01 5.459170912649585716e+02
4.654803942295537844e-01 -1.671058053665596788e+00 1.502830374512046319e+03
2.906318548189981005e-04 -1.142742578621415948e-03 1.000000000000000000e+00
DSC_8349.JPG_max_x: 956.208
DSC_8349.JPG_min_x: 16.7805
DSC_8349.JPG_max_y: 1143.2
DSC_8349.JPG_min_y: 283.492
DSC_8362.JPG_max_x: 1065.51
DSC_8362.JPG_min_x: 338.02
DSC_8362.JPG_max_y: 1860.64
DSC_8362.JPG_min_y: 1411.42
