9.549441709612305207e-01 8.137222379550413942e-01 -1.157227604824277307e+02
-5.489464213977411911e-01 1.922710805825645464e+00 9.180177407008163755e+02
-3.997872198797232878e-04 5.541747618128387747e-04 1.000000000000000000e+00
DSC_8397.JPG_max_x: 821.078
DSC_8397.JPG_min_x: 302.828
DSC_8397.JPG_max_y: 454.894
DSC_8397.JPG_min_y: 215.971
DSC_8452.JPG_max_x: 1077.89
DSC_8452.JPG_min_x: 354.93
DSC_8452.JPG_max_y: 1475.47
DSC_8452.JPG_min_y: 1140.8
