6.021966845657138911e+00 -6.723945244973216218e-01 -6.430180112459262091e+03
4.000889384851914699e+00 6.066833590902149353e+00 -6.295218734993984071e+03
3.648952418417763122e-03 3.398550720535731956e-04 1.000000000000000000e+00
DSC_8360.JPG_max_x: 1322.97
DSC_8360.JPG_min_x: 1211.23
DSC_8360.JPG_max_y: 1647.23
DSC_8360.JPG_min_y: 1036.5
DSC_8376.JPG_max_x: 128.513
DSC_8376.JPG_min_x: 8.85578
DSC_8376.JPG_max_y: 1412.24
DSC_8376.JPG_min_y: 844.637
