1.000516718442870046e+00 1.147951414866791586e-01 -2.613981714525010034e+02
-8.879226681490630033e-03 9.811802802264484313e-01 -5.975279557554009671e+02
-2.007776849316209608e-05 1.981819013791429214e-04 1.000000000000000000e+00
DSC_8308.JPG_max_x: 1310.68
DSC_8308.JPG_min_x: 135.565
DSC_8308.JPG_max_y: 1705.55
DSC_8308.JPG_min_y: 1159.73
DSC_8475.JPG_max_x: 943.289
DSC_8475.JPG_min_x: 19.9254
DSC_8475.JPG_max_y: 856.753
DSC_8475.JPG_min_y: 434.07
