-2.674685359351457237e+00 2.659715591497454068e-01 1.897597749355178621e+03
-2.259841894265243845e+00 -1.390247637276181392e+00 2.423385701558470373e+03
-2.671757555503459069e-03 6.368873450268377643e-04 9.999999999999998890e-01
DSC_8282.JPG_max_x: 1315.95
DSC_8282.JPG_min_x: 860.831
DSC_8282.JPG_max_y: 1165.99
DSC_8282.JPG_min_y: 461.124
DSC_8288.JPG_max_x: 1018.55
DSC_8288.JPG_min_x: 119.216
DSC_8288.JPG_max_y: 1384.25
DSC_8288.JPG_min_y: 290.993
