2.305714244968390947e+00 4.086016115329795667e-02 -7.122098330313648376e+02
-2.467233000196022152e-01 2.508199503754611648e+00 -1.272181568247863652e+03
-2.381422896524953460e-04 4.579074494924244336e-05 1.000000000000000000e+00
DSC_8220.JPG_max_x: 779.071
DSC_8220.JPG_min_x: 297.483
DSC_8220.JPG_max_y: 1080.24
DSC_8220.JPG_min_y: 748.489
DSC_8268.JPG_max_x: 1307.83
DSC_8268.JPG_min_x: 19.6903
DSC_8268.JPG_max_y: 1394.54
DSC_8268.JPG_min_y: 506.824
