2.330998741897714943e+00 1.842416890121439943e+00 -1.228197974455869144e+03
-3.407303801425211054e-01 2.743259155116728465e+00 -2.214630336247701052e+03
-3.603440150584993873e-04 1.515685682926989171e-03 9.999999999999998890e-01
DSC_8222.JPG_max_x: 997.508
DSC_8222.JPG_min_x: 111.319
DSC_8222.JPG_max_y: 1787.53
DSC_8222.JPG_min_y: 1105.18
DSC_8415.JPG_max_x: 1305.97
DSC_8415.JPG_min_x: 455.15
DSC_8415.JPG_max_y: 695.719
DSC_8415.JPG_min_y: 254.729
