6.116708338630172381e-01 -1.795219929986035245e-01 3.794933509132908398e+02
-4.062667732324839465e-01 9.854041909616924055e-01 1.973100283191311917e+02
-3.784127048309854141e-04 -1.470274875307316467e-04 1.000000000000000000e+00
DSC_8262.JPG_max_x: 839.294
DSC_8262.JPG_min_x: 468.825
DSC_8262.JPG_max_y: 994.248
DSC_8262.JPG_min_y: 515.397
DSC_8424.JPG_max_x: 1322.76
DSC_8424.JPG_min_x: 762.106
DSC_8424.JPG_max_y: 1564.87
DSC_8424.JPG_min_y: 649.097
