2.617871652044233000e-01 -3.789732105309796539e-01 1.048164237638716486e+03
-4.326565066186595088e-01 2.445990361756382181e-01 1.257892939293171594e+03
-3.321525635088148605e-04 -2.531014928119549147e-04 9.999999999999998890e-01
DSC_8453.JPG_max_x: 442.956
DSC_8453.JPG_min_x: 17.8738
DSC_8453.JPG_max_y: 818.98
DSC_8453.JPG_min_y: 228.09
DSC_8470.JPG_max_x: 1330.79
DSC_8470.JPG_min_x: 1011.82
DSC_8470.JPG_max_y: 1925.45
DSC_8470.JPG_min_y: 1404.69
