-1.224584706392258360e+00 -1.033270734867074991e-01 1.574588284539513097e+03
-1.378942644221454517e+00 -1.975244085625003976e+00 2.940479195345948938e+03
-1.134590899784724367e-03 -4.804166292914973323e-04 1.000000000000000000e+00
DSC_8324.JPG_max_x: 1323.16
DSC_8324.JPG_min_x: 1175.52
DSC_8324.JPG_max_y: 1713.32
DSC_8324.JPG_min_y: 1453.64
DSC_8326.JPG_max_x: 164.517
DSC_8326.JPG_min_x: 17.2512
DSC_8326.JPG_max_y: 1768.61
DSC_8326.JPG_min_y: 1497.84
