5.960697655858018251e-01 9.477356448333734695e-02 2.690637363153822434e+02
-3.559555993872947077e-01 1.295278045445400039e+00 -2.197019679179855984e+02
-4.182957462035834131e-04 1.205268885776839173e-04 1.000000000000000000e+00
DSC_8198.JPG_max_x: 700.641
DSC_8198.JPG_min_x: 56.322
DSC_8198.JPG_max_y: 1580.65
DSC_8198.JPG_min_y: 659.461
DSC_8248.JPG_max_x: 1011.58
DSC_8248.JPG_min_x: 271.819
DSC_8248.JPG_max_y: 1636.63
DSC_8248.JPG_min_y: 503.562
