4.709984174556392844e+01 1.567715303632675017e+01 -2.533810056535871627e+04
1.125134300184833069e+00 5.458410574061124265e+01 -5.260500908421026543e+04
7.184520867359522542e-03 3.703723810824134655e-02 1.000000000000000000e+00
DSC_8292.JPG_max_x: 1042.24
DSC_8292.JPG_min_x: 279.35
DSC_8292.JPG_max_y: 1706.19
DSC_8292.JPG_min_y: 1010.57
DSC_8473.JPG_max_x: 852.241
DSC_8473.JPG_min_x: 120.156
DSC_8473.JPG_max_y: 595.316
DSC_8473.JPG_min_y: 70.925
