1.549603705660156150e+00 3.367470046873283773e-01 2.585896903722253342e+02
2.829788383947035579e-01 3.175110543594392709e+00 4.963688053823292989e+02
-2.177557368892401701e-04 1.743477492173712380e-03 1.000000000000000000e+00
DSC_8259.JPG_max_x: 1161.49
DSC_8259.JPG_min_x: 185.361
DSC_8259.JPG_max_y: 807.147
DSC_8259.JPG_min_y: 257.246
DSC_8322.JPG_max_x: 1160.39
DSC_8322.JPG_min_x: 345.799
DSC_8322.JPG_max_y: 1661.17
DSC_8322.JPG_min_y: 1074.88
