-1.629908323672558113e-01 -9.897151707812749249e-03 1.909955502124121267e+02
-1.113903362496674765e+00 -1.760992714358891598e-01 1.363489852301654992e+03
-9.252568343009773223e-04 -3.436875799737715276e-05 1.000000000000000000e+00
DSC_8274.JPG_max_x: 1252.33
DSC_8274.JPG_min_x: 892.501
DSC_8274.JPG_max_y: 1594.53
DSC_8274.JPG_min_y: 477.461
DSC_8276.JPG_max_x: 174.754
DSC_8276.JPG_min_x: 10.3834
DSC_8276.JPG_max_y: 1648.07
DSC_8276.JPG_min_y: 482.213
