-4.787882774691130244e-02 -1.528886440295047777e-01 6.796841640675315830e+02
-4.998973309958285594e-01 4.074984874130871959e-01 7.032877328234407059e+02
-4.111334079763061624e-04 -8.464151501487275370e-05 1.000000000000000000e+00
DSC_8346.JPG_max_x: 1314.86
DSC_8346.JPG_min_x: 570.652
DSC_8346.JPG_max_y: 1729.27
DSC_8346.JPG_min_y: 611.856
DSC_8438.JPG_max_x: 1210.04
DSC_8438.JPG_min_x: 537.143
DSC_8438.JPG_max_y: 1875.43
DSC_8438.JPG_min_y: 806.584
