2.589105307656268451e+00 8.118602558311539541e-01 -5.315964214668938439e+02
8.454629230650355376e-02 2.953922556097482666e+00 -2.981177340497493333e+03
3.133062206131857178e-04 9.278360784428760265e-04 9.999999999999998890e-01
DSC_8412.JPG_max_x: 712.644
DSC_8412.JPG_min_x: 13.1461
DSC_8412.JPG_max_y: 1672.68
DSC_8412.JPG_min_y: 1143.42
DSC_8429.JPG_max_x: 958.296
DSC_8429.JPG_min_x: 300.805
DSC_8429.JPG_max_y: 733.788
DSC_8429.JPG_min_y: 189.767
