-2.556298434075324200e-01 -5.706128691831350297e-01 4.309216829421486068e+02
-6.802866497811295154e-01 -2.021740701188866840e+00 1.388021635906415213e+03
-4.973050892922058685e-04 -1.445247554235941844e-03 1.000000000000000000e+00
DSC_8225.JPG_max_x: 1265.62
DSC_8225.JPG_min_x: 185.087
DSC_8225.JPG_max_y: 1275.61
DSC_8225.JPG_min_y: 414.116
DSC_8454.JPG_max_x: 1178.82
DSC_8454.JPG_min_x: 138.372
DSC_8454.JPG_max_y: 1473.17
DSC_8454.JPG_min_y: 1300.97
