7.465695526616186184e-01 -2.825525141917226146e-02 1.317447495517200196e+02
2.115720687301544112e-01 7.164586686834250040e-01 2.417234480274631778e+02
2.344139042688162596e-04 -2.159464277423035002e-05 9.999999999999998890e-01
DSC_8214.JPG_max_x: 1319.71
DSC_8214.JPG_min_x: 269.241
DSC_8214.JPG_max_y: 1140.78
DSC_8214.JPG_min_y: 507.584
DSC_8262.JPG_max_x: 839.313
DSC_8262.JPG_min_x: 298.231
DSC_8262.JPG_max_y: 1044.14
DSC_8262.JPG_min_y: 675.614
