1.592074444276156298e+00 5.796644290076743422e-01 -1.940479284989909729e+03
5.046368849888781261e-02 1.533888113654665375e+00 3.072395942752145288e+02
5.249070460304337176e-04 4.358032419011654413e-05 1.000000000000000000e+00
DSC_8455.JPG_max_x: 1328.67
DSC_8455.JPG_min_x: 1028.95
DSC_8455.JPG_max_y: 787.703
DSC_8455.JPG_min_y: 355.911
DSC_8457.JPG_max_x: 297.562
DSC_8457.JPG_min_x: 22.3922
DSC_8457.JPG_max_y: 991.05
DSC_8457.JPG_min_y: 564.122
