4.358198691649936007e-01 1.956680880788376486e-02 1.851709366706820390e+02
-1.912703745602417627e-01 5.486658505193795499e-01 2.950383185178282019e+02
-2.529622703483747851e-04 2.834672892379349284e-05 1.000000000000000000e+00
DSC_8286.JPG_max_x: 1327.81
DSC_8286.JPG_min_x: 10.1669
DSC_8286.JPG_max_y: 1967.59
DSC_8286.JPG_min_y: 544.594
DSC_8320.JPG_max_x: 1137.5
DSC_8320.JPG_min_x: 143.784
DSC_8320.JPG_max_y: 1383.89
DSC_8320.JPG_min_y: 583.606
