-1.025630010470130848e+01 -3.842945216920651941e+00 -1.969423928161941149e+03
-6.618862649133531173e-01 -1.772175095605811634e+01 1.683082994594460251e+04
2.692807158963391248e-03 -6.222316725141968478e-03 1.000000000000000000e+00
DSC_8198.JPG_max_x: 223.549
DSC_8198.JPG_min_x: 6.55218
DSC_8198.JPG_max_y: 1698.74
DSC_8198.JPG_min_y: 1030.22
DSC_8405.JPG_max_x: 1298.55
DSC_8405.JPG_min_x: 941.4
DSC_8405.JPG_max_y: 1467.73
DSC_8405.JPG_min_y: 285.508
