-1.138306903148600252e-01 -8.352553159300213359e-02 1.806879433080856927e+02
-1.229695749422871964e+00 -3.859998521984632225e-01 1.515847691510011828e+03
-8.629569696454734073e-04 -1.181209819854523992e-04 1.000000000000000000e+00
DSC_8197.JPG_max_x: 1330.13
DSC_8197.JPG_min_x: 861.029
DSC_8197.JPG_max_y: 827.88
DSC_8197.JPG_min_y: 338.154
DSC_8198.JPG_max_x: 147.523
DSC_8198.JPG_min_x: 13.6996
DSC_8198.JPG_max_y: 1747.15
DSC_8198.JPG_min_y: 852.229
