9.795364653129513127e-03 -2.247433907543403830e-01 2.458953361970733056e+02
-5.138662511067208088e-02 -1.873396875403335049e-01 2.745329284624653496e+02
-2.675691703075069742e-04 -5.748692032577351748e-04 1.000000000000000000e+00
DSC_8292.JPG_max_x: 1296.99
DSC_8292.JPG_min_x: 831.295
DSC_8292.JPG_max_y: 1451.94
DSC_8292.JPG_min_y: 918.782
DSC_8323.JPG_max_x: 1274.71
DSC_8323.JPG_min_x: 101.362
DSC_8323.JPG_max_y: 728.609
DSC_8323.JPG_min_y: 19.5989
