-1.183306613209889280e+00 3.602764977648671013e-02 9.163791580436800359e+02
-2.388128539461396471e+00 2.602097158012166012e-01 1.480270725540913418e+03
-1.325386421314622525e-03 2.225316867014907090e-05 1.000000000000000000e+00
DSC_8366.JPG_max_x: 1192.27
DSC_8366.JPG_min_x: 476.609
DSC_8366.JPG_max_y: 1531.85
DSC_8366.JPG_min_y: 1021.55
DSC_8466.JPG_max_x: 1295.39
DSC_8466.JPG_min_x: 805.015
DSC_8466.JPG_max_y: 1835.29
DSC_8466.JPG_min_y: 1128.92
