-2.144283040761174874e-01 -2.035393125523116964e-01 3.789340828279789548e+02
-2.424238444053496977e-01 -7.432778246918939624e-01 1.040233139685957440e+03
-3.081149985514959502e-04 -6.716457383308966494e-04 1.000000000000000000e+00
DSC_8193.JPG_max_x: 769.311
DSC_8193.JPG_min_x: 399.992
DSC_8193.JPG_max_y: 1642.56
DSC_8193.JPG_min_y: 1138.74
DSC_8385.JPG_max_x: 767.929
DSC_8385.JPG_min_x: 226.805
DSC_8385.JPG_max_y: 1252.04
DSC_8385.JPG_min_y: 834.86
