1.569996885173313572e+01 3.598909480326063726e+00 -9.034778417794408597e+03
1.848009373388510845e-01 1.775023801293602332e+01 -2.093440296017543733e+04
8.549434630950415248e-04 4.867436422075764255e-03 1.000000000000000000e+00
DSC_8378.JPG_max_x: 729.176
DSC_8378.JPG_min_x: 309.252
DSC_8378.JPG_max_y: 1691.51
DSC_8378.JPG_min_y: 1189.74
DSC_8433.JPG_max_x: 886.574
DSC_8433.JPG_min_x: 50.4362
DSC_8433.JPG_max_y: 943.432
DSC_8433.JPG_min_y: 25.1964
