1.183117822958480003e+00 -5.967687099729302586e-02 2.586726038688780704e+02
6.929348007096125528e-02 9.441832798839745466e-01 4.338776226833223149e+01
6.385036459017117089e-05 -1.361483702426883398e-04 1.000000000000000000e+00
DSC_8200.JPG_max_x: 792.453
DSC_8200.JPG_min_x: 85.7765
DSC_8200.JPG_max_y: 1473.47
DSC_8200.JPG_min_y: 847.516
DSC_8416.JPG_max_x: 1225.7
DSC_8416.JPG_min_x: 351.162
DSC_8416.JPG_max_y: 1761.47
DSC_8416.JPG_min_y: 944.011
