1.724636985502481235e+00 -1.340228972030477639e+00 8.894188091733434476e+02
8.101234697335653046e-01 -1.654460237687749302e+00 1.593447484086323129e+03
2.142699794955659973e-03 -1.575815246694126657e-03 1.000000000000000000e+00
DSC_8274.JPG_max_x: 1284.47
DSC_8274.JPG_min_x: 11.504
DSC_8274.JPG_max_y: 1414.89
DSC_8274.JPG_min_y: 1024.96
DSC_8473.JPG_max_x: 1240.89
DSC_8473.JPG_min_x: 66.3605
DSC_8473.JPG_max_y: 1231.25
DSC_8473.JPG_min_y: 70.925
