2.667920603826470227e+00 -9.880714482663668918e-02 -2.119699938996565379e+03
1.112918381879927976e+00 1.930023523301662713e+00 -7.989219651712277255e+02
9.859345436472248363e-04 -1.908571618225267115e-04 1.000000000000000000e+00
DSC_8218.JPG_max_x: 1327.04
DSC_8218.JPG_min_x: 1077.03
DSC_8218.JPG_max_y: 1181.72
DSC_8218.JPG_min_y: 749.321
DSC_8416.JPG_max_x: 628.915
DSC_8416.JPG_min_x: 351.162
DSC_8416.JPG_max_y: 1429.33
DSC_8416.JPG_min_y: 963.864
