4.820117625231139513e-01 -2.155078004637973332e-01 8.718916771826807235e+02
-6.659200088307170029e-01 1.123700329355659111e+00 1.223846297532030434e+02
-6.375035630734458185e-04 -8.994912415230483984e-05 1.000000000000000000e+00
DSC_8248.JPG_max_x: 419.076
DSC_8248.JPG_min_x: 28.8796
DSC_8248.JPG_max_y: 1212.72
DSC_8248.JPG_min_y: 597.558
DSC_8438.JPG_max_x: 1323.76
DSC_8438.JPG_min_x: 809.583
DSC_8438.JPG_max_y: 1838.39
DSC_8438.JPG_min_y: 800.701
