3.289228935732303682e+00 4.997019787933929535e-01 -5.574092228238131383e+02
2.160899566130733696e-01 3.352087694917613270e+00 -1.796509283793801046e+02
5.767241696884149336e-04 1.140600235224415110e-03 1.000000000000000000e+00
DSC_8449.JPG_max_x: 1257.21
DSC_8449.JPG_min_x: 109.098
DSC_8449.JPG_max_y: 979.141
DSC_8449.JPG_min_y: 66.7948
DSC_8465.JPG_max_x: 1253.73
DSC_8465.JPG_min_x: 52.4142
DSC_8465.JPG_max_y: 1380.87
DSC_8465.JPG_min_y: 126.835
