1.163090380751767849e-01 -3.969936226182950723e-01 8.976408584596156288e+02
-2.937473744014189037e-01 -2.924842551603369367e-01 1.093258077234691655e+03
-2.429879606280236975e-04 -3.841281601780956872e-04 1.000000000000000000e+00
DSC_8324.JPG_max_x: 620.519
DSC_8324.JPG_min_x: 14.2239
DSC_8324.JPG_max_y: 1608.31
DSC_8324.JPG_min_y: 1254.95
DSC_8428.JPG_max_x: 1294.65
DSC_8428.JPG_min_x: 506.049
DSC_8428.JPG_max_y: 1674.04
DSC_8428.JPG_min_y: 1401.75
