-2.561816362857978202e-01 -5.221994904204501492e-02 2.941076189796349354e+02
-1.324666292739091533e+00 -4.351561294443463956e-01 1.503537179227273782e+03
-9.566256038948951464e-04 -1.690710120794744866e-04 9.999999999999998890e-01
DSC_8309.JPG_max_x: 1325.22
DSC_8309.JPG_min_x: 380.823
DSC_8309.JPG_max_y: 926.394
DSC_8309.JPG_min_y: 4.48414
DSC_8456.JPG_max_x: 275.124
DSC_8456.JPG_min_x: 6.87335
DSC_8456.JPG_max_y: 1685.23
DSC_8456.JPG_min_y: 678.86
