2.072848686424982045e-01 -1.424088219747415562e-01 1.120129900145284182e+03
-5.131481634404978509e-01 7.656759807801080120e-01 3.777415768952861868e+02
-4.803475882410804666e-04 -3.245183606724547646e-05 9.999999999999998890e-01
DSC_8338.JPG_max_x: 366.058
DSC_8338.JPG_min_x: 20.1875
DSC_8338.JPG_max_y: 1673.45
DSC_8338.JPG_min_y: 820.294
DSC_8366.JPG_max_x: 1332.2
DSC_8366.JPG_min_x: 982.005
DSC_8366.JPG_max_y: 1798.27
DSC_8366.JPG_min_y: 1026.43
