3.848446913598076780e+00 1.679960882476772832e-01 -4.179426701643968954e+03
3.055328900686896887e+00 3.128933278195880519e+00 -2.355739148660468345e+03
2.585132254595016478e-03 -3.613215976473267612e-04 1.000000000000000000e+00
DSC_8350.JPG_max_x: 1325.18
DSC_8350.JPG_min_x: 1061.59
DSC_8350.JPG_max_y: 1492.22
DSC_8350.JPG_min_y: 781.939
DSC_8414.JPG_max_x: 291.397
DSC_8414.JPG_min_x: 16.6957
DSC_8414.JPG_max_y: 1680.06
DSC_8414.JPG_min_y: 967.199
