-1.197319712564096639e-01 -3.497495266232396316e-02 1.998837329551546418e+02
-8.235651918075251876e-01 -4.219298054787860019e-01 1.684849221030809531e+03
-5.057564538452326633e-04 -2.386294445257869704e-04 1.000000000000000000e+00
DSC_8208.JPG_max_x: 1303.85
DSC_8208.JPG_min_x: 1124.67
DSC_8208.JPG_max_y: 1990.06
DSC_8208.JPG_min_y: 1692.38
DSC_8210.JPG_max_x: 387.452
DSC_8210.JPG_min_x: 72.0299
DSC_8210.JPG_max_y: 1870.26
DSC_8210.JPG_min_y: 1571.14
