2.339509725152082165e-01 5.520083247958692402e-02 -2.144252382109340829e+02
-4.512150777136718638e-01 5.138579454219061038e-01 4.960100834324839525e+02
-4.936374412385860369e-04 1.285455071264870813e-04 1.000000000000000000e+00
DSC_8226.JPG_max_x: 1293.89
DSC_8226.JPG_min_x: 820.029
DSC_8226.JPG_max_y: 1735.63
DSC_8226.JPG_min_y: 429.093
DSC_8276.JPG_max_x: 290.512
DSC_8276.JPG_min_x: 51.3885
DSC_8276.JPG_max_y: 1230.59
DSC_8276.JPG_min_y: 500.818
