6.319424752566150660e-01 2.221202060547851354e-01 8.364129074488677134e+02
-2.552907519497242816e-01 1.184262118063877711e+00 1.640029842251613346e+01
-3.380168164135398108e-04 2.137710175896843717e-04 1.000000000000000000e+00
DSC_8340.JPG_max_x: 422.062
DSC_8340.JPG_min_x: 11.8831
DSC_8340.JPG_max_y: 1965.41
DSC_8340.JPG_min_y: 613.873
DSC_8412.JPG_max_x: 1218.86
DSC_8412.JPG_min_x: 898.748
DSC_8412.JPG_max_y: 1698.84
DSC_8412.JPG_min_y: 648.649
