-6.983257528682906834e-01 -1.062320110776107246e-01 9.598261110798503069e+02
-8.570059762451915919e-01 3.349586395671074190e-01 6.339557967025398284e+02
-8.770519665144643848e-04 -6.401495334415569448e-05 1.000000000000000000e+00
DSC_8262.JPG_max_x: 1262.95
DSC_8262.JPG_min_x: 291.887
DSC_8262.JPG_max_y: 1474.93
DSC_8262.JPG_min_y: 515.397
DSC_8456.JPG_max_x: 1326.27
DSC_8456.JPG_min_x: 230.802
DSC_8456.JPG_max_y: 1651.95
DSC_8456.JPG_min_y: 598.602
