6.390788990129798730e-01 1.157314912921666855e-01 -7.536674131995426933e+02
-9.313523355842698859e-01 5.860320069311878433e-01 7.075969326730430566e+02
-5.273405475741507926e-04 -7.002359393772390338e-05 1.000000000000000000e+00
DSC_8296.JPG_max_x: 1274.49
DSC_8296.JPG_min_x: 947.622
DSC_8296.JPG_max_y: 1393.44
DSC_8296.JPG_min_y: 635.011
DSC_8407.JPG_max_x: 632.116
DSC_8407.JPG_min_x: 46.7076
DSC_8407.JPG_max_y: 1585.52
DSC_8407.JPG_min_y: 15.3563
