1.900524949929121021e+00 -7.214965856705998944e-03 -1.505780783209685012e+02
-5.898574220752960118e-01 1.747173955460550321e+00 -6.557377312256566029e+02
-5.530025368965681403e-04 1.137179703591163375e-04 1.000000000000000000e+00
DSC_8376.JPG_max_x: 494.312
DSC_8376.JPG_min_x: 67.0015
DSC_8376.JPG_max_y: 1464.71
DSC_8376.JPG_min_y: 871.547
DSC_8420.JPG_max_x: 892.076
DSC_8420.JPG_min_x: 9.02887
DSC_8420.JPG_max_y: 1666.84
DSC_8420.JPG_min_y: 760.161
