-6.563603996947063868e-01 -7.387242336477949090e-02 7.963973552792017472e+02
-1.588715687592647363e+00 -5.220210708192849491e-01 1.910527850649759785e+03
-1.236937146993823166e-03 -2.835418773028988400e-05 1.000000000000000000e+00
DSC_8294.JPG_max_x: 1318.95
DSC_8294.JPG_min_x: 414.651
DSC_8294.JPG_max_y: 1496.28
DSC_8294.JPG_min_y: 502.869
DSC_8296.JPG_max_x: 947.622
DSC_8296.JPG_min_x: 9.06488
DSC_8296.JPG_max_y: 1513.44
DSC_8296.JPG_min_y: 498.142
