2.734953395003359988e-01 1.017430752009487183e+00 1.043843216710258730e+03
-4.901717908996595235e-02 1.548913012310542126e+00 -1.720186880502326972e+02
-6.414823222261464494e-04 1.588711412428754155e-03 1.000000000000000000e+00
DSC_8209.JPG_max_x: 791.712
DSC_8209.JPG_min_x: 20.8451
DSC_8209.JPG_max_y: 661.335
DSC_8209.JPG_min_y: 352.399
DSC_8381.JPG_max_x: 1303.45
DSC_8381.JPG_min_x: 862.11
DSC_8381.JPG_max_y: 510.727
DSC_8381.JPG_min_y: 247.063
