-9.932597785377691224e+00 1.017305889648491757e+01 3.094405307971387629e+03
-7.186692739927105222e+00 1.308940053737774534e+01 -1.078731949200236386e+03
-1.226315251875410850e-02 1.708159268786944157e-02 1.000000000000000000e+00
DSC_8227.JPG_max_x: 1076.6
DSC_8227.JPG_min_x: 18.2423
DSC_8227.JPG_max_y: 1572.89
DSC_8227.JPG_min_y: 258.887
DSC_8429.JPG_max_x: 1317.35
DSC_8429.JPG_min_x: 466.479
DSC_8429.JPG_max_y: 822.787
DSC_8429.JPG_min_y: 448.587
