2.197856077393914642e+00 -6.868786975772223427e-03 -1.782787254097537016e+03
1.041836947920483203e+00 2.278496916588076626e+00 -1.502445895312295534e+03
1.100482958714137441e-03 2.086464019358051354e-04 1.000000000000000000e+00
DSC_8240.JPG_max_x: 1267.44
DSC_8240.JPG_min_x: 830.299
DSC_8240.JPG_max_y: 1456.45
DSC_8240.JPG_min_y: 903.792
DSC_8258.JPG_max_x: 374.734
DSC_8258.JPG_min_x: 17.0376
DSC_8258.JPG_max_y: 1172.84
DSC_8258.JPG_min_y: 676.163
