1.219618103384674246e+00 3.680858324187123720e-02 7.075429406360440154e+00
-2.359728878314488187e-01 1.527897463192479321e+00 -1.878904253291225075e+02
-2.748928430516038384e-04 1.683009162071471762e-04 1.000000000000000000e+00
DSC_8250.JPG_max_x: 736.399
DSC_8250.JPG_min_x: 72.3129
DSC_8250.JPG_max_y: 1352.29
DSC_8250.JPG_min_y: 428.821
DSC_8316.JPG_max_x: 1004.65
DSC_8316.JPG_min_x: 118.298
DSC_8316.JPG_max_y: 1601.89
DSC_8316.JPG_min_y: 376.833
