-3.424738211716279457e-01 3.222945120381526946e-02 3.232409222688732484e+02
-5.520152794518915496e-01 3.092050510692635062e-02 5.558781779410251147e+02
-1.049103410506998200e-03 9.464928288967650863e-05 1.000000000000000000e+00
DSC_8352.JPG_max_x: 1311.18
DSC_8352.JPG_min_x: 242.096
DSC_8352.JPG_max_y: 1772.74
DSC_8352.JPG_min_y: 1313.91
DSC_8429.JPG_max_x: 439.984
DSC_8429.JPG_min_x: 217.787
DSC_8429.JPG_max_y: 745.75
DSC_8429.JPG_min_y: 373.919
