2.777349602716199684e+00 1.452011640493525435e-01 -2.099955454370818018e+02
-1.820950528564974635e-01 3.226542907540914662e+00 -2.124161446735583922e+03
-2.720677995185724640e-04 2.900216729482045465e-04 1.000000000000000000e+00
DSC_8200.JPG_max_x: 548.655
DSC_8200.JPG_min_x: 85.7765
DSC_8200.JPG_max_y: 1221.46
DSC_8200.JPG_min_y: 846.376
DSC_8318.JPG_max_x: 1293.72
DSC_8318.JPG_min_x: 134.388
DSC_8318.JPG_max_y: 1400.31
DSC_8318.JPG_min_y: 476.679
