6.655363788382797630e-01 -2.464481520649799140e-01 4.988801882362947140e+02
3.387596649844682502e-03 3.386270225572706183e-01 4.097409068405671064e+02
1.071909783934469436e-04 -2.928384769837037455e-04 9.999999999999998890e-01
DSC_8237.JPG_max_x: 1280.59
DSC_8237.JPG_min_x: 232.629
DSC_8237.JPG_max_y: 827.508
DSC_8237.JPG_min_y: 155.536
DSC_8365.JPG_max_x: 1208.84
DSC_8365.JPG_min_x: 620.287
DSC_8365.JPG_max_y: 869.915
DSC_8365.JPG_min_y: 439.619
