2.347763427829760108e+00 6.868971657458523561e-01 -9.241474704661399073e+02
-8.931551650380194218e-02 2.777180079828236448e+00 -2.419186919240193674e+03
-3.180849477285933836e-05 9.449686753365001786e-04 1.000000000000000000e+00
DSC_8308.JPG_max_x: 1245.77
DSC_8308.JPG_min_x: 37.9758
DSC_8308.JPG_max_y: 1823.58
DSC_8308.JPG_min_y: 1155.85
DSC_8309.JPG_max_x: 1302.52
DSC_8309.JPG_min_x: 25.5235
DSC_8309.JPG_max_y: 976.964
DSC_8309.JPG_min_y: 339.424
