4.176959263676572220e+00 1.894564450041681947e-01 -3.911932132221566008e+03
1.993098985029843728e+00 3.242291575870602127e+00 -2.116771127360394075e+03
2.064750687331647939e-03 -9.311991887722193863e-05 1.000000000000000000e+00
DSC_8218.JPG_max_x: 1327.04
DSC_8218.JPG_min_x: 1077.03
DSC_8218.JPG_max_y: 1712.04
DSC_8218.JPG_min_y: 749.321
DSC_8350.JPG_max_x: 542.169
DSC_8350.JPG_min_x: 243.122
DSC_8350.JPG_max_y: 1711.75
DSC_8350.JPG_min_y: 783.866
