-1.259709393714982140e+00 1.429838758208826555e+00 2.199501093604410187e+02
-9.473373206999234242e+00 9.725836533847681764e+00 1.832165205600144645e+03
-6.290324471173892353e-03 7.370472858066012649e-03 1.000000000000000000e+00
DSC_8331.JPG_max_x: 1322.54
DSC_8331.JPG_min_x: 334.103
DSC_8331.JPG_max_y: 660.92
DSC_8331.JPG_min_y: 140.381
DSC_8418.JPG_max_x: 978.877
DSC_8418.JPG_min_x: 19.5482
DSC_8418.JPG_max_y: 1871.72
DSC_8418.JPG_min_y: 1069.04
