8.198456021551564499e-01 -1.292909729740731872e-01 4.365216732718765229e+02
1.011651366053686329e-01 1.104667250907610976e+00 6.413253271198843031e+00
2.966207136276351574e-05 4.450393845684794163e-05 1.000000000000000000e+00
DSC_8230.JPG_max_x: 1246.17
DSC_8230.JPG_min_x: 353.005
DSC_8230.JPG_max_y: 1877.73
DSC_8230.JPG_min_y: 721.456
DSC_8440.JPG_max_x: 1213.45
DSC_8440.JPG_min_x: 553.253
DSC_8440.JPG_max_y: 1938.97
DSC_8440.JPG_min_y: 847.314
