2.273108279234094198e+00 2.934260249863505643e-01 -1.107958578453627609e+02
2.954992180226532761e-01 2.184478742726969180e+00 -2.009632303144948537e+03
6.101409471409260281e-04 2.317007298442182043e-04 1.000000000000000000e+00
DSC_8220.JPG_max_x: 401.556
DSC_8220.JPG_min_x: 5.38297
DSC_8220.JPG_max_y: 1518.27
DSC_8220.JPG_min_y: 966.778
DSC_8433.JPG_max_x: 780.53
DSC_8433.JPG_min_x: 176.856
DSC_8433.JPG_max_y: 890.978
DSC_8433.JPG_min_y: 84.6984
