1.567759175848697728e+00 -3.060180117174338577e+00 1.309508441749218719e+03
1.076420633625863044e+00 -2.281549831305505371e+00 1.104440675458686883e+03
1.221448599630078641e-03 -2.341317479534563411e-03 1.000000000000000000e+00
DSC_8335.JPG_max_x: 1250.1
DSC_8335.JPG_min_x: 259.657
DSC_8335.JPG_max_y: 934.942
DSC_8335.JPG_min_y: 8.89366
DSC_8348.JPG_max_x: 1318.24
DSC_8348.JPG_min_x: 226.778
DSC_8348.JPG_max_y: 1667.47
DSC_8348.JPG_min_y: 957.584
