6.975593253831412488e-01 3.937508398342183177e-03 1.040187382402326875e+03
1.083376737203841506e-01 8.658184108765720755e-01 -2.748137762369317727e+01
-1.746591218294163157e-04 2.278598399291423390e-04 1.000000000000000000e+00
DSC_8261.JPG_max_x: 390.973
DSC_8261.JPG_min_x: 24.6249
DSC_8261.JPG_max_y: 970.523
DSC_8261.JPG_min_y: 209.279
DSC_8275.JPG_max_x: 1313.89
DSC_8275.JPG_min_x: 927.016
DSC_8275.JPG_max_y: 692.683
DSC_8275.JPG_min_y: 161.317
