4.216175999181735468e-01 7.375111350445011371e-02 7.324669839812092960e+02
-2.766441585770096911e-01 8.670304042903480557e-01 1.658893842263014449e+02
-2.683227390715773588e-04 5.505964020748107271e-05 9.999999999999998890e-01
DSC_8196.JPG_max_x: 761.848
DSC_8196.JPG_min_x: 50.9566
DSC_8196.JPG_max_y: 1710.13
DSC_8196.JPG_min_y: 609.058
DSC_8230.JPG_max_x: 1315.45
DSC_8230.JPG_min_x: 774.992
DSC_8230.JPG_max_y: 1470.21
DSC_8230.JPG_min_y: 574.147
