1.516354743812136363e-01 -5.635843863838474466e-01 1.142277198879271964e+03
-4.408302377186899129e-02 2.788774864078596427e-01 2.636882450525700960e+02
-2.164050432581948226e-04 -3.380306714968353099e-04 1.000000000000000000e+00
DSC_8209.JPG_max_x: 527.765
DSC_8209.JPG_min_x: 16.8073
DSC_8209.JPG_max_y: 677.729
DSC_8209.JPG_min_y: 311.447
DSC_8397.JPG_max_x: 1329.74
DSC_8397.JPG_min_x: 1007.26
DSC_8397.JPG_max_y: 584.293
DSC_8397.JPG_min_y: 409.323
