4.669823060983112839e+00 1.006782827647081158e+00 -1.070597494469514459e+03
1.663472452115878353e+00 2.440029361178131850e+00 -7.396430799715219564e+02
1.721228448842138797e-03 3.743102495073406637e-04 1.000000000000000000e+00
DSC_8202.JPG_max_x: 817.811
DSC_8202.JPG_min_x: 159.118
DSC_8202.JPG_max_y: 1143.32
DSC_8202.JPG_min_y: 682.198
DSC_8452.JPG_max_x: 1317.22
DSC_8452.JPG_min_x: 445.6
DSC_8452.JPG_max_y: 1281.67
DSC_8452.JPG_min_y: 847.993
