2.485720239865603087e+00 6.121530223967159845e-01 -7.160921568294040753e+02
1.432167930322304494e-01 3.299361859346404025e+00 -3.099999123467841855e+03
4.597986310836416480e-04 8.283302118073313913e-04 1.000000000000000000e+00
DSC_8198.JPG_max_x: 452.598
DSC_8198.JPG_min_x: 6.38688
DSC_8198.JPG_max_y: 1714.99
DSC_8198.JPG_min_y: 1015.02
DSC_8363.JPG_max_x: 536.794
DSC_8363.JPG_min_x: 11.8026
DSC_8363.JPG_max_y: 1030.92
DSC_8363.JPG_min_y: 130.951
