8.668193429462361932e-01 -3.215425115365212472e-01 1.759214713113610458e+02
8.024072443140192745e-02 6.340365746694263949e-02 1.524030754618059063e+03
7.506189577944670445e-05 -4.573455508382514288e-04 1.000000000000000000e+00
DSC_8321.JPG_max_x: 1069.44
DSC_8321.JPG_min_x: 483.235
DSC_8321.JPG_max_y: 411.044
DSC_8321.JPG_min_y: 31.0984
DSC_8466.JPG_max_x: 1084.33
DSC_8466.JPG_min_x: 578.681
DSC_8466.JPG_max_y: 1832.77
DSC_8466.JPG_min_y: 1514.11
