1.914908628956954129e+00 3.885119916045550736e-01 -2.115338704695088836e+03
8.316241061003187829e-01 1.434075190187287463e+00 8.478999933059319574e+02
7.648138062394975109e-04 -2.330188902029734941e-04 1.000000000000000000e+00
DSC_8415.JPG_max_x: 1264.1
DSC_8415.JPG_min_x: 1075.17
DSC_8415.JPG_max_y: 694.203
DSC_8415.JPG_min_y: 270.524
DSC_8428.JPG_max_x: 296.307
DSC_8428.JPG_min_x: 28.9355
DSC_8428.JPG_max_y: 1633.79
DSC_8428.JPG_min_y: 1209.93
