-4.567536683034955303e+00 -1.574589168585881538e+01 5.282230840390211597e+03
8.326259691535380369e-01 -1.914709541077582244e+01 5.004498315617218395e+03
4.500975146546685318e-03 -1.914173668984911827e-02 9.999999999999998890e-01
DSC_8325.JPG_max_x: 722.452
DSC_8325.JPG_min_x: 47.1746
DSC_8325.JPG_max_y: 601.431
DSC_8325.JPG_min_y: 368.297
DSC_8369.JPG_max_x: 1275.07
DSC_8369.JPG_min_x: 135.654
DSC_8369.JPG_max_y: 700.074
DSC_8369.JPG_min_y: 499.835
