2.914084138084037434e+00 9.106296261420694371e-01 -2.968398380047615319e+03
-3.343500318092142987e-01 3.192640994717205860e+00 -2.315957369695901434e+03
1.498325209718371471e-04 7.805749856354803756e-04 1.000000000000000000e+00
DSC_8296.JPG_max_x: 1284.25
DSC_8296.JPG_min_x: 754.569
DSC_8296.JPG_max_y: 1855.96
DSC_8296.JPG_min_y: 848.677
DSC_8313.JPG_max_x: 893.213
DSC_8313.JPG_min_x: 110.169
DSC_8313.JPG_max_y: 1213.31
DSC_8313.JPG_min_y: 15.7931
