9.970642078907455685e-01 -2.755252684390649964e-01 -9.937402079964512325e+01
1.623318261351625602e-01 7.035568478316966967e-01 3.783850389463427177e+02
1.045251285719742812e-04 -1.434633632283570110e-04 1.000000000000000000e+00
DSC_8308.JPG_max_x: 1326.7
DSC_8308.JPG_min_x: 444.328
DSC_8308.JPG_max_y: 1584.67
DSC_8308.JPG_min_y: 1157.21
DSC_8442.JPG_max_x: 895.059
DSC_8442.JPG_min_x: 12.7953
DSC_8442.JPG_max_y: 1889.53
DSC_8442.JPG_min_y: 1439.36
