1.463308996016816188e+00 -2.169255868895192396e-01 3.049766136836478836e+02
4.493988837116371093e-01 6.081157717555326636e-01 4.612563218072357927e+02
4.293891106615207640e-04 -1.852603437467754814e-04 1.000000000000000000e+00
DSC_8202.JPG_max_x: 1094.93
DSC_8202.JPG_min_x: 93.6288
DSC_8202.JPG_max_y: 1235.41
DSC_8202.JPG_min_y: 659.547
DSC_8472.JPG_max_x: 1303.14
DSC_8472.JPG_min_x: 270.048
DSC_8472.JPG_max_y: 1489.77
DSC_8472.JPG_min_y: 1003.91
