1.709821897119612188e+00 -5.780420046564860304e-01 8.259373150411408915e+02
5.618889834405521588e-01 1.329469302563550004e+00 1.623763663894219533e+01
2.426850191222104593e-04 -8.577576490998090660e-05 1.000000000000000000e+00
DSC_8319.JPG_max_x: 623.032
DSC_8319.JPG_min_x: 48.7236
DSC_8319.JPG_max_y: 1022.28
DSC_8319.JPG_min_y: 179.466
DSC_8463.JPG_max_x: 1300.14
DSC_8463.JPG_min_x: 730.703
DSC_8463.JPG_max_y: 1577.0
DSC_8463.JPG_min_y: 282.784
