2.708606437718387161e-01 -2.766825563668082744e-01 5.946852655849502298e+02
-1.641458134368042610e-01 1.982376188992860944e-01 1.196619528382046838e+03
-2.612813182644799096e-04 -1.058178989873618544e-04 1.000000000000000000e+00
DSC_8193.JPG_max_x: 852.594
DSC_8193.JPG_min_x: 163.153
DSC_8193.JPG_max_y: 1406.73
DSC_8193.JPG_min_y: 286.482
DSC_8410.JPG_max_x: 990.797
DSC_8410.JPG_min_x: 310.05
DSC_8410.JPG_max_y: 1867.48
DSC_8410.JPG_min_y: 1475.69
