-9.356742880290906328e+01 -1.958257898726514767e+01 9.866240224531748390e+04
2.673922547361868407e+00 -7.343316689571170741e+01 5.741756861431429570e+04
-6.977850632629323258e-02 -1.823084877750212607e-02 1.000000000000000000e+00
DSC_8250.JPG_max_x: 1320.2
DSC_8250.JPG_min_x: 1073.87
DSC_8250.JPG_max_y: 1295.74
DSC_8250.JPG_min_y: 962.428
DSC_8365.JPG_max_x: 417.213
DSC_8365.JPG_min_x: 259.083
DSC_8365.JPG_max_y: 339.173
DSC_8365.JPG_min_y: 93.2885
