1.279984350562781259e+00 2.520992369313432846e-01 3.670025400905465318e+01
-3.607846927880725696e-02 1.398200967824378305e+00 -1.376471503106768068e+03
4.135615921801312456e-05 2.967394950365278487e-04 1.000000000000000000e+00
DSC_8220.JPG_max_x: 671.36
DSC_8220.JPG_min_x: 37.7635
DSC_8220.JPG_max_y: 1558.06
DSC_8220.JPG_min_y: 1001.44
DSC_8379.JPG_max_x: 868.108
DSC_8379.JPG_min_x: 270.159
DSC_8379.JPG_max_y: 526.281
DSC_8379.JPG_min_y: 4.39294
