-2.644560690154455079e-02 -7.822583395859818989e-01 8.026190809929513534e+02
-1.821295915620503858e-01 -1.497092058088135946e+00 1.564083485298007190e+03
-1.007186652035692233e-04 -9.549675693921713584e-04 1.000000000000000000e+00
DSC_8218.JPG_max_x: 1105.2
DSC_8218.JPG_min_x: 89.5703
DSC_8218.JPG_max_y: 1876.16
DSC_8218.JPG_min_y: 875.523
DSC_8459.JPG_max_x: 1247.45
DSC_8459.JPG_min_x: 176.54
DSC_8459.JPG_max_y: 1876.11
DSC_8459.JPG_min_y: 101.956
