-3.823244326424771522e+00 -1.750159247163005860e+00 3.311186898046472834e+03
-3.088737153227106624e+00 -4.049426348357873628e+00 3.322998160078829642e+03
-3.854974930046886454e-03 -1.291810893171233812e-03 1.000000000000000000e+00
DSC_8202.JPG_max_x: 1014.54
DSC_8202.JPG_min_x: 561.069
DSC_8202.JPG_max_y: 1260.55
DSC_8202.JPG_min_y: 682.198
DSC_8274.JPG_max_x: 555.288
DSC_8274.JPG_min_x: 47.2642
DSC_8274.JPG_max_y: 1257.6
DSC_8274.JPG_min_y: 612.862
