-3.331260334008917745e+00 -6.741198911126542459e-01 1.277310161833885331e+03
-3.871952441328928352e+00 -5.833913457885246956e-01 1.371259004702436414e+03
-2.736835321644614551e-03 -4.682084558228688303e-04 1.000000000000000000e+00
DSC_8243.JPG_max_x: 272.214
DSC_8243.JPG_min_x: 16.7683
DSC_8243.JPG_max_y: 1090.26
DSC_8243.JPG_min_y: 128.81
DSC_8306.JPG_max_x: 1321.56
DSC_8306.JPG_min_x: 93.4426
DSC_8306.JPG_max_y: 1600.34
DSC_8306.JPG_min_y: 1177.1
