8.296383433552735553e+00 9.652533667090073877e+00 -1.449440801241537883e+03
6.722486404536519577e-01 1.489081168394440624e+01 -1.598824437026548003e+04
-3.155445534031116848e-03 9.442483978252001753e-03 9.999999999999998890e-01
DSC_8452.JPG_max_x: 505.541
DSC_8452.JPG_min_x: 167.946
DSC_8452.JPG_max_y: 1985.02
DSC_8452.JPG_min_y: 1136.88
DSC_8471.JPG_max_x: 1306.53
DSC_8471.JPG_min_x: 976.19
DSC_8471.JPG_max_y: 769.02
DSC_8471.JPG_min_y: 112.361
