8.733986765383201512e-01 2.904442732695231011e-01 1.639815361650277623e+02
1.953354642385644491e+00 1.326003559762428674e+00 -1.317593086685912112e+03
6.679391464311141852e-04 7.278110860062247944e-05 1.000000000000000000e+00
DSC_8218.JPG_max_x: 1272.03
DSC_8218.JPG_min_x: 7.88829
DSC_8218.JPG_max_y: 1870.38
DSC_8218.JPG_min_y: 1051.9
DSC_8315.JPG_max_x: 795.848
DSC_8315.JPG_min_x: 421.745
DSC_8315.JPG_max_y: 1365.96
DSC_8315.JPG_min_y: 174.903
