-2.374427524990895932e+00 -9.565266466499191544e-01 1.321008485536329999e+03
-2.318294668810324394e-02 -2.902873635608818947e+00 3.008970475557703139e+03
-2.694527681552241565e-04 -1.295306579751437153e-03 1.000000000000000000e+00
DSC_8236.JPG_max_x: 366.813
DSC_8236.JPG_min_x: 188.88
DSC_8236.JPG_max_y: 1233.3
DSC_8236.JPG_min_y: 1077.24
DSC_8289.JPG_max_x: 1116.74
DSC_8289.JPG_min_x: 448.055
DSC_8289.JPG_max_y: 842.824
DSC_8289.JPG_min_y: 259.339
