4.108764643792473947e+01 1.501414866310310181e+01 -3.867971085177566420e+04
-7.870922370368768073e-01 3.626787837186954278e+01 -1.305147487261791639e+03
1.505588204206374445e-02 8.376819254381070654e-03 1.000000000000000000e+00
DSC_8195.JPG_max_x: 1329.14
DSC_8195.JPG_min_x: 857.579
DSC_8195.JPG_max_y: 1109.51
DSC_8195.JPG_min_y: 69.8262
DSC_8375.JPG_max_x: 1051.06
DSC_8375.JPG_min_x: 481.754
DSC_8375.JPG_max_y: 1596.03
DSC_8375.JPG_min_y: 21.025
