1.244735712385421911e+00 -6.655400304789632626e-02 1.195692748285484441e+02
3.588980111903076198e-01 6.016775702658897496e-01 4.726296062395659305e+02
3.648927894714038478e-04 -1.024829582821240077e-04 1.000000000000000000e+00
DSC_8222.JPG_max_x: 1209.58
DSC_8222.JPG_min_x: 173.595
DSC_8222.JPG_max_y: 1703.05
DSC_8222.JPG_min_y: 790.888
DSC_8472.JPG_max_x: 1209.99
DSC_8472.JPG_min_x: 294.453
DSC_8472.JPG_max_y: 1528.95
DSC_8472.JPG_min_y: 996.668
