-8.664565617876529302e+01 -3.130438454017663830e+01 3.900522642874038866e+04
5.749633501679488390e+00 -1.090802548975300112e+02 1.078763045682001393e+05
3.674492192720503307e-03 -4.171837267482119554e-02 1.000000000000000000e+00
DSC_8330.JPG_max_x: 758.89
DSC_8330.JPG_min_x: 60.4812
DSC_8330.JPG_max_y: 1976.8
DSC_8330.JPG_min_y: 1104.7
DSC_8405.JPG_max_x: 1158.03
DSC_8405.JPG_min_x: 153.249
DSC_8405.JPG_max_y: 1351.22
DSC_8405.JPG_min_y: 256.036
