1.194397246434512061e+00 2.383282044523281629e-01 -7.454248698932611887e+02
5.150448746380676540e-02 1.337943580229001839e+00 -1.300745192659122040e+03
2.246338777279253507e-04 4.175401846623518604e-04 1.000000000000000000e+00
DSC_8240.JPG_max_x: 1317.52
DSC_8240.JPG_min_x: 460.932
DSC_8240.JPG_max_y: 1477.57
DSC_8240.JPG_min_y: 983.318
DSC_8445.JPG_max_x: 621.085
DSC_8445.JPG_min_x: 75.3746
DSC_8445.JPG_max_y: 401.356
DSC_8445.JPG_min_y: 44.8467
