5.823040196221516140e-01 2.483705242624189014e-01 1.462383849399552957e+02
-2.517818514289529852e-01 1.279145196681646279e+00 -6.061346696452056904e+01
-2.935224562690402360e-04 3.344825229215400947e-04 1.000000000000000000e+00
DSC_8216.JPG_max_x: 1139.67
DSC_8216.JPG_min_x: 124.061
DSC_8216.JPG_max_y: 1392.86
DSC_8216.JPG_min_y: 520.631
DSC_8298.JPG_max_x: 1078.0
DSC_8298.JPG_min_x: 328.129
DSC_8298.JPG_max_y: 1223.76
DSC_8298.JPG_min_y: 566.376
