-6.286442787883844696e-03 -1.937037582435290561e+00 5.968149145226483370e+02
2.668334242621861030e+00 -6.722769271712145667e+00 3.282632377295584774e+03
2.487029710921836567e-03 -4.004742674364192463e-03 9.999999999999998890e-01
DSC_8242.JPG_max_x: 1303.13
DSC_8242.JPG_min_x: 10.5359
DSC_8242.JPG_max_y: 1891.29
DSC_8242.JPG_min_y: 777.636
DSC_8428.JPG_max_x: 1309.13
DSC_8428.JPG_min_x: 368.873
DSC_8428.JPG_max_y: 1710.56
DSC_8428.JPG_min_y: 971.94
