-1.042271869418019831e-01 2.125457459893936307e-01 8.384851505903011457e+02
-8.312719362726069816e-01 1.100143204221667892e+00 1.280032670643266329e+03
-6.061380419200948803e-04 4.526433641286717910e-04 1.000000000000000000e+00
DSC_8225.JPG_max_x: 747.838
DSC_8225.JPG_min_x: 135.32
DSC_8225.JPG_max_y: 1044.48
DSC_8225.JPG_min_y: 220.42
DSC_8396.JPG_max_x: 1084.18
DSC_8396.JPG_min_x: 796.077
DSC_8396.JPG_max_y: 1731.09
DSC_8396.JPG_min_y: 1390.83
