9.156106776882391163e-01 -2.508792504455922487e-02 1.166539177026037123e+03
2.878287022018817254e-01 1.398833832712861769e+00 -6.831537728205478288e+02
-2.527074228093318894e-04 3.747417911236483037e-04 9.999999999999998890e-01
DSC_8257.JPG_max_x: 544.141
DSC_8257.JPG_min_x: 18.5744
DSC_8257.JPG_max_y: 1519.21
DSC_8257.JPG_min_y: 613.505
DSC_8271.JPG_max_x: 1314.26
DSC_8271.JPG_min_x: 765.801
DSC_8271.JPG_max_y: 989.251
DSC_8271.JPG_min_y: 150.313
