4.480056946438945253e+00 -9.096936902823851701e-02 -1.027759800837637414e+02
3.457618102818203476e-01 4.403717215473190727e+00 -2.677198843268053224e+03
2.938576222121884181e-04 2.153829848807302665e-04 1.000000000000000000e+00
DSC_8236.JPG_max_x: 377.673
DSC_8236.JPG_min_x: 47.0139
DSC_8236.JPG_max_y: 1121.86
DSC_8236.JPG_min_y: 718.636
DSC_8304.JPG_max_x: 1106.53
DSC_8304.JPG_min_x: 24.4255
DSC_8304.JPG_max_y: 1784.88
DSC_8304.JPG_min_y: 448.518
