-6.488871634855712944e-01 -6.055599686673478477e-01 8.987938506367713671e+02
-6.054893264986416224e-01 -1.188282904913330329e+00 7.232039314203622098e+02
-1.156496629447955910e-03 -5.402573397516836429e-04 1.000000000000000000e+00
DSC_8237.JPG_max_x: 1300.92
DSC_8237.JPG_min_x: 205.148
DSC_8237.JPG_max_y: 1287.77
DSC_8237.JPG_min_y: 209.977
DSC_8255.JPG_max_x: 940.444
DSC_8255.JPG_min_x: 14.2477
DSC_8255.JPG_max_y: 1664.1
DSC_8255.JPG_min_y: 76.3786
