3.609528715714408476e-01 3.030447224549958074e-01 -5.034938469444972498e+02
-2.735515722566975172e-02 -1.069526659266049062e-01 4.860461414897437180e+02
-1.393100680956182752e-04 -4.356388917298281271e-04 1.000000000000000000e+00
DSC_8292.JPG_max_x: 1327.23
DSC_8292.JPG_min_x: 365.917
DSC_8292.JPG_max_y: 1748.06
DSC_8292.JPG_min_y: 702.906
DSC_8322.JPG_max_x: 1307.95
DSC_8322.JPG_min_x: 23.4714
DSC_8322.JPG_max_y: 1202.35
DSC_8322.JPG_min_y: 597.064
