2.402286205183266909e-01 -5.152271332233232526e-01 9.933767562687037298e+02
-2.328374026404879948e-01 6.289658225589327134e-02 1.073303397354532080e+03
-2.702781510697978827e-04 -3.251918179655976637e-04 1.000000000000000000e+00
DSC_8311.JPG_max_x: 560.194
DSC_8311.JPG_min_x: 16.2382
DSC_8311.JPG_max_y: 744.629
DSC_8311.JPG_min_y: 420.219
DSC_8474.JPG_max_x: 1262.73
DSC_8474.JPG_min_x: 901.421
DSC_8474.JPG_max_y: 1584.33
DSC_8474.JPG_min_y: 1292.33
