6.709779256710608486e-01 6.789478525276408660e-02 7.523938866658193092e+02
-2.526549328665208538e-01 1.052558630788901661e+00 -1.792813300400009098e+02
-2.778875167404882803e-04 7.380616909164020327e-05 1.000000000000000000e+00
DSC_8196.JPG_max_x: 592.952
DSC_8196.JPG_min_x: 203.155
DSC_8196.JPG_max_y: 1346.4
DSC_8196.JPG_min_y: 459.918
DSC_8214.JPG_max_x: 1327.56
DSC_8214.JPG_min_x: 935.017
DSC_8214.JPG_max_y: 1168.88
DSC_8214.JPG_min_y: 285.573
