1.076576654988074200e+00 -1.075570430825551899e-01 1.553675371647815382e+02
7.521720058995698399e-02 1.091108747092924824e+00 3.057180436385813209e+02
-1.010829329016221285e-04 -4.465064072035985284e-05 1.000000000000000000e+00
DSC_8253.JPG_max_x: 914.745
DSC_8253.JPG_min_x: 4.4818
DSC_8253.JPG_max_y: 951.093
DSC_8253.JPG_min_y: 529.422
DSC_8269.JPG_max_x: 1292.15
DSC_8269.JPG_min_x: 87.0163
DSC_8269.JPG_max_y: 1468.13
DSC_8269.JPG_min_y: 894.011
