1.939658398138050410e+00 4.608820257260662911e-01 -6.046967120458900808e+02
-1.378114371440420649e-01 2.405509018027709445e+00 -1.951715358981804229e+03
-1.552857774343251564e-04 5.094837517984689926e-04 9.999999999999998890e-01
DSC_8296.JPG_max_x: 1026.35
DSC_8296.JPG_min_x: 61.2917
DSC_8296.JPG_max_y: 1513.44
DSC_8296.JPG_min_y: 1068.35
DSC_8311.JPG_max_x: 1308.81
DSC_8311.JPG_min_x: 16.2382
DSC_8311.JPG_max_y: 954.601
DSC_8311.JPG_min_y: 358.713
