4.070579963187862527e-01 -9.004573984252537411e-01 1.170201259039249408e+03
6.769363641600180392e-02 -1.881960683715468152e-01 2.495983554262214170e+02
3.366413227380118164e-04 -7.668083456234346109e-04 1.000000000000000000e+00
DSC_8224.JPG_max_x: 775.618
DSC_8224.JPG_min_x: 12.0383
DSC_8224.JPG_max_y: 1655.56
DSC_8224.JPG_min_y: 1185.08
DSC_8415.JPG_max_x: 1279.85
DSC_8415.JPG_min_x: 577.693
DSC_8415.JPG_max_y: 1129.09
DSC_8415.JPG_min_y: 270.524
