8.349342329850352185e-01 -2.246030585184555228e-02 4.411559459978324753e+02
8.826871782423917345e-02 6.939191243911123630e-01 4.077556010780170368e+02
6.950496416740493640e-05 -5.984993422530254846e-05 1.000000000000000000e+00
DSC_8220.JPG_max_x: 1128.47
DSC_8220.JPG_min_x: 5.38297
DSC_8220.JPG_max_y: 1722.07
DSC_8220.JPG_min_y: 752.687
DSC_8398.JPG_max_x: 1326.5
DSC_8398.JPG_min_x: 456.79
DSC_8398.JPG_max_y: 1767.98
DSC_8398.JPG_min_y: 984.569
