-1.615570562023703971e+00 -4.740883094953484700e-01 1.151235951488134106e+03
-2.157105528303649322e+00 -6.171977583272437728e-01 1.538666406988229255e+03
-1.406181386531536867e-03 -4.113341058474150502e-04 1.000000000000000000e+00
DSC_8217.JPG_max_x: 713.108
DSC_8217.JPG_min_x: 524.53
DSC_8217.JPG_max_y: 956.972
DSC_8217.JPG_min_y: 297.311
DSC_8329.JPG_max_x: 1228.21
DSC_8329.JPG_min_x: 851.315
DSC_8329.JPG_max_y: 1557.68
DSC_8329.JPG_min_y: 102.327
