5.504162336940151556e-01 -2.171538332827295248e-01 8.565969310003732744e+02
-6.809906998910644216e-01 1.128301936554357399e+00 1.220758228434987558e+02
-6.580023194624997273e-04 -1.307504986346693960e-04 9.999999999999998890e-01
DSC_8264.JPG_max_x: 356.641
DSC_8264.JPG_min_x: 19.4188
DSC_8264.JPG_max_y: 1251.38
DSC_8264.JPG_min_y: 573.436
DSC_8438.JPG_max_x: 1327.3
DSC_8438.JPG_min_x: 793.949
DSC_8438.JPG_max_y: 1884.03
DSC_8438.JPG_min_y: 789.475
