2.270987277254906456e+00 5.575825988472439265e-01 -9.039510333606065160e+02
-9.887562348790507674e-03 2.675869242633209577e+00 -2.485408759273669602e+03
-4.003536291754359404e-06 8.368660289929163781e-04 1.000000000000000000e+00
DSC_8430.JPG_max_x: 1314.05
DSC_8430.JPG_min_x: 235.268
DSC_8430.JPG_max_y: 1771.04
DSC_8430.JPG_min_y: 979.466
DSC_8431.JPG_max_x: 1328.54
DSC_8431.JPG_min_x: 196.431
DSC_8431.JPG_max_y: 899.129
DSC_8431.JPG_min_y: 65.9066
