2.033409252843107140e+00 7.046981749279394025e-01 1.123208722931641290e+02
-2.727569603782185048e-01 2.645166936540699787e+00 -3.814704057842180191e+03
-1.354759151173747813e-04 9.483257648774018377e-04 9.999999999999998890e-01
DSC_8330.JPG_max_x: 782.304
DSC_8330.JPG_min_x: 352.605
DSC_8330.JPG_max_y: 1976.8
DSC_8330.JPG_min_y: 1498.12
DSC_8217.JPG_max_x: 1150.07
DSC_8217.JPG_min_x: 797.457
DSC_8217.JPG_max_y: 431.246
DSC_8217.JPG_min_y: 16.6059
