-1.994819727434672396e-01 -3.672123986154600395e-02 2.404809792666066528e+02
-1.039339920557301511e+00 1.161067932321372953e-01 1.150177349813555338e+03
-9.031981506309877394e-04 1.206254753277841363e-04 1.000000000000000000e+00
DSC_8195.JPG_max_x: 1327.37
DSC_8195.JPG_min_x: 1110.63
DSC_8195.JPG_max_y: 1109.51
DSC_8195.JPG_min_y: 20.5026
DSC_8216.JPG_max_x: 1108.18
DSC_8216.JPG_min_x: 39.5146
DSC_8216.JPG_max_y: 1582.24
DSC_8216.JPG_min_y: 720.184
