-3.602644042939815439e-01 -9.168983682188507067e-02 4.063352741804640118e+02
-1.237751529914018045e+00 -6.140257270863314076e-01 1.413620024235251094e+03
-9.073427387485247025e-04 -3.709438208481665540e-04 1.000000000000000000e+00
DSC_8455.JPG_max_x: 1328.67
DSC_8455.JPG_min_x: 754.085
DSC_8455.JPG_max_y: 801.593
DSC_8455.JPG_min_y: 255.437
DSC_8456.JPG_max_x: 407.944
DSC_8456.JPG_min_x: 16.8705
DSC_8456.JPG_max_y: 1712.32
DSC_8456.JPG_min_y: 668.949
