-9.325987556803193579e-01 -8.734905669555390051e-02 8.259338535943097668e+02
-4.418085093295236021e+00 2.363360242906295206e+00 1.847737477237359599e+03
-3.312008301382277607e-03 2.434945206776036822e-03 9.999999999999998890e-01
DSC_8271.JPG_max_x: 1267.42
DSC_8271.JPG_min_x: 667.216
DSC_8271.JPG_max_y: 798.076
DSC_8271.JPG_min_y: 50.302
DSC_8306.JPG_max_x: 292.619
DSC_8306.JPG_min_x: 15.432
DSC_8306.JPG_max_y: 1410.1
DSC_8306.JPG_min_y: 1074.7
