-1.909824370164127538e+00 4.385988561185091839e-01 1.403641803054024194e+03
-1.960893237651467391e+00 -3.269066079601178898e-01 1.544544832606531145e+03
-2.109479120200990262e-03 7.443364405347952309e-04 1.000000000000000000e+00
DSC_8294.JPG_max_x: 1314.75
DSC_8294.JPG_min_x: 988.845
DSC_8294.JPG_max_y: 1331.16
DSC_8294.JPG_min_y: 500.89
DSC_8426.JPG_max_x: 664.087
DSC_8426.JPG_min_x: 237.765
DSC_8426.JPG_max_y: 1960.1
DSC_8426.JPG_min_y: 811.117
