2.497416139028072468e-01 -4.868285623418450170e-01 1.008044052698094561e+03
5.456700733688688715e-02 4.587269889293692920e-02 5.646883050825899772e+02
-9.230341518836910480e-05 -2.904996342643812487e-04 1.000000000000000000e+00
DSC_8207.JPG_max_x: 1224.78
DSC_8207.JPG_min_x: 74.6637
DSC_8207.JPG_max_y: 1611.07
DSC_8207.JPG_min_y: 948.105
DSC_8383.JPG_max_x: 1300.01
DSC_8383.JPG_min_x: 738.058
DSC_8383.JPG_max_y: 1645.5
DSC_8383.JPG_min_y: 867.75
