6.298512758921431809e-01 -8.414506644453631501e-03 2.897759305429886467e+01
3.247975953934599536e-02 6.396760217354943157e-01 2.621580947536144208e+02
5.015678002828110796e-05 -2.019099910708644621e-05 1.000000000000000000e+00
DSC_8194.JPG_max_x: 1316.17
DSC_8194.JPG_min_x: 214.793
DSC_8194.JPG_max_y: 1537.62
DSC_8194.JPG_min_y: 298.331
DSC_8246.JPG_max_x: 798.037
DSC_8246.JPG_min_x: 143.305
DSC_8246.JPG_max_y: 1236.59
DSC_8246.JPG_min_y: 485.867
