-2.501316797815107407e-01 -6.056268746140144321e-01 9.813734855972323885e+02
-7.019806710219231305e-02 -7.371029988314470316e-02 1.272144907172607446e+02
-2.485782523791070378e-04 -6.177784626144279187e-04 9.999999999999998890e-01
DSC_8336.JPG_max_x: 410.745
DSC_8336.JPG_min_x: 72.6747
DSC_8336.JPG_max_y: 1688.86
DSC_8336.JPG_min_y: 860.956
DSC_8399.JPG_max_x: 1081.92
DSC_8399.JPG_min_x: 804.96
DSC_8399.JPG_max_y: 616.585
DSC_8399.JPG_min_y: 29.1577
