7.393180586387331221e-01 -2.540233358572509537e-01 2.891879532436028057e+02
8.859428949170126966e-02 4.644653587578550513e-01 8.584463667230860437e+02
-5.788176528455819238e-06 -2.412367826650754961e-04 1.000000000000000000e+00
DSC_8195.JPG_max_x: 1327.37
DSC_8195.JPG_min_x: 113.206
DSC_8195.JPG_max_y: 1050.87
DSC_8195.JPG_min_y: 28.8491
DSC_8214.JPG_max_x: 1309.61
DSC_8214.JPG_min_x: 274.714
DSC_8214.JPG_max_y: 1938.58
DSC_8214.JPG_min_y: 897.007
