6.062282308163651656e+00 -1.093962966552749272e+00 -3.777836817137464095e+03
8.286016728205060744e+00 -1.833432131612317662e+00 -2.760492152161662943e+03
6.006371538333793274e-03 -4.285234215918603921e-03 1.000000000000000000e+00
DSC_8262.JPG_max_x: 1264.91
DSC_8262.JPG_min_x: 222.938
DSC_8262.JPG_max_y: 1580.54
DSC_8262.JPG_min_y: 515.397
DSC_8438.JPG_max_x: 801.407
DSC_8438.JPG_min_x: 15.3245
DSC_8438.JPG_max_y: 1773.99
DSC_8438.JPG_min_y: 646.963
