-4.841136097315953402e-01 -8.415423014278693437e-01 1.091530259032415643e+03
1.384672259834461849e-01 -9.962885559480408881e-01 9.040031769227118730e+02
2.399498662480694126e-04 -1.483431184857887794e-03 1.000000000000000000e+00
DSC_8272.JPG_max_x: 1090.39
DSC_8272.JPG_min_x: 321.468
DSC_8272.JPG_max_y: 1692.6
DSC_8272.JPG_min_y: 1151.04
DSC_8453.JPG_max_x: 765.477
DSC_8453.JPG_min_x: 243.674
DSC_8453.JPG_max_y: 1031.41
DSC_8453.JPG_min_y: 218.396
