6.794616524352671272e-01 -2.908414027281567837e-01 3.358572302177162214e+02
-9.884484734815128515e-02 2.250687060141977058e-01 1.211556005090563076e+03
-6.306432515976600638e-05 -3.245434965954694436e-04 1.000000000000000000e+00
DSC_8363.JPG_max_x: 1017.39
DSC_8363.JPG_min_x: 61.5389
DSC_8363.JPG_max_y: 830.607
DSC_8363.JPG_min_y: 80.9288
DSC_8376.JPG_max_x: 1134.67
DSC_8376.JPG_min_x: 231.979
DSC_8376.JPG_max_y: 1928.25
DSC_8376.JPG_min_y: 1261.02
