-6.792927786513394128e-01 3.729899824589411744e-02 7.408558726190582320e+02
-1.225302236082365104e+00 -2.812727497205597116e-01 1.527316763584293994e+03
-1.018592231201417625e-03 8.923929865429441422e-05 1.000000000000000000e+00
DSC_8246.JPG_max_x: 1327.95
DSC_8246.JPG_min_x: 710.629
DSC_8246.JPG_max_y: 1079.53
DSC_8246.JPG_min_y: 668.153
DSC_8404.JPG_max_x: 730.181
DSC_8404.JPG_min_x: 88.7688
DSC_8404.JPG_max_y: 1674.09
DSC_8404.JPG_min_y: 959.63
