6.290069013320095381e-01 2.778789895473365856e-01 2.589367832066815254e+02
-3.510771980068514569e-02 7.275201979559406951e-01 9.690575031949815354e+01
-8.792828854383729058e-05 3.148858218275974482e-04 1.000000000000000000e+00
DSC_8271.JPG_max_x: 1206.88
DSC_8271.JPG_min_x: 22.3405
DSC_8271.JPG_max_y: 1345.85
DSC_8271.JPG_min_y: 38.5152
DSC_8321.JPG_max_x: 1101.66
DSC_8321.JPG_min_x: 396.512
DSC_8321.JPG_max_y: 740.511
DSC_8321.JPG_min_y: 107.619
