1.195980808437985932e+00 -1.198344175109921639e-01 -3.314967336835344440e+02
2.956284553969850126e-01 9.986144701053557560e-01 9.682152518935036767e+01
2.390499694737115090e-04 2.328687200609490588e-05 9.999999999999998890e-01
DSC_8336.JPG_max_x: 1329.33
DSC_8336.JPG_min_x: 374.401
DSC_8336.JPG_max_y: 1504.18
DSC_8336.JPG_min_y: 638.53
DSC_8352.JPG_max_x: 828.018
DSC_8352.JPG_min_x: 20.8824
DSC_8352.JPG_max_y: 1500.64
DSC_8352.JPG_min_y: 782.959
