1.202500036827017116e+00 -2.832265138952013706e-01 -4.127966190482073330e+02
2.091229533161537146e-01 5.212470683775752844e-01 1.221052102035000644e+03
6.981439902475848592e-05 -3.841350217654810402e-04 1.000000000000000000e+00
DSC_8331.JPG_max_x: 1260.75
DSC_8331.JPG_min_x: 388.396
DSC_8331.JPG_max_y: 529.666
DSC_8331.JPG_min_y: 10.1339
DSC_8420.JPG_max_x: 1037.53
DSC_8420.JPG_min_x: 10.8565
DSC_8420.JPG_max_y: 1961.59
DSC_8420.JPG_min_y: 1290.57
