1.373398608429824863e+00 6.020921268198544535e-02 -1.760049417641720026e+02
-1.674560181594298217e-02 1.418758044827777232e+00 -1.342892228047025753e+02
-8.289917574894703579e-06 9.266969395189088169e-05 1.000000000000000000e+00
DSC_8399.JPG_max_x: 1081.92
DSC_8399.JPG_min_x: 361.779
DSC_8399.JPG_max_y: 852.553
DSC_8399.JPG_min_y: 107.551
DSC_8417.JPG_max_x: 1295.5
DSC_8417.JPG_min_x: 327.452
DSC_8417.JPG_max_y: 984.306
DSC_8417.JPG_min_y: 4.45014
