7.521514127894284307e-01 -4.055983434676757593e-02 1.182374022219616108e+03
-1.535195273201520327e-01 7.905676075942872361e-01 3.921109400188873906e+02
-1.913901252763201561e-04 -5.010578839228953788e-05 1.000000000000000000e+00
DSC_8354.JPG_max_x: 110.23
DSC_8354.JPG_min_x: 4.9757
DSC_8354.JPG_max_y: 1517.5
DSC_8354.JPG_min_y: 801.159
DSC_8396.JPG_max_x: 1324.31
DSC_8396.JPG_min_x: 1209.45
DSC_8396.JPG_max_y: 1743.24
DSC_8396.JPG_min_y: 1072.62
