4.125675230251069636e-01 -3.842840759074765689e-02 1.866564978749222803e+02
2.431704626844392869e-02 3.884103441392849354e-01 2.348060970961408955e+01
3.143763194290774950e-05 -1.135487965845320110e-04 1.000000000000000000e+00
DSC_8319.JPG_max_x: 1068.6
DSC_8319.JPG_min_x: 121.349
DSC_8319.JPG_max_y: 1361.67
DSC_8319.JPG_min_y: 63.4736
DSC_8379.JPG_max_x: 644.766
DSC_8379.JPG_min_x: 233.075
DSC_8379.JPG_max_y: 648.187
DSC_8379.JPG_min_y: 51.9426
