-3.755649041783139519e-01 8.021786963137186866e-02 2.992814081209987194e+02
-2.983246661567593994e-01 -2.567750334275502588e-01 5.915575400893696951e+02
-1.196458666235200759e-03 1.619877526636828908e-04 1.000000000000000000e+00
DSC_8250.JPG_max_x: 1266.61
DSC_8250.JPG_min_x: 1073.92
DSC_8250.JPG_max_y: 1295.74
DSC_8250.JPG_min_y: 1044.77
DSC_8449.JPG_max_x: 797.987
DSC_8449.JPG_min_x: 8.00185
DSC_8449.JPG_max_y: 487.094
DSC_8449.JPG_min_y: 41.792
