1.942276866088565646e+00 -1.465476517611807583e-01 3.122254269136177527e+02
8.780436029343311466e-01 1.540384022699705868e+00 -2.319640092826874138e+02
6.329762832547560685e-04 -1.299166977191692726e-04 1.000000000000000000e+00
DSC_8216.JPG_max_x: 870.557
DSC_8216.JPG_min_x: 5.00906
DSC_8216.JPG_max_y: 1246.21
DSC_8216.JPG_min_y: 507.534
DSC_8360.JPG_max_x: 1312.6
DSC_8360.JPG_min_x: 210.72
DSC_8360.JPG_max_y: 1965.96
DSC_8360.JPG_min_y: 719.514
