-2.965382756833825795e+00 -1.204954421874584902e+01 8.923408454844533480e+03
1.380884768468286339e+00 -5.540435184876607799e+00 -5.570328099073683916e+03
-4.230146412507219088e-03 -1.424501247565421831e-03 1.000000000000000000e+00
DSC_8253.JPG_max_x: 1232.8
DSC_8253.JPG_min_x: 1018.64
DSC_8253.JPG_max_y: 833.535
DSC_8253.JPG_min_y: 550.37
DSC_8273.JPG_max_x: 903.366
DSC_8273.JPG_min_x: 257.156
DSC_8273.JPG_max_y: 1829.75
DSC_8273.JPG_min_y: 1412.79
