2.296108529257435416e-01 -1.453879419463842762e-02 4.477179832231806245e+02
-1.601664001792623415e-01 4.470448217656270429e-01 6.856725193222112011e+02
-1.483182584894366816e-04 5.635564817620782450e-06 1.000000000000000000e+00
DSC_8240.JPG_max_x: 1300.45
DSC_8240.JPG_min_x: 28.0237
DSC_8240.JPG_max_y: 1716.65
DSC_8240.JPG_min_y: 917.167
DSC_8380.JPG_max_x: 894.423
DSC_8380.JPG_min_x: 433.273
DSC_8380.JPG_max_y: 1451.7
DSC_8380.JPG_min_y: 1091.75
