2.519622902783174578e-01 -1.984966741574679117e-01 -2.326535635407720548e+01
3.902783781036374133e-01 -8.479682523012134210e-01 7.816670301896363071e+02
1.681344237471441309e-04 -8.532638369365099429e-04 1.000000000000000000e+00
DSC_8292.JPG_max_x: 1327.23
DSC_8292.JPG_min_x: 407.974
DSC_8292.JPG_max_y: 1507.32
DSC_8292.JPG_min_y: 705.258
DSC_8428.JPG_max_x: 1297.43
DSC_8428.JPG_min_x: 11.5722
DSC_8428.JPG_max_y: 1742.54
DSC_8428.JPG_min_y: 938.797
