-3.808480252432899782e+00 -8.027213564912448751e-01 3.498513990490015658e+03
1.328604300951732042e-01 -3.604681352775929604e+00 3.618284437307000644e+03
-4.230878143856529861e-04 -1.278270903019120388e-03 1.000000000000000000e+00
DSC_8234.JPG_max_x: 962.24
DSC_8234.JPG_min_x: 875.736
DSC_8234.JPG_max_y: 1272.63
DSC_8234.JPG_min_y: 1070.49
DSC_8469.JPG_max_x: 1302.51
DSC_8469.JPG_min_x: 906.006
DSC_8469.JPG_max_y: 818.949
DSC_8469.JPG_min_y: 166.369
