1.788954707491120233e-01 -2.539567051226374050e-01 8.817046611484713594e+02
-2.814069605949851560e-01 -2.108456922854790375e-02 1.019991369673249096e+03
-2.200189243408756168e-04 -2.603427858974962186e-04 1.000000000000000000e+00
DSC_8326.JPG_max_x: 786.486
DSC_8326.JPG_min_x: 18.505
DSC_8326.JPG_max_y: 1855.65
DSC_8326.JPG_min_y: 674.494
DSC_8442.JPG_max_x: 1213.75
DSC_8442.JPG_min_x: 814.044
DSC_8442.JPG_max_y: 1963.22
DSC_8442.JPG_min_y: 1164.54
