8.215283559591842755e-01 3.342721181574453970e-02 -5.674748265580778934e+02
1.258917251297232975e-01 2.321195845753232789e-01 1.199119159505743482e+03
6.559133521663946989e-05 -3.518317585758274106e-04 1.000000000000000000e+00
DSC_8217.JPG_max_x: 1324.97
DSC_8217.JPG_min_x: 737.883
DSC_8217.JPG_max_y: 601.541
DSC_8217.JPG_min_y: 63.4377
DSC_8248.JPG_max_x: 574.006
DSC_8248.JPG_min_x: 44.337
DSC_8248.JPG_max_y: 1707.63
DSC_8248.JPG_min_y: 1278.85
