6.880764591150831944e-01 -3.694559476840749701e-01 1.429554255171648720e+03
2.480430595108769343e-01 1.403510199741569542e+00 -5.777778719665183189e+02
-4.045688232454380806e-04 2.814985731181807150e-04 1.000000000000000000e+00
DSC_8193.JPG_max_x: 848.141
DSC_8193.JPG_min_x: 12.7991
DSC_8193.JPG_max_y: 1868.89
DSC_8193.JPG_min_y: 1072.52
DSC_8207.JPG_max_x: 1331.42
DSC_8207.JPG_min_x: 585.792
DSC_8207.JPG_max_y: 1760.02
DSC_8207.JPG_min_y: 897.506
