-4.316665603868112266e-01 -8.583109709975601520e-01 8.338336708672676423e+02
-3.677770231203894014e-01 -5.444204220906578851e-01 5.433601044487146510e+02
-5.795012519824237034e-04 -1.017010283280366228e-03 1.000000000000000000e+00
DSC_8227.JPG_max_x: 802.642
DSC_8227.JPG_min_x: 19.2636
DSC_8227.JPG_max_y: 1509.03
DSC_8227.JPG_min_y: 440.173
DSC_8243.JPG_max_x: 1246.54
DSC_8243.JPG_min_x: 81.5023
DSC_8243.JPG_max_y: 941.859
DSC_8243.JPG_min_y: 96.1627
