2.619986720405739766e-01 3.643195494274870105e-02 -2.920865238334778269e+02
-2.706795937854534206e-01 5.162541441110423124e-01 3.696441914906275770e+02
-3.159637623484929238e-04 4.911324054468421696e-05 9.999999999999998890e-01
DSC_8242.JPG_max_x: 1302.9
DSC_8242.JPG_min_x: 1025.94
DSC_8242.JPG_max_y: 1727.41
DSC_8242.JPG_min_y: 561.606
DSC_8276.JPG_max_x: 174.754
DSC_8276.JPG_min_x: 3.23001
DSC_8276.JPG_max_y: 1311.54
DSC_8276.JPG_min_y: 491.617
