8.168132843168808555e-02 1.246189257083555740e-01 3.215917709794271104e+02
-3.732795477213872726e-01 2.177432670186464636e-01 6.709288556009375952e+02
-2.593411836788037301e-04 -2.359558887303000595e-04 1.000000000000000000e+00
DSC_8354.JPG_max_x: 871.426
DSC_8354.JPG_min_x: 8.73949
DSC_8354.JPG_max_y: 1503.86
DSC_8354.JPG_min_y: 801.159
DSC_8428.JPG_max_x: 1254.14
DSC_8428.JPG_min_x: 564.966
DSC_8428.JPG_max_y: 1566.42
DSC_8428.JPG_min_y: 990.35
