1.557161407512968054e+00 6.376525818367038134e-01 -1.651915200662122743e+03
-1.762223255439489544e-01 1.079971720214299769e+00 6.343632659835710683e+02
1.184251213061706396e-03 -1.401963504897938556e-04 1.000000000000000000e+00
DSC_8207.JPG_max_x: 1315.92
DSC_8207.JPG_min_x: 629.893
DSC_8207.JPG_max_y: 1611.07
DSC_8207.JPG_min_y: 366.064
DSC_8213.JPG_max_x: 567.232
DSC_8213.JPG_min_x: 31.3393
DSC_8213.JPG_max_y: 1180.29
DSC_8213.JPG_min_y: 328.561
