5.496848925722295220e-01 -3.474384777519162193e-01 9.656421814277614430e+02
-4.662888932576454704e-02 1.216411174734358891e+00 -1.253054567624191975e+02
-5.123148791962501333e-04 2.249024189160034987e-04 1.000000000000000000e+00
DSC_8309.JPG_max_x: 594.544
DSC_8309.JPG_min_x: 30.7774
DSC_8309.JPG_max_y: 1311.31
DSC_8309.JPG_min_y: 342.927
DSC_8323.JPG_max_x: 1317.08
DSC_8323.JPG_min_x: 702.416
DSC_8323.JPG_max_y: 1386.26
DSC_8323.JPG_min_y: 335.075
