2.229947875390175249e-01 -1.733076411376207326e-01 7.407778019008038655e+02
-2.471912236348658698e-01 5.483760957224322885e-01 9.784040266641005701e+02
-3.230281049313290316e-04 1.461733133190240303e-04 1.000000000000000000e+00
DSC_8273.JPG_max_x: 1061.26
DSC_8273.JPG_min_x: 198.385
DSC_8273.JPG_max_y: 1573.35
DSC_8273.JPG_min_y: 171.658
DSC_8320.JPG_max_x: 1307.78
DSC_8320.JPG_min_x: 478.085
DSC_8320.JPG_max_y: 1596.19
DSC_8320.JPG_min_y: 1082.0
