-4.818574462965560801e-01 -3.846702590634137886e-01 8.615533611777786973e+02
-6.915287038049415524e-02 -7.177797011924923476e-01 1.026542346225849997e+03
-1.957768314154275432e-04 -7.205222882685012164e-04 1.000000000000000000e+00
DSC_8238.JPG_max_x: 1262.73
DSC_8238.JPG_min_x: 458.377
DSC_8238.JPG_max_y: 1749.6
DSC_8238.JPG_min_y: 1340.47
DSC_8241.JPG_max_x: 1247.59
DSC_8241.JPG_min_x: 12.5507
DSC_8241.JPG_max_y: 740.964
DSC_8241.JPG_min_y: 135.365
