8.340999079258540894e-01 4.257600652168565952e-02 -8.319836873593897053e+02
-8.586283219756722651e-02 9.693520769938186454e-01 1.415384848483644873e+03
4.434696402825353168e-05 1.412996404025442302e-04 1.000000000000000000e+00
DSC_8291.JPG_max_x: 1321.39
DSC_8291.JPG_min_x: 1017.97
DSC_8291.JPG_max_y: 907.887
DSC_8291.JPG_min_y: 233.179
DSC_8472.JPG_max_x: 254.573
DSC_8472.JPG_min_x: 39.1641
DSC_8472.JPG_max_y: 1858.37
DSC_8472.JPG_min_y: 1427.11
