-7.619653974183165923e-01 -1.093664897705137889e-01 7.540686575695171996e+02
-2.024767733614123433e+00 -5.532394563704735591e-01 1.488550938421463798e+03
-1.571823243756197272e-03 -4.075584029893159795e-05 9.999999999999998890e-01
DSC_8307.JPG_max_x: 1304.57
DSC_8307.JPG_min_x: 397.234
DSC_8307.JPG_max_y: 880.052
DSC_8307.JPG_min_y: 340.351
DSC_8454.JPG_max_x: 1129.1
DSC_8454.JPG_min_x: 58.0908
DSC_8454.JPG_max_y: 1631.76
DSC_8454.JPG_min_y: 1241.61
