2.196200582783597532e+00 2.995469195433789200e-01 -7.696709113604969161e+02
4.014176244346671918e-02 2.252881311687080945e+00 -2.524826071140166732e+03
1.919266241782201557e-04 4.926283997320270473e-04 1.000000000000000000e+00
DSC_8346.JPG_max_x: 1318.03
DSC_8346.JPG_min_x: 444.533
DSC_8346.JPG_max_y: 1980.04
DSC_8346.JPG_min_y: 890.131
DSC_8347.JPG_max_x: 1326.76
DSC_8347.JPG_min_x: 351.119
DSC_8347.JPG_max_y: 916.039
DSC_8347.JPG_min_y: 22.2157
