-6.518100001560661383e+00 -1.655169604723964794e+00 1.643955990975068289e+03
-1.946036559368957697e-02 -7.554434615148363008e+00 7.352283489152211587e+03
-3.162293039933525285e-04 -2.609516432853063381e-03 1.000000000000000000e+00
DSC_8236.JPG_max_x: 366.813
DSC_8236.JPG_min_x: 36.5948
DSC_8236.JPG_max_y: 1233.3
DSC_8236.JPG_min_y: 1065.83
DSC_8465.JPG_max_x: 1207.87
DSC_8465.JPG_min_x: 240.87
DSC_8465.JPG_max_y: 858.508
DSC_8465.JPG_min_y: 385.594
