6.300649868151066979e-01 -1.209932845304237115e-01 -8.584894139760478993e+01
6.998321661917714098e-02 1.208662374086107577e-01 1.101775391183184865e+03
-1.552257478487923656e-05 -3.726567235388576977e-04 1.000000000000000000e+00
DSC_8233.JPG_max_x: 846.8
DSC_8233.JPG_min_x: 190.015
DSC_8233.JPG_max_y: 661.347
DSC_8233.JPG_min_y: 90.2078
DSC_8264.JPG_max_x: 472.267
DSC_8264.JPG_min_x: 15.8771
DSC_8264.JPG_max_y: 1654.94
DSC_8264.JPG_min_y: 1178.76
