1.797443117194217066e-01 -2.887778387245080181e-01 8.585976788530045951e+02
-4.493607690991409109e-01 4.562691695580777251e-01 3.570085543844214158e+02
-5.265018304711504725e-04 -1.151137060358128564e-04 1.000000000000000000e+00
DSC_8292.JPG_max_x: 720.927
DSC_8292.JPG_min_x: 35.0295
DSC_8292.JPG_max_y: 1785.53
DSC_8292.JPG_min_y: 684.183
DSC_8320.JPG_max_x: 1331.56
DSC_8320.JPG_min_x: 479.884
DSC_8320.JPG_max_y: 1562.89
DSC_8320.JPG_min_y: 630.538
