-4.917061627757276909e+01 -2.209773604748351161e+01 4.408625714220575901e+04
9.858175740397294717e+00 -6.370658516510429337e+01 7.331087042930214375e+04
5.762795887314940517e-03 -3.833456942655383282e-02 1.000000000000000000e+00
DSC_8366.JPG_max_x: 1322.77
DSC_8366.JPG_min_x: 500.266
DSC_8366.JPG_max_y: 1850.75
DSC_8366.JPG_min_y: 1400.94
DSC_8381.JPG_max_x: 1061.26
DSC_8381.JPG_min_x: 242.567
DSC_8381.JPG_max_y: 563.682
DSC_8381.JPG_min_y: 151.636
