1.612574584336203154e+00 -1.524133601596946996e-01 1.116394914986332338e+02
1.189201256163900933e+00 1.341524161533280912e+00 -9.629430245370724606e+01
1.058935440314998436e-03 -2.106338423088573207e-04 1.000000000000000000e+00
DSC_8280.JPG_max_x: 348.667
DSC_8280.JPG_min_x: 71.5943
DSC_8280.JPG_max_y: 980.815
DSC_8280.JPG_min_y: 365.034
DSC_8434.JPG_max_x: 473.741
DSC_8434.JPG_min_x: 128.057
DSC_8434.JPG_max_y: 1436.25
DSC_8434.JPG_min_y: 490.61
