-8.183550896676572428e-01 1.335703777945814186e-01 5.476603373922976061e+02
-2.948886389047734813e+00 3.522943155046190933e-01 1.667955553317476642e+03
-2.017052951276536357e-03 5.356415525050165676e-04 1.000000000000000000e+00
DSC_8227.JPG_max_x: 1299.55
DSC_8227.JPG_min_x: 302.311
DSC_8227.JPG_max_y: 929.752
DSC_8227.JPG_min_y: 272.481
DSC_8244.JPG_max_x: 491.264
DSC_8244.JPG_min_x: 15.4242
DSC_8244.JPG_max_y: 1788.01
DSC_8244.JPG_min_y: 1329.13
