1.345356035489873925e+00 -7.622567800303429175e-01 -1.084091086115832240e+03
1.262303328129190438e+00 -2.806782724809854024e+00 1.150375304311804712e+03
6.266277147859787133e-04 -2.523041807578731491e-03 9.999999999999998890e-01
DSC_8347.JPG_max_x: 1282.87
DSC_8347.JPG_min_x: 889.111
DSC_8347.JPG_max_y: 311.537
DSC_8347.JPG_min_y: 102.847
DSC_8420.JPG_max_x: 427.664
DSC_8420.JPG_min_x: 10.8565
DSC_8420.JPG_max_y: 1837.43
DSC_8420.JPG_min_y: 1537.39
