5.241691639298707850e-01 -1.439141166850182452e-01 1.351860470438294897e+02
-1.862484253257967459e-01 1.144206504489070131e+00 1.124493328991712588e+03
-1.806627221138020216e-04 5.065621963706859942e-04 1.000000000000000000e+00
DSC_8229.JPG_max_x: 1087.89
DSC_8229.JPG_min_x: 35.4356
DSC_8229.JPG_max_y: 657.416
DSC_8229.JPG_min_y: 165.437
DSC_8456.JPG_max_x: 817.187
DSC_8456.JPG_min_x: 16.8705
DSC_8456.JPG_max_y: 1416.93
DSC_8456.JPG_min_y: 1249.25
