1.443544577659505501e+00 9.225793789730140082e-01 -5.629942047352674308e+02
8.450052869740072581e-02 5.240178787197301569e-01 5.948400422383683690e+02
6.597713378128606610e-04 -5.374645276960223660e-05 1.000000000000000000e+00
DSC_8203.JPG_max_x: 1185.09
DSC_8203.JPG_min_x: 369.647
DSC_8203.JPG_max_y: 696.996
DSC_8203.JPG_min_y: 122.936
DSC_8429.JPG_max_x: 808.651
DSC_8429.JPG_min_x: 228.816
DSC_8429.JPG_max_y: 733.788
DSC_8429.JPG_min_y: 405.077
