1.263530909190229812e+00 -2.979534212607074517e-01 -2.663169407843410568e+02
2.672874405390682218e-01 6.137084191916065690e-01 9.386492304098634349e+02
1.380301206924228847e-04 -3.436216224275972109e-04 1.000000000000000000e+00
DSC_8335.JPG_max_x: 1211.31
DSC_8335.JPG_min_x: 258.114
DSC_8335.JPG_max_y: 759.422
DSC_8335.JPG_min_y: 2.53289
DSC_8448.JPG_max_x: 1179.12
DSC_8448.JPG_min_x: 15.3389
DSC_8448.JPG_max_y: 1935.27
DSC_8448.JPG_min_y: 969.842
