-5.691525919665533229e-01 -9.426780727905910151e-01 1.083829534938971847e+03
-1.707722168938314300e-01 -8.495890933098827480e-01 9.987795374948079825e+02
-5.158033186037020226e-04 -8.849611942869037035e-04 1.000000000000000000e+00
DSC_8330.JPG_max_x: 562.147
DSC_8330.JPG_min_x: 11.7039
DSC_8330.JPG_max_y: 1850.16
DSC_8330.JPG_min_y: 1083.62
DSC_8403.JPG_max_x: 1153.48
DSC_8403.JPG_min_x: 734.651
DSC_8403.JPG_max_y: 980.182
DSC_8403.JPG_min_y: 106.618
