2.919507924949249933e+00 5.212681549678616078e-01 -1.690610365634286154e+03
-7.974002607093007011e-01 3.124752929944810020e+00 -1.961908694729719400e+03
-9.785333129259633170e-04 7.498007392573832926e-04 1.000000000000000000e+00
DSC_8264.JPG_max_x: 662.257
DSC_8264.JPG_min_x: 346.226
DSC_8264.JPG_max_y: 1519.58
DSC_8264.JPG_min_y: 747.563
DSC_8437.JPG_max_x: 676.298
DSC_8437.JPG_min_x: 22.3793
DSC_8437.JPG_max_y: 1430.52
DSC_8437.JPG_min_y: 19.5454
