-1.014304267106845892e+01 -1.206240952286427515e+01 1.063096296659174732e+04
4.544504909766962086e+00 -5.277518738591214031e+01 1.873275166297733449e+04
4.984708104673806969e-03 -2.909460025150515175e-02 1.000000000000000000e+00
DSC_8336.JPG_max_x: 1299.58
DSC_8336.JPG_min_x: 155.063
DSC_8336.JPG_max_y: 1484.5
DSC_8336.JPG_min_y: 672.525
DSC_8366.JPG_max_x: 971.328
DSC_8366.JPG_min_x: 31.363
DSC_8366.JPG_max_y: 1562.9
DSC_8366.JPG_min_y: 997.437
