1.454961762247204415e+00 -8.538254877357101535e-02 5.966181458054285258e+02
8.375161396514072334e-03 1.804107265994700837e+00 -1.191214601591832206e+03
-4.036312784270973484e-04 5.108220353054239177e-04 1.000000000000000000e+00
DSC_8294.JPG_max_x: 785.526
DSC_8294.JPG_min_x: 10.2972
DSC_8294.JPG_max_y: 1286.02
DSC_8294.JPG_min_y: 751.95
DSC_8445.JPG_max_x: 1322.72
DSC_8445.JPG_min_x: 388.629
DSC_8445.JPG_max_y: 808.274
DSC_8445.JPG_min_y: 130.563
