2.067475040232872041e-01 -2.858647934572521032e-02 1.056354485862236970e+03
-4.344481806404535962e-01 7.703398022153944424e-01 2.418572039507938598e+02
-4.336327671802216242e-04 -1.550830674741481685e-05 9.999999999999998890e-01
DSC_8216.JPG_max_x: 268.025
DSC_8216.JPG_min_x: 5.9415
DSC_8216.JPG_max_y: 1287.62
DSC_8216.JPG_min_y: 609.336
DSC_8230.JPG_max_x: 1245.89
DSC_8230.JPG_min_x: 1047.95
DSC_8230.JPG_max_y: 1285.48
DSC_8230.JPG_min_y: 700.485
