8.784572041516468532e-01 -2.549630590445101097e-02 5.230137568590831734e+02
1.153152920319454322e-01 7.048101743563299770e-01 2.595917344049773874e+02
1.265453006684363446e-04 -3.915409295157992324e-05 1.000000000000000000e+00
DSC_8330.JPG_max_x: 1160.91
DSC_8330.JPG_min_x: 11.7039
DSC_8330.JPG_max_y: 1991.68
DSC_8330.JPG_min_y: 577.759
DSC_8216.JPG_max_x: 1312.58
DSC_8216.JPG_min_x: 473.761
DSC_8216.JPG_max_y: 1722.01
DSC_8216.JPG_min_y: 695.724
