1.262052221682493647e+00 4.423306623544402856e-03 3.510509964830887952e+01
-1.761179418281053899e-01 1.184630062943832662e+00 -1.414852620471695843e+02
-1.775025202290603601e-04 -4.424962453579892697e-05 1.000000000000000000e+00
DSC_8328.JPG_max_x: 860.015
DSC_8328.JPG_min_x: 239.525
DSC_8328.JPG_max_y: 1495.04
DSC_8328.JPG_min_y: 394.336
DSC_8344.JPG_max_x: 1323.65
DSC_8344.JPG_min_x: 383.56
DSC_8344.JPG_max_y: 1837.56
DSC_8344.JPG_min_y: 260.489
