-6.710295340712401746e+00 -2.909435864992309995e+00 5.657051386556713624e+03
-2.694916590300563630e+00 -5.928035777127699468e+00 4.159460705644074551e+03
-3.668464076497806106e-03 -2.364831186982129397e-03 1.000000000000000000e+00
DSC_8202.JPG_max_x: 1172.26
DSC_8202.JPG_min_x: 424.7
DSC_8202.JPG_max_y: 1513.81
DSC_8202.JPG_min_y: 659.547
DSC_8322.JPG_max_x: 887.13
DSC_8322.JPG_min_x: 95.1662
DSC_8322.JPG_max_y: 1430.73
DSC_8322.JPG_min_y: 610.462
