2.824179460512065698e-01 -1.375832954331474567e-01 7.574387124513129947e+02
-5.073438404437292659e-01 8.121434727810982190e-01 2.900475444001161236e+02
-5.057804938423292795e-04 -6.735745327412031745e-05 9.999999999999998890e-01
DSC_8332.JPG_max_x: 623.549
DSC_8332.JPG_min_x: 220.282
DSC_8332.JPG_max_y: 1201.12
DSC_8332.JPG_min_y: 672.571
DSC_8458.JPG_max_x: 1273.07
DSC_8458.JPG_min_x: 827.905
DSC_8458.JPG_max_y: 1576.62
DSC_8458.JPG_min_y: 830.686
