1.255692977325788329e+00 -9.175467165652045898e-02 -2.293417942392584905e+02
-5.042167702897263487e-02 1.332927838181779290e+00 -1.091191106292353084e+02
-1.071485757000932538e-04 3.031237198249381315e-04 1.000000000000000000e+00
DSC_8274.JPG_max_x: 1232.51
DSC_8274.JPG_min_x: 240.743
DSC_8274.JPG_max_y: 1497.67
DSC_8274.JPG_min_y: 658.034
DSC_8294.JPG_max_x: 1025.87
DSC_8294.JPG_min_x: 10.2972
DSC_8294.JPG_max_y: 1373.95
DSC_8294.JPG_min_y: 663.182
