7.267791454049171707e-01 1.761632530703194019e-02 1.464675957306865506e+01
8.639365141191426845e-02 8.478758234200469701e-01 2.342746693674102403e+02
7.186237725043306530e-05 6.897324738427807974e-05 1.000000000000000000e+00
DSC_8214.JPG_max_x: 1319.71
DSC_8214.JPG_min_x: 272.056
DSC_8214.JPG_max_y: 1381.49
DSC_8214.JPG_min_y: 238.058
DSC_8312.JPG_max_x: 836.284
DSC_8312.JPG_min_x: 207.718
DSC_8312.JPG_max_y: 1270.38
DSC_8312.JPG_min_y: 487.288
