2.268757309318272242e-01 -1.619200521322908259e-01 5.782040528470163281e+02
-2.146148022115213772e-01 3.123692826113154686e-01 7.312003949044174078e+02
-2.162018667852188896e-04 -1.631581099143019698e-04 1.000000000000000000e+00
DSC_8306.JPG_max_x: 1274.22
DSC_8306.JPG_min_x: 15.432
DSC_8306.JPG_max_y: 1272.36
DSC_8306.JPG_min_y: 587.867
DSC_8366.JPG_max_x: 1254.91
DSC_8366.JPG_min_x: 476.609
DSC_8366.JPG_max_y: 1463.08
DSC_8366.JPG_min_y: 1012.87
