7.547561089280871993e-01 -4.177887073301949500e-02 1.584516199532976373e+02
3.054966994239057265e-01 1.056717754406465426e+00 6.715407764997871176e+00
2.159683849614734547e-04 -2.318616295120520982e-06 1.000000000000000000e+00
DSC_8438.JPG_max_x: 1113.32
DSC_8438.JPG_min_x: 479.855
DSC_8438.JPG_max_y: 1903.06
DSC_8438.JPG_min_y: 865.37
DSC_8478.JPG_max_x: 775.179
DSC_8478.JPG_min_x: 398.582
DSC_8478.JPG_max_y: 1945.88
DSC_8478.JPG_min_y: 1001.72
