2.104378558349848660e+00 3.393159211851656920e+00 -1.094778298589997576e+03
-1.745583944026033230e+00 6.520687598409981689e+00 9.096587903788270069e+02
1.745257893613539994e-03 1.676164527335760081e-03 9.999999999999998890e-01
DSC_8313.JPG_max_x: 1314.44
DSC_8313.JPG_min_x: 752.988
DSC_8313.JPG_max_y: 1213.31
DSC_8313.JPG_min_y: 129.656
DSC_8361.JPG_max_x: 1144.07
DSC_8361.JPG_min_x: 262.87
DSC_8361.JPG_max_y: 1598.7
DSC_8361.JPG_min_y: 152.59
