8.800507921271620848e-01 -1.686398463966206351e-01 3.041880816966259999e+02
7.061410896629133349e-02 8.571704417943196708e-01 2.093258755734952388e+02
-3.503840020653942609e-06 4.926151074229805677e-06 1.000000000000000000e+00
DSC_8247.JPG_max_x: 1326.87
DSC_8247.JPG_min_x: 309.264
DSC_8247.JPG_max_y: 1105.44
DSC_8247.JPG_min_y: 183.74
DSC_8263.JPG_max_x: 1309.44
DSC_8263.JPG_min_x: 508.636
DSC_8263.JPG_max_y: 1247.02
DSC_8263.JPG_min_y: 435.438
