6.481756323648903972e-01 6.597994878314979161e-02 2.847792313781534403e+02
7.664004132132058722e-02 1.798171477254687234e-01 1.121225183098259095e+03
6.046624873511280190e-05 -3.035302706028360263e-04 1.000000000000000000e+00
DSC_8211.JPG_max_x: 797.661
DSC_8211.JPG_min_x: 27.4368
DSC_8211.JPG_max_y: 941.317
DSC_8211.JPG_min_y: 382.443
DSC_8226.JPG_max_x: 1064.53
DSC_8226.JPG_min_x: 169.594
DSC_8226.JPG_max_y: 1767.73
DSC_8226.JPG_min_y: 1332.17
