9.779344238041009163e+00 -2.446100431515256357e+00 -2.342135224909635781e+03
1.036984401119276811e+01 -8.009206484993786290e+00 1.166930230777848692e+03
6.719156484480525576e-03 -5.997865353956450749e-03 1.000000000000000000e+00
DSC_8363.JPG_max_x: 1047.91
DSC_8363.JPG_min_x: 190.008
DSC_8363.JPG_max_y: 802.779
DSC_8363.JPG_min_y: 98.9767
DSC_8418.JPG_max_x: 1260.35
DSC_8418.JPG_min_x: 197.615
DSC_8418.JPG_max_y: 1871.72
DSC_8418.JPG_min_y: 1405.8
