-2.814906572733625101e+00 -9.620691534859645566e-01 2.438561975092868124e+03
2.120774982955833665e-02 -3.290947911772120982e+00 5.777765187943082310e+03
1.122244184640079672e-04 -1.272371213661318678e-03 1.000000000000000000e+00
DSC_8360.JPG_max_x: 692.223
DSC_8360.JPG_min_x: 300.604
DSC_8360.JPG_max_y: 1974.31
DSC_8360.JPG_min_y: 1761.29
DSC_8387.JPG_max_x: 991.971
DSC_8387.JPG_min_x: 83.3816
DSC_8387.JPG_max_y: 481.064
DSC_8387.JPG_min_y: 13.5671
