-2.473792822857543983e-01 -1.749169814119798938e-01 4.445142727031059167e+02
-2.079514200383788536e-01 -4.421606073565291783e-01 7.369391771838771774e+02
-5.979664465286263714e-04 -4.437241202974336854e-04 1.000000000000000000e+00
DSC_8202.JPG_max_x: 1055.32
DSC_8202.JPG_min_x: 422.28
DSC_8202.JPG_max_y: 1964.73
DSC_8202.JPG_min_y: 1258.88
DSC_8209.JPG_max_x: 490.727
DSC_8209.JPG_min_x: 16.8073
DSC_8209.JPG_max_y: 1020.91
DSC_8209.JPG_min_y: 341.124
