-4.958339093994766245e+00 3.929488893443469077e-01 3.804310810600195509e+03
-4.479912753210328447e+00 -3.858693168135409746e+00 5.692505763939308054e+03
-4.080138716305239596e-03 -2.322964831338740531e-04 1.000000000000000000e+00
DSC_8358.JPG_max_x: 1266.53
DSC_8358.JPG_min_x: 1072.65
DSC_8358.JPG_max_y: 1693.61
DSC_8358.JPG_min_y: 534.456
DSC_8374.JPG_max_x: 471.981
DSC_8374.JPG_min_x: 242.025
DSC_8374.JPG_max_y: 1484.43
DSC_8374.JPG_min_y: 402.09
