8.131565365523165667e-01 -2.954607845243438502e-02 1.812181693767324759e+02
8.586320033214545414e-03 8.091727303955722483e-01 1.760958719162552768e+02
-8.318520352606708721e-06 -1.438447044961227855e-05 1.000000000000000000e+00
DSC_8288.JPG_max_x: 1280.57
DSC_8288.JPG_min_x: 36.326
DSC_8288.JPG_max_y: 1898.72
DSC_8288.JPG_min_y: 86.4494
DSC_8304.JPG_max_x: 1235.56
DSC_8304.JPG_min_x: 174.582
DSC_8304.JPG_max_y: 1784.88
DSC_8304.JPG_min_y: 255.091
