1.356534584277627076e+00 8.271195659533915612e-02 7.074143798964125835e+02
-1.990872168448141327e-02 1.715786888071745730e+00 -1.355339440260991978e+03
1.495122368445729534e-04 3.569333204783919585e-04 1.000000000000000000e+00
DSC_8328.JPG_max_x: 873.116
DSC_8328.JPG_min_x: 260.107
DSC_8328.JPG_max_y: 1300.89
DSC_8328.JPG_min_y: 909.725
DSC_8441.JPG_max_x: 1253.87
DSC_8441.JPG_min_x: 833.193
DSC_8441.JPG_max_y: 543.338
DSC_8441.JPG_min_y: 133.575
