1.002346647117559275e+00 -5.936035630034899174e-02 -1.351519183907517743e+02
1.046462614409831571e-01 1.063104983903600642e+00 3.018239103406992285e+02
5.968716560588270542e-05 7.361139564651928726e-05 1.000000000000000000e+00
DSC_8322.JPG_max_x: 1326.93
DSC_8322.JPG_min_x: 173.817
DSC_8322.JPG_max_y: 1730.97
DSC_8322.JPG_min_y: 715.421
DSC_8428.JPG_max_x: 955.331
DSC_8428.JPG_min_x: 10.9735
DSC_8428.JPG_max_y: 1879.16
DSC_8428.JPG_min_y: 1023.39
