1.230022098962313626e+00 -3.509673647374820238e-01 4.629508738265353713e+02
1.707369997120520844e-01 1.450697155986246045e+00 -1.293646153417640107e+03
4.920553106048986848e-05 1.191423130614987000e-04 1.000000000000000000e+00
DSC_8274.JPG_max_x: 810.008
DSC_8274.JPG_min_x: 11.504
DSC_8274.JPG_max_y: 1540.59
DSC_8274.JPG_min_y: 896.144
DSC_8323.JPG_max_x: 894.851
DSC_8323.JPG_min_x: 101.362
DSC_8323.JPG_max_y: 809.899
DSC_8323.JPG_min_y: 45.7728
