1.488993219787950184e-01 -1.165389015543591422e-02 -7.347825718167693765e+01
-5.752413331942186903e-02 -1.814856322618568496e-01 4.572001955985792847e+02
3.818499246375793755e-06 -4.717887235583223104e-04 9.999999999999998890e-01
DSC_8224.JPG_max_x: 1277.47
DSC_8224.JPG_min_x: 666.54
DSC_8224.JPG_max_y: 1896.19
DSC_8224.JPG_min_y: 1479.13
DSC_8309.JPG_max_x: 331.384
DSC_8309.JPG_min_x: 30.7774
DSC_8309.JPG_max_y: 679.908
DSC_8309.JPG_min_y: 369.276
