8.295475522303498161e-01 1.333146095775661066e-01 -1.270547177762564957e+02
1.370512289269249784e-01 9.075360447724415414e-01 1.117359573790146669e+03
7.517742868352481013e-05 7.890724772646574652e-05 1.000000000000000000e+00
DSC_8341.JPG_max_x: 1240.88
DSC_8341.JPG_min_x: 151.162
DSC_8341.JPG_max_y: 1067.91
DSC_8341.JPG_min_y: 414.882
DSC_8426.JPG_max_x: 882.633
DSC_8426.JPG_min_x: 98.7832
DSC_8426.JPG_max_y: 1910.31
DSC_8426.JPG_min_y: 1451.68
