6.489848616546850524e-01 -1.030240956020082921e+00 1.308184203038046462e+03
2.832086037763276165e-01 -4.764307548412937687e-01 6.195527198796521589e+02
6.800894688044893015e-04 -8.083971231523938601e-04 1.000000000000000000e+00
DSC_8396.JPG_max_x: 919.302
DSC_8396.JPG_min_x: 38.2176
DSC_8396.JPG_max_y: 1738.86
DSC_8396.JPG_min_y: 1409.01
DSC_8399.JPG_max_x: 1314.96
DSC_8399.JPG_min_x: 89.8117
DSC_8399.JPG_max_y: 889.309
DSC_8399.JPG_min_y: 252.253
