4.233220493746409296e+00 8.938787207283537262e-01 -1.286409840620616023e+03
3.265427045018150232e-03 4.629292665755876612e+00 -4.514076342477599610e+03
1.109683281091388969e-05 1.063413236950057046e-03 1.000000000000000000e+00
DSC_8200.JPG_max_x: 686.6
DSC_8200.JPG_min_x: 123.08
DSC_8200.JPG_max_y: 1462.34
DSC_8200.JPG_min_y: 1034.28
DSC_8433.JPG_max_x: 1167.68
DSC_8433.JPG_min_x: 86.2485
DSC_8433.JPG_max_y: 876.417
DSC_8433.JPG_min_y: 116.311
