1.178729112991267619e-01 1.775387621056185639e+00 -1.253855881375943227e+03
1.626361808455760283e+00 1.058563229383589377e+00 9.873123697718014569e+01
9.916750712710034436e-04 1.732776404516702957e-04 1.000000000000000000e+00
DSC_8330.JPG_max_x: 1055.15
DSC_8330.JPG_min_x: 79.3394
DSC_8330.JPG_max_y: 1705.62
DSC_8330.JPG_min_y: 580.811
DSC_8400.JPG_max_x: 1269.22
DSC_8400.JPG_min_x: 44.0014
DSC_8400.JPG_max_y: 1439.76
DSC_8400.JPG_min_y: 945.674
