-9.123812987812717212e-01 -7.823986905914415146e-01 1.480427530328596049e+03
-9.267080178803172030e-01 3.241536570754055546e-01 7.089402646183538081e+02
-1.070045525076314180e-03 -2.586111800526158370e-04 1.000000000000000000e+00
DSC_8233.JPG_max_x: 1271.81
DSC_8233.JPG_min_x: 29.9914
DSC_8233.JPG_max_y: 1016.88
DSC_8233.JPG_min_y: 544.292
DSC_8329.JPG_max_x: 1312.34
DSC_8329.JPG_min_x: 760.147
DSC_8329.JPG_max_y: 1561.91
DSC_8329.JPG_min_y: 243.657
