4.444747953054849487e-01 -6.054100114434248642e-02 4.793150539943938497e+02
-2.176093981387034956e-02 4.257836889192366803e-01 4.123094901932652760e+02
-4.896815671181800432e-05 -3.666302436400352893e-05 1.000000000000000000e+00
DSC_8270.JPG_max_x: 1121.9
DSC_8270.JPG_min_x: 131.7
DSC_8270.JPG_max_y: 1700.13
DSC_8270.JPG_min_y: 878.953
DSC_8336.JPG_max_x: 998.681
DSC_8336.JPG_min_x: 506.72
DSC_8336.JPG_max_y: 1264.67
DSC_8336.JPG_min_y: 813.717
