-7.462102022620779040e-01 5.856292340617592629e-01 3.307286721373318414e+02
-9.275231966816845919e-01 4.523476863995411490e-01 3.374912755716266588e+02
-1.287761116341752969e-03 4.436214417346343313e-04 1.000000000000000000e+00
DSC_8304.JPG_max_x: 1224.74
DSC_8304.JPG_min_x: 240.676
DSC_8304.JPG_max_y: 1963.03
DSC_8304.JPG_min_y: 468.966
DSC_8465.JPG_max_x: 1270.56
DSC_8465.JPG_min_x: 483.652
DSC_8465.JPG_max_y: 1664.94
DSC_8465.JPG_min_y: 126.835
