-2.042970917767127081e-01 -1.323725661364377471e-01 1.123633632007303504e+03
-6.312441195021100127e-01 2.264655398227726768e-01 1.420845739960283709e+03
-4.620787954846292751e-04 -6.381982964602032058e-05 1.000000000000000000e+00
DSC_8273.JPG_max_x: 476.433
DSC_8273.JPG_min_x: 107.226
DSC_8273.JPG_max_y: 1025.45
DSC_8273.JPG_min_y: 56.1168
DSC_8470.JPG_max_x: 1305.19
DSC_8470.JPG_min_x: 1092.33
DSC_8470.JPG_max_y: 1789.49
DSC_8470.JPG_min_y: 1450.91
