1.909952412150881074e+00 1.071037633888911322e-01 -1.838243174052261111e+03
6.863795643595471674e-01 1.765697226493809113e+00 -6.070337892411615712e+02
7.552514695946499186e-04 -2.626815410099716389e-05 1.000000000000000000e+00
DSC_8296.JPG_max_x: 1303.51
DSC_8296.JPG_min_x: 928.932
DSC_8296.JPG_max_y: 1855.96
DSC_8296.JPG_min_y: 391.484
DSC_8298.JPG_max_x: 436.958
DSC_8298.JPG_min_x: 13.7562
DSC_8298.JPG_max_y: 1864.47
DSC_8298.JPG_min_y: 471.408
