1.998897950356656406e+00 -3.838450251054481566e-02 -2.521365164764970075e+02
1.764001408931909487e-01 1.811008578640679989e+00 9.964802039131481592e+01
2.054392302709861671e-04 1.076664737773804956e-04 9.999999999999998890e-01
DSC_8319.JPG_max_x: 1012.21
DSC_8319.JPG_min_x: 158.358
DSC_8319.JPG_max_y: 1022.28
DSC_8319.JPG_min_y: 60.098
DSC_8465.JPG_max_x: 1327.01
DSC_8465.JPG_min_x: 52.4142
DSC_8465.JPG_max_y: 1718.13
DSC_8465.JPG_min_y: 237.91
