4.599948179238505519e-01 1.885021114408539089e-01 5.714404993981215739e+02
-1.162257314796190322e+00 2.556326533276928270e+00 -1.410097727226944244e+03
-1.354333907725721294e-03 2.481102059614469614e-04 1.000000000000000000e+00
DSC_8200.JPG_max_x: 389.491
DSC_8200.JPG_min_x: 85.7765
DSC_8200.JPG_max_y: 1215.25
DSC_8200.JPG_min_y: 885.305
DSC_8266.JPG_max_x: 1297.7
DSC_8266.JPG_min_x: 700.71
DSC_8266.JPG_max_y: 1556.86
DSC_8266.JPG_min_y: 632.227
