1.959335260457405470e+00 4.811395833429757407e-01 -8.538897013974612946e+02
-7.181002465605043628e-02 2.195022086667070660e+00 -1.803973730419721278e+03
4.905662310877278976e-05 5.901267139120308994e-04 1.000000000000000000e+00
DSC_8336.JPG_max_x: 1297.11
DSC_8336.JPG_min_x: 66.6777
DSC_8336.JPG_max_y: 1622.23
DSC_8336.JPG_min_y: 964.075
DSC_8337.JPG_max_x: 1288.66
DSC_8337.JPG_min_x: 7.52706
DSC_8337.JPG_max_y: 894.538
DSC_8337.JPG_min_y: 152.298
