6.729933612080424288e-01 1.185090708598954545e-01 -5.697182807904226109e+01
-3.282507355756098671e-02 7.178479517666428444e-01 -6.803580301652721118e+02
1.753256854873134704e-04 1.137259412885014348e-04 9.999999999999998890e-01
DSC_8318.JPG_max_x: 1133.39
DSC_8318.JPG_min_x: 220.208
DSC_8318.JPG_max_y: 1758.01
DSC_8318.JPG_min_y: 1021.61
DSC_8379.JPG_max_x: 628.754
DSC_8379.JPG_min_x: 196.32
DSC_8379.JPG_max_y: 439.807
DSC_8379.JPG_min_y: 12.8961
