1.026254156537243917e-01 -9.346924580996925080e-02 4.693641071626406642e+02
-9.520506741983600363e-02 -1.170168946944422500e-01 1.271664122452963738e+03
-8.672568874205315687e-05 -1.929089668898304247e-04 1.000000000000000000e+00
DSC_8305.JPG_max_x: 1035.76
DSC_8305.JPG_min_x: 377.495
DSC_8305.JPG_max_y: 1766.43
DSC_8305.JPG_min_y: 131.007
DSC_8364.JPG_max_x: 726.466
DSC_8364.JPG_min_x: 526.952
DSC_8364.JPG_max_y: 1694.2
DSC_8364.JPG_min_y: 1300.53
