2.754514205916304137e-01 -7.880892018817634015e-02 2.352101517534152606e+02
-6.019600199902789411e-02 3.240496803166960649e-01 -3.935225137425629782e+02
-2.322705982611236351e-04 -2.339222839714367932e-04 1.000000000000000000e+00
DSC_8228.JPG_max_x: 819.868
DSC_8228.JPG_min_x: 107.812
DSC_8228.JPG_max_y: 1855.46
DSC_8228.JPG_min_y: 1505.56
DSC_8245.JPG_max_x: 759.352
DSC_8245.JPG_min_x: 228.104
DSC_8245.JPG_max_y: 400.918
DSC_8245.JPG_min_y: 121.916
