-3.722173139054228974e-01 -3.991612038976596888e-01 4.634130235072032633e+02
-1.479131400778155303e+00 -1.643712313943836323e+00 1.803446729330320068e+03
-8.265661489146952862e-04 -8.580003615608544285e-04 1.000000000000000000e+00
DSC_8195.JPG_max_x: 1322.62
DSC_8195.JPG_min_x: 624.702
DSC_8195.JPG_max_y: 528.029
DSC_8195.JPG_min_y: 28.8491
DSC_8386.JPG_max_x: 658.851
DSC_8386.JPG_min_x: 203.636
DSC_8386.JPG_max_y: 1811.8
DSC_8386.JPG_min_y: 374.789
