6.095808662070404393e-01 -3.484526433310655702e-01 4.594568671841467449e+02
-7.695340124303738649e-02 6.810113964593160762e-01 9.900703722226694481e+02
-1.788079083256270999e-04 8.299332158666164764e-05 1.000000000000000000e+00
DSC_8259.JPG_max_x: 1066.56
DSC_8259.JPG_min_x: 5.83698
DSC_8259.JPG_max_y: 727.282
DSC_8259.JPG_min_y: 175.915
DSC_8444.JPG_max_x: 1065.23
DSC_8444.JPG_min_x: 381.373
DSC_8444.JPG_max_y: 1614.42
DSC_8444.JPG_min_y: 1119.42
