-7.203844824939843461e-01 4.512558150834387882e-02 2.238271072639632848e+02
3.364057383900410647e-01 -7.161344772739358655e-01 5.184143311657398954e+02
3.071813531681245857e-04 -1.241668998897397982e-03 1.000000000000000000e+00
DSC_8402.JPG_max_x: 1136.16
DSC_8402.JPG_min_x: 366.777
DSC_8402.JPG_max_y: 1975.5
DSC_8402.JPG_min_y: 896.027
DSC_8405.JPG_max_x: 1099.45
DSC_8405.JPG_min_x: 410.613
DSC_8405.JPG_max_y: 1300.41
DSC_8405.JPG_min_y: 132.547
