-3.627598940192010013e-01 -4.807677656473978156e-01 8.767691223589938545e+02
-5.777420421951871832e-02 -3.068208913477792343e-01 3.899923569871585869e+02
-3.397134013276717837e-04 -6.313057947038834029e-04 1.000000000000000000e+00
DSC_8346.JPG_max_x: 1283.43
DSC_8346.JPG_min_x: 570.652
DSC_8346.JPG_max_y: 1799.51
DSC_8346.JPG_min_y: 857.099
DSC_8459.JPG_max_x: 890.165
DSC_8459.JPG_min_x: 429.97
DSC_8459.JPG_max_y: 882.866
DSC_8459.JPG_min_y: 47.8325
