6.078956202021894573e-01 -1.607569472376359498e-01 4.084930167041983395e+02
5.149638398684157348e-02 7.305883026179952333e-01 -4.964861898860430074e+02
-1.453800523100955936e-04 -8.708511771978821956e-05 9.999999999999998890e-01
DSC_8292.JPG_max_x: 1095.53
DSC_8292.JPG_min_x: 44.0542
DSC_8292.JPG_max_y: 1396.84
DSC_8292.JPG_min_y: 879.977
DSC_8431.JPG_max_x: 1209.42
DSC_8431.JPG_min_x: 253.037
DSC_8431.JPG_max_y: 586.639
DSC_8431.JPG_min_y: 215.019
