6.938062605862467258e-01 -2.131059980958957267e-01 1.248721507702272362e+02
-2.316777996401953033e-02 3.412249468770978122e-01 1.088470005527822195e+03
-2.783546598568171614e-05 -2.501035106546009080e-04 1.000000000000000000e+00
DSC_8453.JPG_max_x: 1283.68
DSC_8453.JPG_min_x: 17.8738
DSC_8453.JPG_max_y: 868.029
DSC_8453.JPG_min_y: 218.396
DSC_8472.JPG_max_x: 1090.17
DSC_8472.JPG_min_x: 39.1641
DSC_8472.JPG_max_y: 1769.71
DSC_8472.JPG_min_y: 1240.21
