2.084519930935999632e+00 5.013818726027122752e-01 -6.759037578427181359e+01
-5.351112904805856163e-02 2.771715857035716546e+00 -2.969764371213916093e+03
-1.036601079236674572e-03 6.578701098426149993e-04 1.000000000000000000e+00
DSC_8434.JPG_max_x: 410.552
DSC_8434.JPG_min_x: 128.057
DSC_8434.JPG_max_y: 1436.25
DSC_8434.JPG_min_y: 1138.12
DSC_8437.JPG_max_x: 998.221
DSC_8437.JPG_min_x: 510.143
DSC_8437.JPG_max_y: 618.588
DSC_8437.JPG_min_y: 112.694
