2.410705203571885225e+00 -3.004430616907542984e-01 4.285338936461803883e+02
-6.170042896103981184e-02 1.924107299704692409e+00 -5.048516678625267673e+02
-6.414405787187667132e-05 -2.803858567630559202e-04 9.999999999999998890e-01
DSC_8236.JPG_max_x: 235.591
DSC_8236.JPG_min_x: 4.26007
DSC_8236.JPG_max_y: 971.183
DSC_8236.JPG_min_y: 722.593
DSC_8464.JPG_max_x: 980.66
DSC_8464.JPG_min_x: 247.629
DSC_8464.JPG_max_y: 1880.57
DSC_8464.JPG_min_y: 1112.81
