-1.908653050510024984e+00 3.995410026574960916e-01 1.322939287834748484e+03
-7.091934464581266528e-01 1.041815082253520597e+00 5.488223147084639209e+01
-1.638146322908426173e-03 4.702711776662100020e-04 1.000000000000000000e+00
DSC_8353.JPG_max_x: 858.279
DSC_8353.JPG_min_x: 24.4407
DSC_8353.JPG_max_y: 1162.58
DSC_8353.JPG_min_y: 399.12
DSC_8399.JPG_max_x: 1314.96
DSC_8399.JPG_min_x: 454.311
DSC_8399.JPG_max_y: 1019.29
DSC_8399.JPG_min_y: 165.509
