4.603250000328560354e-01 -2.067748736303424983e-01 3.639060095426586372e+02
-1.225848595213361453e-01 3.620285083611821803e-02 1.190298612947667834e+03
-7.566991288397876072e-05 -3.083861593547594887e-04 1.000000000000000000e+00
DSC_8213.JPG_max_x: 902.987
DSC_8213.JPG_min_x: 113.32
DSC_8213.JPG_max_y: 1029.53
DSC_8213.JPG_min_y: 352.678
DSC_8228.JPG_max_x: 871.024
DSC_8228.JPG_min_x: 343.881
DSC_8228.JPG_max_y: 1816.19
DSC_8228.JPG_min_y: 1326.12
