7.346195889620977804e-01 1.304701746575023281e-02 4.600425486796166297e+01
-6.170611786838001850e-02 7.778914233634554032e-01 3.805694942238004046e+02
-6.359798088749307710e-05 4.243949429053178870e-05 1.000000000000000000e+00
DSC_8308.JPG_max_x: 1231.75
DSC_8308.JPG_min_x: 17.5201
DSC_8308.JPG_max_y: 1642.65
DSC_8308.JPG_min_y: 509.06
DSC_8474.JPG_max_x: 976.736
DSC_8474.JPG_min_x: 67.4884
DSC_8474.JPG_max_y: 1524.9
DSC_8474.JPG_min_y: 744.35
