1.590759767893632493e+00 4.458003238975247751e-01 1.436240572089779164e+02
1.821844397878003008e-01 1.530760872824957319e+00 -1.254570982446486823e+03
4.553909651088084245e-04 3.188498539029142073e-04 1.000000000000000000e+00
DSC_8338.JPG_max_x: 378.176
DSC_8338.JPG_min_x: 21.8973
DSC_8338.JPG_max_y: 1524.95
DSC_8338.JPG_min_y: 903.23
DSC_8445.JPG_max_x: 804.628
DSC_8445.JPG_min_x: 463.745
DSC_8445.JPG_max_y: 704.621
DSC_8445.JPG_min_y: 109.81
