-4.548628229877912932e-01 -5.823303612614722652e-02 5.682949664044724614e+02
-5.952023694451528124e-01 -5.012538559715311592e-01 1.039958894954082780e+03
-1.003048764301585870e-03 -1.653842324901557358e-04 1.000000000000000000e+00
DSC_8294.JPG_max_x: 1318.95
DSC_8294.JPG_min_x: 1129.71
DSC_8294.JPG_max_y: 1496.28
DSC_8294.JPG_min_y: 1009.67
DSC_8457.JPG_max_x: 352.66
DSC_8457.JPG_min_x: 5.08883
DSC_8457.JPG_max_y: 991.05
DSC_8457.JPG_min_y: 517.987
