2.100504316975621233e+00 4.175628004278931216e-01 -1.066446318680455079e+03
2.553660162818971457e+00 -8.679966069283516772e-01 1.803655762034758936e+03
1.780154822996572956e-03 -1.362734376157149693e-03 1.000000000000000000e+00
DSC_8205.JPG_max_x: 1093.14
DSC_8205.JPG_min_x: 498.665
DSC_8205.JPG_max_y: 536.914
DSC_8205.JPG_min_y: 151.395
DSC_8210.JPG_max_x: 535.497
DSC_8210.JPG_min_x: 63.2732
DSC_8210.JPG_max_y: 1991.47
DSC_8210.JPG_min_y: 1654.85
