1.189340864434856293e+01 -5.120080149149778270e-01 -1.063621740411225801e+04
2.887295768566978893e+00 4.789496495888935890e+00 -6.630177301295025245e+03
1.220248962277609324e-02 -6.544260848586801183e-03 1.000000000000000000e+00
DSC_8218.JPG_max_x: 1327.99
DSC_8218.JPG_min_x: 1097.33
DSC_8218.JPG_max_y: 1473.31
DSC_8218.JPG_min_y: 771.456
DSC_8365.JPG_max_x: 485.964
DSC_8365.JPG_min_x: 245.058
DSC_8365.JPG_max_y: 588.825
DSC_8365.JPG_min_y: 105.858
