2.717176476687522158e+00 9.269319801438066220e-01 -1.308926704208995943e+03
-2.019483044155766793e-01 3.254411541540477071e+00 -3.261136499767188980e+03
-1.170971856233422116e-04 1.187782272764708463e-03 1.000000000000000000e+00
DSC_8414.JPG_max_x: 1244.62
DSC_8414.JPG_min_x: 196.962
DSC_8414.JPG_max_y: 1682.36
DSC_8414.JPG_min_y: 1237.8
DSC_8415.JPG_max_x: 1321.57
DSC_8415.JPG_min_x: 246.981
DSC_8415.JPG_max_y: 695.719
DSC_8415.JPG_min_y: 254.729
