4.340809680313931551e+00 2.756065162968929450e+00 -2.413622807157755233e+03
-5.530831130110441807e-01 5.105089072298921060e+00 -4.468460373393436385e+03
1.291560429583854736e-04 3.593196268482244573e-03 1.000000000000000000e+00
DSC_8222.JPG_max_x: 1220.11
DSC_8222.JPG_min_x: 27.7104
DSC_8222.JPG_max_y: 1783.66
DSC_8222.JPG_min_y: 1110.0
DSC_8397.JPG_max_x: 1038.58
DSC_8397.JPG_min_x: 200.465
DSC_8397.JPG_max_y: 558.808
DSC_8397.JPG_min_y: 199.709
