-4.472936804162328528e-01 -2.221303225858990427e+00 1.777315246823240386e+03
1.215295757423977108e+00 -3.471891182085538929e+00 3.433440900205837352e+03
1.587596021826816542e-03 -2.142485686762197854e-03 1.000000000000000000e+00
DSC_8232.JPG_max_x: 493.66
DSC_8232.JPG_min_x: 269.36
DSC_8232.JPG_max_y: 1632.71
DSC_8232.JPG_min_y: 1167.94
DSC_8403.JPG_max_x: 1310.34
DSC_8403.JPG_min_x: 910.739
DSC_8403.JPG_max_y: 980.182
DSC_8403.JPG_min_y: 242.77
