7.574276832101644708e+00 2.654523289507513706e+00 -3.871012817631501548e+03
4.782297809965803559e+00 6.300797708446660650e+00 -1.913574400272233106e+03
5.243628247682262898e-03 3.193735006385078293e-03 9.999999999999998890e-01
DSC_8314.JPG_max_x: 1202.07
DSC_8314.JPG_min_x: 126.406
DSC_8314.JPG_max_y: 1185.95
DSC_8314.JPG_min_y: 241.61
DSC_8198.JPG_max_x: 700.641
DSC_8198.JPG_min_x: 56.322
DSC_8198.JPG_max_y: 1166.91
DSC_8198.JPG_min_y: 659.461
