5.915072920719014471e-01 -1.526040866733569257e-01 -2.637335901397246403e+02
-2.838826710505810702e-01 9.223241583984066461e-01 1.270738164553080907e+02
-2.950750762889616419e-04 -1.357535419472586757e-04 1.000000000000000000e+00
DSC_8230.JPG_max_x: 1315.45
DSC_8230.JPG_min_x: 1043.17
DSC_8230.JPG_max_y: 1263.96
DSC_8230.JPG_min_y: 574.147
DSC_8406.JPG_max_x: 797.308
DSC_8406.JPG_min_x: 341.497
DSC_8406.JPG_max_y: 1960.16
DSC_8406.JPG_min_y: 526.218
