5.961807946890599341e-01 -3.070481518304704616e-01 5.027005603843055610e+02
-5.118293940935580988e-01 5.987911254450387633e-01 1.032594853249263906e+03
-5.545439964509870506e-04 -1.112791606439487486e-04 1.000000000000000000e+00
DSC_8199.JPG_max_x: 276.414
DSC_8199.JPG_min_x: 14.8343
DSC_8199.JPG_max_y: 759.934
DSC_8199.JPG_min_y: 230.352
DSC_8248.JPG_max_x: 615.788
DSC_8248.JPG_min_x: 340.105
DSC_8248.JPG_max_y: 1705.13
DSC_8248.JPG_min_y: 1228.74
