-6.454515259550475115e+00 4.113854102842490335e+01 -2.987271055950501250e+04
-9.699471098796099966e+01 1.079855975606980536e+02 -6.609585906586531200e+04
-9.772357375447700278e-02 3.742462508726548953e-02 1.000000000000000000e+00
DSC_8220.JPG_max_x: 543.367
DSC_8220.JPG_min_x: 110.246
DSC_8220.JPG_max_y: 1116.75
DSC_8220.JPG_min_y: 768.999
DSC_8288.JPG_max_x: 1109.13
DSC_8288.JPG_min_x: 116.151
DSC_8288.JPG_max_y: 1898.72
DSC_8288.JPG_min_y: 289.378
