9.426369996683611197e-01 -1.373839161762822197e-02 -1.810315157213151949e+00
1.488420606140108127e-01 7.802766791536619451e-01 3.210515806527502605e+02
1.419397731643031130e-04 -5.394468920780722313e-05 1.000000000000000000e+00
DSC_8334.JPG_max_x: 1328.91
DSC_8334.JPG_min_x: 381.377
DSC_8334.JPG_max_y: 1881.07
DSC_8334.JPG_min_y: 744.168
DSC_8416.JPG_max_x: 1124.26
DSC_8416.JPG_min_x: 347.115
DSC_8416.JPG_max_y: 1856.56
DSC_8416.JPG_min_y: 944.011
