2.377621452067839591e+00 2.589351461402321086e-01 -1.212870927626006051e+03
1.143791425736427336e-01 9.399662530083470191e-01 2.286528508279910739e+02
2.305242517689644072e-03 -5.277194208189765149e-04 9.999999999999998890e-01
DSC_8267.JPG_max_x: 1252.41
DSC_8267.JPG_min_x: 691.15
DSC_8267.JPG_max_y: 1169.69
DSC_8267.JPG_min_y: 14.3534
DSC_8379.JPG_max_x: 597.976
DSC_8379.JPG_min_x: 199.175
DSC_8379.JPG_max_y: 492.507
DSC_8379.JPG_min_y: 115.029
