6.292803493278243954e-01 -1.762129262793500906e-01 7.734262661153012459e+02
-7.900493554705887433e-01 1.328202782200813781e+00 1.676861927303525590e+02
-6.486008781008877283e-04 2.308805717171818551e-04 1.000000000000000000e+00
DSC_8308.JPG_max_x: 782.439
DSC_8308.JPG_min_x: 26.457
DSC_8308.JPG_max_y: 1666.7
DSC_8308.JPG_min_y: 721.999
DSC_8428.JPG_max_x: 1294.54
DSC_8428.JPG_min_x: 465.81
DSC_8428.JPG_max_y: 1855.5
DSC_8428.JPG_min_y: 973.317
