5.901996798045548998e-01 -1.440774310191975383e-01 -4.533026182560189454e+02
-4.197356759174176721e-01 2.304816432478612676e+00 -2.734785992518764175e+01
2.195148772202697033e-04 5.121459079264375743e-04 9.999999999999998890e-01
DSC_8276.JPG_max_x: 1326.99
DSC_8276.JPG_min_x: 1167.97
DSC_8276.JPG_max_y: 1397.25
DSC_8276.JPG_min_y: 722.211
DSC_8278.JPG_max_x: 130.808
DSC_8278.JPG_min_x: 6.88552
DSC_8278.JPG_max_y: 1369.81
DSC_8278.JPG_min_y: 571.803
