1.495803945093073795e-01 2.499603022110084838e-02 7.581264612428556120e+02
-1.652826978895624230e-02 1.987764460992580140e-01 9.327692246636029267e+02
-1.904166298257049439e-05 2.733155789440386459e-05 1.000000000000000000e+00
DSC_8284.JPG_max_x: 1243.19
DSC_8284.JPG_min_x: 165.582
DSC_8284.JPG_max_y: 1350.89
DSC_8284.JPG_min_y: 292.295
DSC_8398.JPG_max_x: 965.905
DSC_8398.JPG_min_x: 789.459
DSC_8398.JPG_max_y: 1165.76
DSC_8398.JPG_min_y: 984.569
