6.189310176319982038e-01 1.497314002432307833e-01 -1.906047242036251816e+02
-2.615007711323010242e-01 1.088684618016279027e+00 3.763754583499490991e+02
-2.713542556254812496e-04 1.655107760209297864e-04 9.999999999999998890e-01
DSC_8251.JPG_max_x: 1313.9
DSC_8251.JPG_min_x: 562.601
DSC_8251.JPG_max_y: 925.892
DSC_8251.JPG_min_y: 42.6116
DSC_8267.JPG_max_x: 948.507
DSC_8267.JPG_min_x: 176.175
DSC_8267.JPG_max_y: 1313.9
DSC_8267.JPG_min_y: 317.433
