3.882689246279395490e-01 -2.840430735523521988e-01 9.544331773144519957e+02
-1.157017371251940485e-01 1.355068770482594220e-01 1.304314338935340402e+03
-1.139835483584745231e-04 -2.354345150796186286e-04 1.000000000000000000e+00
DSC_8257.JPG_max_x: 617.867
DSC_8257.JPG_min_x: 123.23
DSC_8257.JPG_max_y: 987.886
DSC_8257.JPG_min_y: 199.752
DSC_8466.JPG_max_x: 1295.39
DSC_8466.JPG_min_x: 966.248
DSC_8466.JPG_max_y: 1931.52
DSC_8466.JPG_min_y: 1424.77
