-3.531539914866750340e-01 -1.544667595968788609e-01 4.395381665353366998e+02
-1.027816534405089577e+00 -1.957334186884931659e+00 1.572876049369236625e+03
-7.594059004484434534e-04 -9.178596680211272745e-04 9.999999999999998890e-01
DSC_8209.JPG_max_x: 1310.63
DSC_8209.JPG_min_x: 509.945
DSC_8209.JPG_max_y: 730.541
DSC_8209.JPG_min_y: 404.191
DSC_8210.JPG_max_x: 1251.47
DSC_8210.JPG_min_x: 50.1061
DSC_8210.JPG_max_y: 1943.55
DSC_8210.JPG_min_y: 252.114
