-7.393749540597759351e-01 -1.784604733178855485e+00 2.458582115232725755e+03
2.043507140125984112e+00 -4.523994460084108660e+00 3.170513205574319272e+03
-3.320650928221789927e-05 -1.880944730194557659e-03 1.000000000000000000e+00
DSC_8334.JPG_max_x: 1202.41
DSC_8334.JPG_min_x: 466.429
DSC_8334.JPG_max_y: 1694.15
DSC_8334.JPG_min_y: 1132.86
DSC_8471.JPG_max_x: 976.19
DSC_8471.JPG_min_x: 32.2248
DSC_8471.JPG_max_y: 1583.8
DSC_8471.JPG_min_y: 230.939
