3.352977802101593241e+00 9.348801631728623773e-01 -5.051634136660872173e+03
-4.211001414579663704e-01 3.949805022565803458e+00 -2.401585890818930693e+03
8.223174428317879840e-04 1.051665244777479774e-03 1.000000000000000000e+00
DSC_8322.JPG_max_x: 1326.93
DSC_8322.JPG_min_x: 1133.39
DSC_8322.JPG_max_y: 1499.84
DSC_8322.JPG_min_y: 1124.9
DSC_8325.JPG_max_x: 175.015
DSC_8325.JPG_min_x: 15.295
DSC_8325.JPG_max_y: 838.701
DSC_8325.JPG_min_y: 456.773
