3.765471970563035065e+00 -1.174124632883699060e-01 -1.153289608713313783e+03
9.123594492897170172e-01 1.918479178942489760e+00 -6.158071169964750879e+02
8.082871019784738237e-04 -1.673872928238314415e-04 1.000000000000000000e+00
DSC_8202.JPG_max_x: 882.114
DSC_8202.JPG_min_x: 421.273
DSC_8202.JPG_max_y: 1143.37
DSC_8202.JPG_min_y: 682.198
DSC_8240.JPG_max_x: 1317.52
DSC_8240.JPG_min_x: 260.194
DSC_8240.JPG_max_y: 1709.45
DSC_8240.JPG_min_y: 913.503
