3.981225699150455766e-01 -9.097762898230280504e-01 1.049523708484053941e+03
-3.093357670444548888e-02 6.456908103131714372e-01 1.949139620816028469e+02
-4.815362009935085313e-04 -1.307179854305914586e-04 9.999999999999998890e-01
DSC_8261.JPG_max_x: 488.43
DSC_8261.JPG_min_x: 13.1227
DSC_8261.JPG_max_y: 776.419
DSC_8261.JPG_min_y: 106.11
DSC_8309.JPG_max_x: 1231.27
DSC_8309.JPG_min_x: 528.512
DSC_8309.JPG_max_y: 851.494
DSC_8309.JPG_min_y: 237.683
