4.401472362430328134e-01 -4.114025492060454509e-02 1.099223411395941639e+03
-4.572566699347119790e-01 8.606664147641743812e-01 2.173269340509814356e+02
-4.207961514087738388e-04 -5.613197605769701626e-05 1.000000000000000000e+00
DSC_8394.JPG_max_x: 184.517
DSC_8394.JPG_min_x: 3.03376
DSC_8394.JPG_max_y: 1543.68
DSC_8394.JPG_min_y: 913.921
DSC_8396.JPG_max_x: 1331.0
DSC_8396.JPG_min_x: 1135.06
DSC_8396.JPG_max_y: 1743.24
DSC_8396.JPG_min_y: 1058.09
