5.496005414849751691e-01 -3.226878793153409863e-01 3.870791818718024047e+02
-3.158272292921079222e-02 7.183684457817831603e-01 2.214293694274828681e+02
-2.548292884800517320e-04 -1.623465959656582866e-04 1.000000000000000000e+00
DSC_8279.JPG_max_x: 939.224
DSC_8279.JPG_min_x: 295.944
DSC_8279.JPG_max_y: 917.115
DSC_8279.JPG_min_y: 68.3251
DSC_8299.JPG_max_x: 1149.09
DSC_8299.JPG_min_x: 427.721
DSC_8299.JPG_max_y: 1262.45
DSC_8299.JPG_min_y: 307.445
