-7.191877227857730315e-01 -5.425440224143520673e-01 6.358910544950865642e+02
-8.653494066756874936e-01 -1.115655704311777185e+00 1.049281833683966624e+03
-1.145873115310424564e-03 -9.746601973581570750e-04 1.000000000000000000e+00
DSC_8235.JPG_max_x: 1304.8
DSC_8235.JPG_min_x: 30.7569
DSC_8235.JPG_max_y: 1074.37
DSC_8235.JPG_min_y: 292.273
DSC_8351.JPG_max_x: 1079.96
DSC_8351.JPG_min_x: 15.5969
DSC_8351.JPG_max_y: 1425.13
DSC_8351.JPG_min_y: 483.283
