-8.612728148322934540e-01 1.444243079097651261e-01 2.734185976804167808e+02
-5.289928366981131447e+00 9.466728423684971361e-01 1.484976171691594800e+03
-4.754628513816156615e-03 1.253102638963535156e-03 1.000000000000000000e+00
DSC_8248.JPG_max_x: 592.79
DSC_8248.JPG_min_x: 199.909
DSC_8248.JPG_max_y: 1253.5
DSC_8248.JPG_min_y: 724.833
DSC_8418.JPG_max_x: 229.059
DSC_8418.JPG_min_x: 29.917
DSC_8418.JPG_max_y: 1871.72
DSC_8418.JPG_min_y: 948.062
