8.270460765261913316e-01 3.232185440672944998e-01 -7.089844006466418023e+02
-1.569784914693441932e-02 6.355305439360954267e-01 4.941237406124585618e+02
4.909650520216260472e-04 -2.132645932604356333e-04 1.000000000000000000e+00
DSC_8305.JPG_max_x: 1198.46
DSC_8305.JPG_min_x: 448.399
DSC_8305.JPG_max_y: 1474.49
DSC_8305.JPG_min_y: 522.105
DSC_8471.JPG_max_x: 549.064
DSC_8471.JPG_min_x: 47.0922
DSC_8471.JPG_max_y: 1297.19
DSC_8471.JPG_min_y: 588.401
