6.214465892603048686e-02 -3.140543313788418112e-01 6.232341573834401061e+02
-3.836151134009082586e-01 1.062631571076893683e-01 1.181619537697105443e+03
-3.541333627524072877e-04 -2.589821938528759663e-04 1.000000000000000000e+00
DSC_8331.JPG_max_x: 927.601
DSC_8331.JPG_min_x: 103.476
DSC_8331.JPG_max_y: 819.843
DSC_8331.JPG_min_y: 81.9449
DSC_8458.JPG_max_x: 980.856
DSC_8458.JPG_min_x: 492.963
DSC_8458.JPG_max_y: 1635.99
DSC_8458.JPG_min_y: 1251.32
