1.215734232771743750e+00 1.215900468569307280e-01 7.573184668395979147e-01
-8.355147404174610498e-04 1.412448684312250569e+00 -1.175530829367905653e+03
-2.086420675230931949e-04 4.913925379470011814e-04 1.000000000000000000e+00
DSC_8320.JPG_max_x: 1271.15
DSC_8320.JPG_min_x: 341.396
DSC_8320.JPG_max_y: 1763.71
DSC_8320.JPG_min_y: 1015.06
DSC_8337.JPG_max_x: 1221.44
DSC_8337.JPG_min_x: 346.438
DSC_8337.JPG_max_y: 718.806
DSC_8337.JPG_min_y: 188.513
