-2.759379863482904760e-01 -4.107024105670794567e-01 4.530379891138052812e+02
-6.701918956277538308e-01 -1.042237469037631259e+00 1.425895129848828901e+03
-6.199202325984515000e-04 -7.559508816045017740e-04 1.000000000000000000e+00
DSC_8375.JPG_max_x: 1180.96
DSC_8375.JPG_min_x: 481.754
DSC_8375.JPG_max_y: 1501.28
DSC_8375.JPG_min_y: 16.405
DSC_8406.JPG_max_x: 616.613
DSC_8406.JPG_min_x: 378.528
DSC_8406.JPG_max_y: 1965.11
DSC_8406.JPG_min_y: 1034.71
