6.288624619003494454e-01 -9.084569777765903742e-02 -2.827466284569244976e+02
2.731864265347427878e-01 8.368233129885139787e-01 2.123542530455397355e+02
1.992978685295767629e-04 -8.069445519285600699e-05 1.000000000000000000e+00
DSC_8328.JPG_max_x: 971.245
DSC_8328.JPG_min_x: 563.809
DSC_8328.JPG_max_y: 1300.89
DSC_8328.JPG_min_y: 394.533
DSC_8438.JPG_max_x: 253.844
DSC_8438.JPG_min_x: 15.3245
DSC_8438.JPG_max_y: 1441.28
DSC_8438.JPG_min_y: 646.963
