-6.623871077893941361e-01 -1.257505238710133755e-01 4.593843593887264660e+02
-1.090707533893148007e+00 -1.580250975664069690e+00 8.380363408194948533e+02
-1.914962687247987339e-03 -5.467840653993081765e-04 1.000000000000000000e+00
DSC_8417.JPG_max_x: 928.508
DSC_8417.JPG_min_x: 354.182
DSC_8417.JPG_max_y: 275.264
DSC_8417.JPG_min_y: 1.7702
DSC_8471.JPG_max_x: 833.226
DSC_8471.JPG_min_x: 32.2248
DSC_8471.JPG_max_y: 904.946
DSC_8471.JPG_min_y: 86.0279
