3.846690468413527242e+00 8.642177434214824983e-01 -6.335776607605780555e+02
4.242731100008315104e-02 4.131378341144146482e+00 -3.994341111285239094e+03
3.101231149855993691e-04 9.782499574664243330e-04 1.000000000000000000e+00
DSC_8236.JPG_max_x: 454.658
DSC_8236.JPG_min_x: 20.4221
DSC_8236.JPG_max_y: 1754.8
DSC_8236.JPG_min_y: 984.269
DSC_8449.JPG_max_x: 901.689
DSC_8449.JPG_min_x: 177.194
DSC_8449.JPG_max_y: 1162.03
DSC_8449.JPG_min_y: 32.0035
