8.606740068844359604e-01 -4.750428174607553844e-01 -1.202326875217055573e+02
5.284975997536141279e-02 6.796856140215739028e-01 1.036029645896045622e+03
6.984507177950923116e-06 -1.871468780169642423e-04 1.000000000000000000e+00
DSC_8339.JPG_max_x: 1273.69
DSC_8339.JPG_min_x: 445.553
DSC_8339.JPG_max_y: 732.797
DSC_8339.JPG_min_y: 186.308
DSC_8354.JPG_max_x: 753.487
DSC_8354.JPG_min_x: 96.6945
DSC_8354.JPG_max_y: 1857.31
DSC_8354.JPG_min_y: 1247.38
