4.978991967903535487e-01 -2.116566516726637592e-01 8.496090435619562413e+02
-5.040276326252623312e-02 8.286298450906625090e-01 1.838395901909093766e+02
-3.333542022167910622e-04 1.068004372552676590e-04 1.000000000000000000e+00
DSC_8309.JPG_max_x: 675.602
DSC_8309.JPG_min_x: 25.5235
DSC_8309.JPG_max_y: 836.54
DSC_8309.JPG_min_y: 336.275
DSC_8445.JPG_max_x: 1298.25
DSC_8445.JPG_min_x: 683.011
DSC_8445.JPG_max_y: 908.323
DSC_8445.JPG_min_y: 485.495
