1.239091186457762506e+00 2.692361547832691770e-02 -1.297886427244865502e+02
-5.886163940064751549e-04 1.010760839499230235e+00 1.945446311276022584e+02
7.583483881388404014e-05 -1.993609567660558832e-04 1.000000000000000000e+00
DSC_8265.JPG_max_x: 703.445
DSC_8265.JPG_min_x: 124.456
DSC_8265.JPG_max_y: 1150.45
DSC_8265.JPG_min_y: 29.3994
DSC_8315.JPG_max_x: 868.982
DSC_8315.JPG_min_x: 14.5342
DSC_8315.JPG_max_y: 1706.23
DSC_8315.JPG_min_y: 174.903
