-1.509449119697929387e+00 -1.360124625615578009e-01 1.028860380564968864e+03
-8.407696785273035545e-01 -2.321517485481831150e-02 5.447862757195071026e+02
-1.491676999841410993e-03 -1.115243108518144748e-04 1.000000000000000000e+00
DSC_8275.JPG_max_x: 639.969
DSC_8275.JPG_min_x: 159.135
DSC_8275.JPG_max_y: 1860.21
DSC_8275.JPG_min_y: 219.361
DSC_8307.JPG_max_x: 1261.17
DSC_8307.JPG_min_x: 56.2688
DSC_8307.JPG_max_y: 1692.58
DSC_8307.JPG_min_y: 365.642
