5.233545039491681594e-01 -2.705343147861349537e-02 -1.956770701576112401e+02
3.770011946848654261e-01 5.153675320588925468e-02 6.577792123396466195e+02
3.272405424117797888e-04 -4.013906409589087826e-04 1.000000000000000000e+00
DSC_8224.JPG_max_x: 1283.9
DSC_8224.JPG_min_x: 423.207
DSC_8224.JPG_max_y: 1759.27
DSC_8224.JPG_min_y: 754.856
DSC_8368.JPG_max_x: 498.766
DSC_8368.JPG_min_x: 5.52387
DSC_8368.JPG_max_y: 1836.7
DSC_8368.JPG_min_y: 1031.41
