1.511515282692437456e-01 1.253546746743666729e-01 1.085519897711355270e+03
-4.081298383323987422e-01 7.915844110288001723e-01 2.306607682338846246e+02
-4.535011624795418994e-04 1.243878919867316831e-04 1.000000000000000000e+00
DSC_8258.JPG_max_x: 382.935
DSC_8258.JPG_min_x: 17.0376
DSC_8258.JPG_max_y: 1450.42
DSC_8258.JPG_min_y: 676.163
DSC_8292.JPG_max_x: 1327.63
DSC_8292.JPG_min_x: 1091.02
DSC_8292.JPG_max_y: 1186.11
DSC_8292.JPG_min_y: 705.086
