4.074736832713142243e-01 -9.608061907189163406e-03 -2.078553561624536883e+02
-1.556235635699463327e-01 6.434630249064621221e-01 3.192617707050775522e+01
-4.449160416036112967e-04 -2.027923035922160867e-06 1.000000000000000000e+00
DSC_8323.JPG_max_x: 1286.69
DSC_8323.JPG_min_x: 758.909
DSC_8323.JPG_max_y: 1400.76
DSC_8323.JPG_min_y: 415.995
DSC_8339.JPG_max_x: 721.386
DSC_8339.JPG_min_x: 113.545
DSC_8339.JPG_max_y: 1284.3
DSC_8339.JPG_min_y: 262.188
