2.369081216964321168e+00 1.385578504660053500e+00 -1.278363711192785559e+03
-5.122101170842653650e-02 2.932100684430574145e+00 -2.532666253158259224e+03
-1.543915601159748208e-04 1.576410138202390381e-03 1.000000000000000000e+00
DSC_8308.JPG_max_x: 1326.7
DSC_8308.JPG_min_x: 46.1613
DSC_8308.JPG_max_y: 1539.14
DSC_8308.JPG_min_y: 1156.61
DSC_8455.JPG_max_x: 1271.66
DSC_8455.JPG_min_x: 223.335
DSC_8455.JPG_max_y: 594.157
DSC_8455.JPG_min_y: 297.891
