2.607600164847822910e+01 -9.032711861676375520e+00 5.324732878579073940e+02
1.635031623323079231e+01 -5.207264583401347124e+00 -2.684259786956715175e+02
2.637049831660427668e-02 -9.504640505050348728e-03 1.000000000000000000e+00
DSC_8398.JPG_max_x: 929.893
DSC_8398.JPG_min_x: 391.144
DSC_8398.JPG_max_y: 1532.71
DSC_8398.JPG_min_y: 1013.61
DSC_8469.JPG_max_x: 1281.61
DSC_8469.JPG_min_x: 770.437
DSC_8469.JPG_max_y: 1347.67
DSC_8469.JPG_min_y: 180.329
