6.571655118712484978e+00 1.485929325002892876e+00 1.393019852532338973e+03
1.758019922812431357e+00 3.043880922958571489e+00 1.083411599680692916e+02
4.358008357216280881e-03 2.187705977255310387e-03 1.000000000000000000e+00
DSC_8297.JPG_max_x: 1227.8
DSC_8297.JPG_min_x: 49.1157
DSC_8297.JPG_max_y: 604.355
DSC_8297.JPG_min_y: 15.8663
DSC_8455.JPG_max_x: 1325.09
DSC_8455.JPG_min_x: 1044.3
DSC_8455.JPG_max_y: 787.703
DSC_8455.JPG_min_y: 166.112
