-1.020499129410806227e-01 -1.845670608401931700e-01 6.888710648783423949e+02
-4.826368445616458502e-01 2.589050542051876125e-01 8.267456193253933634e+02
-4.001797541042146386e-04 -9.321811528205412674e-05 1.000000000000000000e+00
DSC_8346.JPG_max_x: 1309.29
DSC_8346.JPG_min_x: 550.455
DSC_8346.JPG_max_y: 1729.27
DSC_8346.JPG_min_y: 782.151
DSC_8458.JPG_max_x: 959.351
DSC_8458.JPG_min_x: 494.337
DSC_8458.JPG_max_y: 1634.93
DSC_8458.JPG_min_y: 1008.29
