1.952564369051221993e+00 -5.505451928422196856e-02 -1.509491605941541138e+03
1.349070953312052179e+00 1.609152582434674850e+00 -6.620311082471188229e+02
1.306942432832332432e-03 3.164033267138553101e-05 1.000000000000000000e+00
DSC_8238.JPG_max_x: 1317.65
DSC_8238.JPG_min_x: 815.282
DSC_8238.JPG_max_y: 1634.21
DSC_8238.JPG_min_y: 734.001
DSC_8444.JPG_max_x: 367.892
DSC_8444.JPG_min_x: 17.8616
DSC_8444.JPG_max_y: 1431.64
DSC_8444.JPG_min_y: 819.852
