-1.672851586461507889e-01 -1.169188658568828698e+00 1.036327463298452358e+03
-7.124786098177546267e-02 -7.730137429288751472e-01 6.833312683119002031e+02
-9.940053817550215912e-05 -1.075374979412700499e-03 1.000000000000000000e+00
DSC_8248.JPG_max_x: 776.538
DSC_8248.JPG_min_x: 19.933
DSC_8248.JPG_max_y: 1498.48
DSC_8248.JPG_min_y: 611.598
DSC_8361.JPG_max_x: 1272.27
DSC_8361.JPG_min_x: 242.796
DSC_8361.JPG_max_y: 1038.34
DSC_8361.JPG_min_y: 116.261
