9.211855145398729627e-01 -8.295710790303867377e-02 -1.695869859685168990e+02
6.516129027300272825e-02 7.357357015017700341e-01 4.122143587843622754e+02
4.077816651634516126e-05 -1.926634089348809207e-04 1.000000000000000000e+00
DSC_8299.JPG_max_x: 1110.47
DSC_8299.JPG_min_x: 403.033
DSC_8299.JPG_max_y: 1252.04
DSC_8299.JPG_min_y: 12.9242
DSC_8459.JPG_max_x: 858.855
DSC_8459.JPG_min_x: 161.823
DSC_8459.JPG_max_y: 1731.73
DSC_8459.JPG_min_y: 482.153
