5.425208334937049237e+00 -3.931387585259718542e-01 -4.875618217205147630e+03
2.092387664321563978e+00 3.470853274884633244e+00 -2.926470482259800065e+03
1.433627138020497193e-03 -5.812825928954657101e-04 1.000000000000000000e+00
DSC_8230.JPG_max_x: 1244.19
DSC_8230.JPG_min_x: 1035.1
DSC_8230.JPG_max_y: 1237.96
DSC_8230.JPG_min_y: 726.109
DSC_8360.JPG_max_x: 672.66
DSC_8360.JPG_min_x: 169.596
DSC_8360.JPG_max_y: 1965.96
DSC_8360.JPG_min_y: 851.34
