1.013811566865290281e+00 -1.661950869169246114e-01 4.260136618746796557e+02
2.111850168776290282e-01 6.376485812861216740e-01 1.208228793661810187e+03
1.227687853458391562e-04 -1.436080967086019670e-04 1.000000000000000000e+00
DSC_8221.JPG_max_x: 942.786
DSC_8221.JPG_min_x: 144.628
DSC_8221.JPG_max_y: 579.541
DSC_8221.JPG_min_y: 140.763
DSC_8350.JPG_max_x: 1235.65
DSC_8350.JPG_min_x: 516.0
DSC_8350.JPG_max_y: 1725.27
DSC_8350.JPG_min_y: 1361.96
