1.718053406621593115e+00 1.065699592463890566e+00 -1.516456320481855983e+03
8.117791345282475701e-01 2.089622079481193495e+00 -3.931859371789531110e+02
1.776931482024477664e-03 1.113384204038072358e-04 9.999999999999998890e-01
DSC_8331.JPG_max_x: 1156.83
DSC_8331.JPG_min_x: 623.721
DSC_8331.JPG_max_y: 1544.04
DSC_8331.JPG_min_y: 369.891
DSC_8401.JPG_max_x: 702.661
DSC_8401.JPG_min_x: 87.6897
DSC_8401.JPG_max_y: 1330.42
DSC_8401.JPG_min_y: 381.519
