1.062042328946145364e+00 -1.401392325906166136e-01 9.198462227141277481e+01
6.493316062659221233e-01 1.000726139450923924e+00 1.288266312472208597e+02
5.531307445436266061e-04 -1.759948882408182821e-04 1.000000000000000000e+00
DSC_8248.JPG_max_x: 517.013
DSC_8248.JPG_min_x: 28.8796
DSC_8248.JPG_max_y: 1077.4
DSC_8248.JPG_min_y: 605.401
DSC_8376.JPG_max_x: 474.305
DSC_8376.JPG_min_x: 24.6181
DSC_8376.JPG_max_y: 1464.71
DSC_8376.JPG_min_y: 859.395
