-1.170930979101058034e+00 -6.940415824863679917e-02 1.112891826977819392e+03
-2.582735628807856898e+00 -4.002481458809705739e-01 2.314029562342127520e+03
-1.822373873279357209e-03 2.201908172670688437e-04 1.000000000000000000e+00
DSC_8202.JPG_max_x: 1180.14
DSC_8202.JPG_min_x: 429.716
DSC_8202.JPG_max_y: 1609.38
DSC_8202.JPG_min_y: 659.547
DSC_8208.JPG_max_x: 996.011
DSC_8208.JPG_min_x: 5.49178
DSC_8208.JPG_max_y: 1931.44
DSC_8208.JPG_min_y: 816.895
