3.924723973478289274e+00 3.635159554789958669e+00 5.195252281179728016e+02
-1.003224379826453072e+00 1.372191358296470831e+01 -1.293428622610835555e+04
-6.086638432079706333e-03 5.228335153092173240e-03 1.000000000000000000e+00
DSC_8198.JPG_max_x: 577.608
DSC_8198.JPG_min_x: 15.5377
DSC_8198.JPG_max_y: 1963.86
DSC_8198.JPG_min_y: 994.731
DSC_8331.JPG_max_x: 1322.54
DSC_8331.JPG_min_x: 648.726
DSC_8331.JPG_max_y: 1880.9
DSC_8331.JPG_min_y: 140.381
