1.357301018344958088e+00 1.661429225312729963e-01 -5.407972362466883851e+02
-6.307500944948045418e-02 1.848955229731855443e+00 -1.221287730091453113e+03
-1.893582307419597853e-04 3.274302190899265673e-04 1.000000000000000000e+00
DSC_8296.JPG_max_x: 1284.25
DSC_8296.JPG_min_x: 682.083
DSC_8296.JPG_max_y: 1746.08
DSC_8296.JPG_min_y: 715.226
DSC_8441.JPG_max_x: 1307.07
DSC_8441.JPG_min_x: 452.987
DSC_8441.JPG_max_y: 1440.0
DSC_8441.JPG_min_y: 15.264
