-7.862949216744823389e+02 -4.256326509584023370e+02 7.248316963271701243e+05
-2.280987970774559130e+02 -7.042605062659341684e+02 1.078357763601342158e+05
-5.729309955557189138e-01 -2.199760568386817938e-01 1.000000000000000000e+00
DSC_8199.JPG_max_x: 1311.51
DSC_8199.JPG_min_x: 521.652
DSC_8199.JPG_max_y: 974.933
DSC_8199.JPG_min_y: 180.218
DSC_8399.JPG_max_x: 649.287
DSC_8399.JPG_min_x: 83.662
DSC_8399.JPG_max_y: 1365.4
DSC_8399.JPG_min_y: 419.386
