8.365965160415147484e-01 -1.047677916915191049e-01 7.712481468667544959e+02
2.471091210734721877e-01 6.012711462211550728e-01 3.706216307552602416e+02
1.972433102418119177e-04 -4.745106053448775184e-05 1.000000000000000000e+00
DSC_8268.JPG_max_x: 1000.48
DSC_8268.JPG_min_x: 19.3384
DSC_8268.JPG_max_y: 1684.23
DSC_8268.JPG_min_y: 521.944
DSC_8448.JPG_max_x: 1318.32
DSC_8448.JPG_min_x: 672.162
DSC_8448.JPG_max_y: 1498.14
DSC_8448.JPG_min_y: 763.706
