1.433373707101431416e+00 -3.351482258805949521e-01 -3.817946762237634744e+02
1.839803035302293166e-01 6.391298742399208477e-01 1.106481045870233402e+03
7.586416720766128166e-05 -4.283881087482198260e-04 9.999999999999998890e-01
DSC_8417.JPG_max_x: 1167.5
DSC_8417.JPG_min_x: 307.511
DSC_8417.JPG_max_y: 571.561
DSC_8417.JPG_min_y: 12.3528
DSC_8448.JPG_max_x: 1266.83
DSC_8448.JPG_min_x: 30.4121
DSC_8448.JPG_max_y: 1992.03
DSC_8448.JPG_min_y: 1190.97
