4.743512669540970172e-01 -2.020282371055878157e-01 3.456484650270861039e+02
1.448309292669011476e-02 1.136652695740678343e-01 9.859786341045145264e+02
-2.948979303631747034e-05 -2.716786376116744200e-04 1.000000000000000000e+00
DSC_8327.JPG_max_x: 1230.71
DSC_8327.JPG_min_x: 44.1133
DSC_8327.JPG_max_y: 1169.96
DSC_8327.JPG_min_y: 339.539
DSC_8456.JPG_max_x: 990.259
DSC_8456.JPG_min_x: 193.371
DSC_8456.JPG_max_y: 1666.53
DSC_8456.JPG_min_y: 1202.74
