1.250545316347225766e+00 -1.507417493581053591e-01 -1.727302025572754758e+02
-2.562699123074127852e-02 1.395871993551047963e+00 -8.666774383192774849e+02
-3.889827176616288378e-05 1.662537035232994267e-04 1.000000000000000000e+00
DSC_8276.JPG_max_x: 1233.97
DSC_8276.JPG_min_x: 314.04
DSC_8276.JPG_max_y: 1395.75
DSC_8276.JPG_min_y: 1073.77
DSC_8457.JPG_max_x: 974.875
DSC_8457.JPG_min_x: 53.0082
DSC_8457.JPG_max_y: 889.722
DSC_8457.JPG_min_y: 531.408
