-3.819894432331091827e-01 -2.881365621215126183e-01 5.323940288823723677e+02
-7.717359240087015015e-01 -6.563443214519487645e-01 1.085142649896556804e+03
-7.138264727054213343e-04 -5.783510297726989066e-04 1.000000000000000000e+00
DSC_8197.JPG_max_x: 1318.76
DSC_8197.JPG_min_x: 892.073
DSC_8197.JPG_max_y: 826.876
DSC_8197.JPG_min_y: 134.658
DSC_8376.JPG_max_x: 470.77
DSC_8376.JPG_min_x: 23.916
DSC_8376.JPG_max_y: 1850.48
DSC_8376.JPG_min_y: 1047.1
