9.738767933169685254e-01 1.154813918763531733e-01 2.016132977846168615e+02
-9.925310810979035003e-02 5.121413653792376008e-01 6.167106557130712190e+02
-6.214657528826243271e-05 -1.247062345319950702e-04 1.000000000000000000e+00
DSC_8202.JPG_max_x: 849.548
DSC_8202.JPG_min_x: 50.9585
DSC_8202.JPG_max_y: 1508.91
DSC_8202.JPG_min_y: 688.324
DSC_8414.JPG_max_x: 1323.96
DSC_8414.JPG_min_x: 445.383
DSC_8414.JPG_max_y: 1708.92
DSC_8414.JPG_min_y: 1032.63
