1.968630299810314899e+00 -1.613135137359838212e-01 -7.435183781911415508e+02
3.762106618331061414e-01 1.617255352245209554e+00 -7.536843391001821146e+02
2.833116370273064052e-04 -6.715159561082842030e-05 1.000000000000000000e+00
DSC_8360.JPG_max_x: 1323.85
DSC_8360.JPG_min_x: 367.237
DSC_8360.JPG_max_y: 1703.6
DSC_8360.JPG_min_y: 856.402
DSC_8402.JPG_max_x: 1267.05
DSC_8402.JPG_min_x: 10.9995
DSC_8402.JPG_max_y: 1983.56
DSC_8402.JPG_min_y: 778.199
