2.781942616543225388e-01 -4.347540707566778795e-01 7.412067472532727379e+02
-1.056721641115492549e-01 3.587192611181397872e-01 3.003265204316413133e+02
-3.771249070181679867e-04 -1.062671865311107656e-04 1.000000000000000000e+00
DSC_8211.JPG_max_x: 969.242
DSC_8211.JPG_min_x: 34.3458
DSC_8211.JPG_max_y: 1295.7
DSC_8211.JPG_min_y: 377.72
DSC_8355.JPG_max_x: 1162.36
DSC_8355.JPG_min_x: 456.379
DSC_8355.JPG_max_y: 1325.41
DSC_8355.JPG_min_y: 488.245
