-9.873540875643266324e-02 4.245105044300767627e-02 6.731446414457326455e+01
-2.317753190274546515e+00 1.929123764801769392e+00 1.365295444622781133e+03
-1.692764565040417047e-03 1.396098101115287931e-03 1.000000000000000000e+00
DSC_8329.JPG_max_x: 860.826
DSC_8329.JPG_min_x: 631.656
DSC_8329.JPG_max_y: 383.916
DSC_8329.JPG_min_y: 43.26
DSC_8438.JPG_max_x: 1148.98
DSC_8438.JPG_min_x: 47.7318
DSC_8438.JPG_max_y: 1441.28
DSC_8438.JPG_min_y: 927.832
