2.499316578321666427e-01 -5.376022162048529340e-01 9.462271789913557996e+02
-6.964928079082255419e-02 -1.338150304251955192e-01 1.210743624149322613e+03
-1.245096614701113476e-04 -3.317536103623695398e-04 1.000000000000000000e+00
DSC_8229.JPG_max_x: 803.826
DSC_8229.JPG_min_x: 56.0281
DSC_8229.JPG_max_y: 621.556
DSC_8229.JPG_min_y: 231.894
DSC_8474.JPG_max_x: 1249.57
DSC_8474.JPG_min_x: 904.506
DSC_8474.JPG_max_y: 1525.63
DSC_8474.JPG_min_y: 1292.33
