-5.004852157215787578e+00 1.659509630752598941e+00 1.225587846216970547e+03
-5.653567399485386780e+00 2.197807158163107122e+00 1.214608388094136217e+03
-4.341417406751351543e-03 1.439074427126017320e-03 9.999999999999998890e-01
DSC_8275.JPG_max_x: 375.07
DSC_8275.JPG_min_x: 53.0661
DSC_8275.JPG_max_y: 640.818
DSC_8275.JPG_min_y: 92.571
DSC_8452.JPG_max_x: 1325.02
DSC_8452.JPG_min_x: 755.776
DSC_8452.JPG_max_y: 1563.88
DSC_8452.JPG_min_y: 1188.56
