4.557247203478565822e+00 1.092119402661563043e+00 -1.473926818073233562e+03
-9.574775040732004250e-01 6.230561719532188292e+00 -2.117202107010523378e+03
-5.168642286308379116e-04 1.639189112771707434e-03 1.000000000000000000e+00
DSC_8448.JPG_max_x: 804.781
DSC_8448.JPG_min_x: 106.141
DSC_8448.JPG_max_y: 1860.17
DSC_8448.JPG_min_y: 704.291
DSC_8464.JPG_max_x: 1285.9
DSC_8464.JPG_min_x: 11.3079
DSC_8464.JPG_max_y: 1932.76
DSC_8464.JPG_min_y: 929.223
