8.884055168506490574e-01 -1.523435986549351584e-01 -2.216770321202222362e+02
1.715720386099199579e-02 9.214235782600606051e-01 3.107915178867576174e+02
-2.418511975427802352e-05 4.285861197463920616e-05 1.000000000000000000e+00
DSC_8322.JPG_max_x: 1320.89
DSC_8322.JPG_min_x: 369.045
DSC_8322.JPG_max_y: 1513.47
DSC_8322.JPG_min_y: 597.064
DSC_8412.JPG_max_x: 728.223
DSC_8412.JPG_min_x: 7.12349
DSC_8412.JPG_max_y: 1643.25
DSC_8412.JPG_min_y: 859.46
