1.103965088539119899e+00 1.135115565704765267e-01 1.936995021866745219e+02
9.848211126318620612e-02 1.098641288624958801e+00 -7.179445362506797323e+01
5.407455462515183301e-05 4.609246336065148911e-05 1.000000000000000000e+00
DSC_8394.JPG_max_x: 922.28
DSC_8394.JPG_min_x: 16.3923
DSC_8394.JPG_max_y: 1791.0
DSC_8394.JPG_min_y: 611.23
DSC_8412.JPG_max_x: 1217.03
DSC_8412.JPG_min_x: 312.592
DSC_8412.JPG_max_y: 1758.69
DSC_8412.JPG_min_y: 645.325
