4.710599429681089356e-01 -7.131073306049767746e-02 5.731252558748768706e+02
1.786508280970988960e-01 2.082851855755287751e-01 8.573859443084758141e+02
1.350313292486435691e-04 -1.174160275418236279e-04 1.000000000000000000e+00
DSC_8252.JPG_max_x: 1219.02
DSC_8252.JPG_min_x: 8.29286
DSC_8252.JPG_max_y: 1957.35
DSC_8252.JPG_min_y: 587.813
DSC_8378.JPG_max_x: 1051.84
DSC_8378.JPG_min_x: 322.146
DSC_8378.JPG_max_y: 1611.0
DSC_8378.JPG_min_y: 1054.43
