1.303325019542138197e+00 8.014069433594170344e-02 -1.766409024770681526e+02
-2.481731896514870750e-01 1.206052320360573749e+00 -1.521562150351416847e+02
-1.561219379065893937e-04 2.963980502220527437e-05 1.000000000000000000e+00
DSC_8366.JPG_max_x: 958.949
DSC_8366.JPG_min_x: 135.909
DSC_8366.JPG_max_y: 1472.83
DSC_8366.JPG_min_y: 1021.55
DSC_8446.JPG_max_x: 1321.22
DSC_8446.JPG_min_x: 117.276
DSC_8446.JPG_max_y: 1559.64
DSC_8446.JPG_min_y: 972.953
