5.384082846673224898e-01 -1.782643397049666067e-01 1.826672147260946133e+02
1.119186473251216618e-01 9.073671558924495395e-02 1.156670164272351030e+03
6.201643836225904612e-05 -2.836015578966363565e-04 1.000000000000000000e+00
DSC_8335.JPG_max_x: 1205.91
DSC_8335.JPG_min_x: 263.515
DSC_8335.JPG_max_y: 1112.99
DSC_8335.JPG_min_y: 9.05744
DSC_8378.JPG_max_x: 813.894
DSC_8378.JPG_min_x: 309.252
DSC_8378.JPG_max_y: 1828.14
DSC_8378.JPG_min_y: 1171.76
