1.032392478126417323e+00 2.002958740342797306e-02 -7.999966663084872209e+01
2.233216107478678408e-02 1.046570669208594317e+00 -1.191765381640501857e+02
1.938659723698323727e-05 4.312530722203752144e-05 1.000000000000000000e+00
DSC_8365.JPG_max_x: 1264.26
DSC_8365.JPG_min_x: 71.4489
DSC_8365.JPG_max_y: 1418.63
DSC_8365.JPG_min_y: 110.264
DSC_8379.JPG_max_x: 1174.44
DSC_8379.JPG_min_x: 17.2667
DSC_8379.JPG_max_y: 1281.77
DSC_8379.JPG_min_y: 4.39294
