8.485961114128782734e-01 3.798397584488884537e-01 9.643261842516666320e+02
4.422524469870255104e-02 1.062114309127024425e+00 2.484329119796015561e+02
7.050948483380735040e-05 2.934271656806952591e-04 1.000000000000000000e+00
DSC_8224.JPG_max_x: 468.5
DSC_8224.JPG_min_x: 16.9068
DSC_8224.JPG_max_y: 1695.14
DSC_8224.JPG_min_y: 724.034
DSC_8452.JPG_max_x: 1313.98
DSC_8452.JPG_min_x: 1046.78
DSC_8452.JPG_max_y: 1368.42
DSC_8452.JPG_min_y: 839.811
