8.355672588188427508e-01 3.699419331418688645e-02 2.126618613415166408e+02
-5.002676630403583846e-02 8.721042357904220665e-01 3.921731603545224232e+01
-4.754951159235571985e-05 5.891011793441893608e-06 9.999999999999998890e-01
DSC_8427.JPG_max_x: 1220.52
DSC_8427.JPG_min_x: 262.119
DSC_8427.JPG_max_y: 1067.56
DSC_8427.JPG_min_y: 158.173
DSC_8443.JPG_max_x: 1318.26
DSC_8443.JPG_min_x: 508.352
DSC_8443.JPG_max_y: 975.278
DSC_8443.JPG_min_y: 155.022
