9.080001932094168282e-01 -1.569022316773299175e-01 5.826526621933662398e+01
-4.807864266323757380e-02 7.549206974845250606e-01 4.624672694090770051e+02
-1.261960629786408529e-04 -2.305181287956465427e-04 1.000000000000000000e+00
DSC_8249.JPG_max_x: 665.261
DSC_8249.JPG_min_x: 13.8765
DSC_8249.JPG_max_y: 985.318
DSC_8249.JPG_min_y: 184.232
DSC_8315.JPG_max_x: 695.474
DSC_8315.JPG_min_x: 8.24157
DSC_8315.JPG_max_y: 1706.23
DSC_8315.JPG_min_y: 646.947
