2.044246615388199739e+00 4.371191159906522850e-01 -3.338731688927779828e+00
1.768064643159090288e+00 1.851445055229947956e+00 1.414457130029962173e+03
1.167479543924794224e-03 4.981281338680056819e-04 1.000000000000000000e+00
DSC_8223.JPG_max_x: 1327.66
DSC_8223.JPG_min_x: 346.499
DSC_8223.JPG_max_y: 936.483
DSC_8223.JPG_min_y: 58.0527
DSC_8366.JPG_max_x: 1071.8
DSC_8366.JPG_min_x: 565.419
DSC_8366.JPG_max_y: 1860.81
DSC_8366.JPG_min_y: 1492.26
