-2.077940306154589134e+00 -1.823078834842886353e+00 8.206759094131779193e+02
-1.754044389207965793e+00 -7.017723390771371861e+00 1.598900580210603721e+03
-1.300152644649393277e-03 -4.520408409698806196e-03 1.000000000000000000e+00
DSC_8397.JPG_max_x: 931.296
DSC_8397.JPG_min_x: 175.295
DSC_8397.JPG_max_y: 599.153
DSC_8397.JPG_min_y: 219.975
DSC_8446.JPG_max_x: 1228.47
DSC_8446.JPG_min_x: 282.745
DSC_8446.JPG_max_y: 1475.3
DSC_8446.JPG_min_y: 1273.08
