3.247303902860857461e-01 -2.572152399055128158e-01 6.227728504775762985e+02
1.747919767718804709e-02 -5.622329746245447726e-04 1.143915117584319660e+03
-2.058489625570218324e-05 -2.612904106011270603e-04 1.000000000000000000e+00
DSC_8257.JPG_max_x: 1258.48
DSC_8257.JPG_min_x: 337.368
DSC_8257.JPG_max_y: 846.586
DSC_8257.JPG_min_y: 220.074
DSC_8414.JPG_max_x: 1065.27
DSC_8414.JPG_min_x: 698.025
DSC_8414.JPG_max_y: 1482.86
DSC_8414.JPG_min_y: 1237.8
