1.747529135195643679e+00 -3.460224977452103917e-02 -4.842742996652528973e+02
1.540037745611474440e-01 1.640259455639829556e+00 -8.705460821691182218e+02
1.154857090943364132e-04 -2.720186155959510626e-05 1.000000000000000000e+00
DSC_8398.JPG_max_x: 1118.5
DSC_8398.JPG_min_x: 383.631
DSC_8398.JPG_max_y: 1646.82
DSC_8398.JPG_min_y: 973.741
DSC_8432.JPG_max_x: 1291.76
DSC_8432.JPG_min_x: 143.093
DSC_8432.JPG_max_y: 1891.56
DSC_8432.JPG_min_y: 769.617
