5.443860415416140741e-01 6.571250572089407105e-02 -3.800511260223596537e+02
2.516885128533874472e+00 -9.438408728755024457e-01 3.971470454562021928e+02
1.880774276411272114e-03 -1.108406762928265850e-03 1.000000000000000000e+00
DSC_8224.JPG_max_x: 1283.9
DSC_8224.JPG_min_x: 501.28
DSC_8224.JPG_max_y: 1745.75
DSC_8224.JPG_min_y: 762.766
DSC_8474.JPG_max_x: 980.274
DSC_8474.JPG_min_x: 26.0699
DSC_8474.JPG_max_y: 1400.22
DSC_8474.JPG_min_y: 911.54
