5.900335575199803229e-01 3.048778584423159632e-01 -7.349363629087018808e+02
-4.981817554458507491e-01 7.657255249249652618e-01 6.763782218674668911e+02
-2.081270706175616654e-04 7.113440119024819143e-05 1.000000000000000000e+00
DSC_8327.JPG_max_x: 1315.06
DSC_8327.JPG_min_x: 1170.51
DSC_8327.JPG_max_y: 1155.47
DSC_8327.JPG_min_y: 224.788
DSC_8329.JPG_max_x: 485.461
DSC_8329.JPG_min_x: 92.4017
DSC_8329.JPG_max_y: 1121.66
DSC_8329.JPG_min_y: 283.953
