7.866562536644852166e-01 -1.065600434000276431e-01 5.302878547959893751e+01
-6.287240472945947525e-03 8.412887977845523446e-01 2.450158908324269476e+02
-4.391689155298136843e-05 2.472958050374959990e-04 1.000000000000000000e+00
DSC_8227.JPG_max_x: 1299.55
DSC_8227.JPG_min_x: 27.6146
DSC_8227.JPG_max_y: 703.642
DSC_8227.JPG_min_y: 199.124
DSC_8325.JPG_max_x: 1020.78
DSC_8325.JPG_min_x: 32.8628
DSC_8325.JPG_max_y: 725.761
DSC_8325.JPG_min_y: 407.243
