7.842036331794943749e-01 5.321124649299304593e-02 -3.266467069391852647e+02
2.248476110347975288e-01 7.397581708899551023e-01 3.357641416571980244e+02
2.538437348105702083e-04 -8.881234351538685399e-06 9.999999999999998890e-01
DSC_8270.JPG_max_x: 1272.11
DSC_8270.JPG_min_x: 485.098
DSC_8270.JPG_max_y: 1705.63
DSC_8270.JPG_min_y: 1224.86
DSC_8452.JPG_max_x: 583.66
DSC_8452.JPG_min_x: 117.652
DSC_8452.JPG_max_y: 1441.86
DSC_8452.JPG_min_y: 1179.85
