1.146562755455135529e-01 -4.436898573851960070e-01 4.980549536874722776e+02
1.821102217567338866e-01 -5.637538626236843209e-01 6.268511020316483382e+02
2.379381289500283737e-04 -8.919150783892877514e-04 1.000000000000000000e+00
DSC_8216.JPG_max_x: 1109.54
DSC_8216.JPG_min_x: 92.5876
DSC_8216.JPG_max_y: 1721.2
DSC_8216.JPG_min_y: 1114.66
DSC_8407.JPG_max_x: 663.549
DSC_8407.JPG_min_x: 236.161
DSC_8407.JPG_max_y: 1616.47
DSC_8407.JPG_min_y: 285.413
