-2.414228679880841832e-01 -5.322527736711268193e-02 2.715305904268942641e+02
-1.505015345961111084e+00 -2.526008383029387239e-01 1.455272175358133836e+03
-1.347442409980835216e-03 1.680761371663741264e-05 1.000000000000000000e+00
DSC_8202.JPG_max_x: 1152.58
DSC_8202.JPG_min_x: 675.63
DSC_8202.JPG_max_y: 1827.84
DSC_8202.JPG_min_y: 659.547
DSC_8308.JPG_max_x: 370.384
DSC_8308.JPG_min_x: 6.86189
DSC_8308.JPG_max_y: 1538.55
DSC_8308.JPG_min_y: 721.999
