1.024400555268509150e+00 5.381385236319607968e-02 -1.960637356561472870e+02
-8.078925751215619913e-03 1.006136234635266247e+00 -1.138273957524471598e+02
5.001835937564630825e-05 1.545347782776606150e-04 1.000000000000000000e+00
DSC_8453.JPG_max_x: 1284.4
DSC_8453.JPG_min_x: 171.761
DSC_8453.JPG_max_y: 1423.42
DSC_8453.JPG_min_y: 218.396
DSC_8473.JPG_max_x: 1021.63
DSC_8473.JPG_min_x: 28.9553
DSC_8473.JPG_max_y: 1076.09
DSC_8473.JPG_min_y: 88.7791
