8.095110212590999055e-01 -2.733269717210023431e-01 1.759464327125232685e+01
5.843057746088708981e-02 2.585810037145377938e-01 1.015851716475359240e+03
3.172338563614994028e-05 -3.545986095501808604e-04 9.999999999999998890e-01
DSC_8455.JPG_max_x: 1328.67
DSC_8455.JPG_min_x: 137.189
DSC_8455.JPG_max_y: 787.703
DSC_8455.JPG_min_y: 299.162
DSC_8474.JPG_max_x: 1093.03
DSC_8474.JPG_min_x: 21.9297
DSC_8474.JPG_max_y: 1691.05
DSC_8474.JPG_min_y: 1230.49
