5.201316055745394129e-01 8.283206334541004523e-02 9.216101902098220080e+02
-3.767111697739061182e-01 1.007931551708701301e+00 -1.017409868404014190e+02
-3.911484284460136013e-04 3.968409151361110981e-05 1.000000000000000000e+00
DSC_8442.JPG_max_x: 349.604
DSC_8442.JPG_min_x: 10.0009
DSC_8442.JPG_max_y: 1774.97
DSC_8442.JPG_min_y: 1452.29
DSC_8444.JPG_max_x: 1331.98
DSC_8444.JPG_min_x: 994.94
DSC_8444.JPG_max_y: 1588.85
DSC_8444.JPG_min_y: 1297.7
