1.169053198847456621e+00 7.533907562642570832e-03 4.221843977756169579e+02
7.197511680337786988e-02 9.955099689366115889e-01 3.198043298384540023e+01
1.087002693732855041e-04 -2.954239705240746536e-05 9.999999999999998890e-01
DSC_8330.JPG_max_x: 851.541
DSC_8330.JPG_min_x: 9.6476
DSC_8330.JPG_max_y: 1886.43
DSC_8330.JPG_min_y: 607.582
DSC_8346.JPG_max_x: 1328.91
DSC_8346.JPG_min_x: 487.767
DSC_8346.JPG_max_y: 1917.32
DSC_8346.JPG_min_y: 644.849
