1.453482301123432130e+00 -9.631425913327353872e-01 1.037586353136842490e+03
1.016776546324576147e+00 -1.086955746627479708e-01 8.419145845722331387e+02
6.676238624568417305e-04 -5.529445854080290018e-04 1.000000000000000000e+00
DSC_8259.JPG_max_x: 777.019
DSC_8259.JPG_min_x: 77.9407
DSC_8259.JPG_max_y: 1024.95
DSC_8259.JPG_min_y: 194.142
DSC_8306.JPG_max_x: 1283.33
DSC_8306.JPG_min_x: 931.052
DSC_8306.JPG_max_y: 1600.34
DSC_8306.JPG_min_y: 964.841
