-7.782596508394588053e-01 -6.020552527414102517e-01 8.833852095596150775e+02
-5.574789524654923945e-01 -4.901262954397411220e-01 6.732372726313080875e+02
-8.888103429402668650e-04 -7.169243285525065670e-04 1.000000000000000000e+00
DSC_8211.JPG_max_x: 1319.32
DSC_8211.JPG_min_x: 348.739
DSC_8211.JPG_max_y: 1295.7
DSC_8211.JPG_min_y: 136.991
DSC_8475.JPG_max_x: 1116.57
DSC_8475.JPG_min_x: 185.659
DSC_8475.JPG_max_y: 856.753
DSC_8475.JPG_min_y: 232.565
