1.410859428186767017e+00 -1.223007085811721045e-01 6.534836177271322413e+02
4.209980272389539369e-02 1.191931024744848244e+00 -3.011369061076429077e+01
1.936493067486101235e-05 -1.492680876292207010e-04 1.000000000000000000e+00
DSC_8216.JPG_max_x: 360.143
DSC_8216.JPG_min_x: 5.00906
DSC_8216.JPG_max_y: 1287.62
DSC_8216.JPG_min_y: 520.631
DSC_8374.JPG_max_x: 1170.35
DSC_8374.JPG_min_x: 634.643
DSC_8374.JPG_max_y: 1865.26
DSC_8374.JPG_min_y: 652.182
