-7.054378494715957792e+00 -2.149494950104860358e+00 5.693134547725378070e+03
-2.612259321394395581e-02 -7.244644660844744344e+00 9.033523202903872516e+03
-1.041307091698942706e-03 -2.667869252175685078e-03 1.000000000000000000e+00
DSC_8362.JPG_max_x: 1065.51
DSC_8362.JPG_min_x: 413.07
DSC_8362.JPG_max_y: 1860.64
DSC_8362.JPG_min_y: 1367.52
DSC_8419.JPG_max_x: 1253.41
DSC_8419.JPG_min_x: 116.326
DSC_8419.JPG_max_y: 963.611
DSC_8419.JPG_min_y: 285.393
