-3.058277024976088221e+00 -1.534586324050727146e+00 4.464217935262768151e+03
2.026847738135955368e-01 -3.655638674544091860e+00 3.305553277778760730e+03
-1.538401444713967912e-03 -1.957470654753452628e-03 1.000000000000000000e+00
DSC_8218.JPG_max_x: 1319.42
DSC_8218.JPG_min_x: 568.583
DSC_8218.JPG_max_y: 1955.53
DSC_8218.JPG_min_y: 967.797
DSC_8379.JPG_max_x: 452.363
DSC_8379.JPG_min_x: 68.1773
DSC_8379.JPG_max_y: 999.968
DSC_8379.JPG_min_y: 4.39294
