-1.600256456991709264e+00 1.123212286003754667e-01 1.332610526883393504e+03
-3.399203900820835678e+00 -6.739715379540391904e-01 3.186158995707839949e+03
-2.307543244405267733e-03 4.896525980256564818e-04 1.000000000000000000e+00
DSC_8198.JPG_max_x: 1313.24
DSC_8198.JPG_min_x: 112.822
DSC_8198.JPG_max_y: 1577.43
DSC_8198.JPG_min_y: 795.203
DSC_8364.JPG_max_x: 900.848
DSC_8364.JPG_min_x: 32.1513
DSC_8364.JPG_max_y: 1503.8
DSC_8364.JPG_min_y: 1038.99
