7.460261505352638878e-01 -4.409450099213892138e-02 3.862543008091664092e+02
3.688467285520715538e-02 6.633369659828428633e-01 4.984188586390803266e+02
1.564241778625206629e-05 -5.947183587056677965e-05 9.999999999999998890e-01
DSC_8220.JPG_max_x: 784.309
DSC_8220.JPG_min_x: 19.2265
DSC_8220.JPG_max_y: 1722.07
DSC_8220.JPG_min_y: 752.687
DSC_8378.JPG_max_x: 966.956
DSC_8378.JPG_min_x: 376.145
DSC_8378.JPG_max_y: 1823.05
DSC_8378.JPG_min_y: 1053.52
