4.726354076925881054e-01 1.088743254613414452e-01 6.275939543895882480e+02
-1.501031390133347188e-01 1.340695464045846164e+00 -1.200104808459491096e+03
-4.938908834676237949e-04 2.298368328201884088e-04 1.000000000000000000e+00
DSC_8330.JPG_max_x: 852.459
DSC_8330.JPG_min_x: 60.4812
DSC_8330.JPG_max_y: 1966.91
DSC_8330.JPG_min_y: 1123.79
DSC_8439.JPG_max_x: 1293.37
DSC_8439.JPG_min_x: 599.423
DSC_8439.JPG_max_y: 1187.24
DSC_8439.JPG_min_y: 198.664
