1.322818619845403498e+00 3.583338715694566190e-01 -9.075308297227572041e+01
2.660731791355892550e-01 1.428806137003275190e+00 -1.608052503228071544e+02
2.223202769810013934e-04 2.767107235694410156e-04 1.000000000000000000e+00
DSC_8210.JPG_max_x: 1314.01
DSC_8210.JPG_min_x: 55.6575
DSC_8210.JPG_max_y: 1983.93
DSC_8210.JPG_min_y: 203.939
DSC_8226.JPG_max_x: 1300.75
DSC_8226.JPG_min_x: 451.48
DSC_8226.JPG_max_y: 1688.33
DSC_8226.JPG_min_y: 378.443
