-1.121901010991140479e+00 7.970161611213757991e-02 9.172745102680495393e+02
-2.417876127272729825e+00 7.416153807511541851e-01 1.282523043531629583e+03
-1.520875093127515123e-03 1.277839780652005727e-04 9.999999999999998890e-01
DSC_8327.JPG_max_x: 1299.88
DSC_8327.JPG_min_x: 12.6906
DSC_8327.JPG_max_y: 981.606
DSC_8327.JPG_min_y: 425.926
DSC_8442.JPG_max_x: 1280.79
DSC_8442.JPG_min_x: 773.129
DSC_8442.JPG_max_y: 1963.22
DSC_8442.JPG_min_y: 1553.74
