-1.061399322545135471e+00 -1.216846804786484437e-01 1.151039331211077069e+03
-6.950831675791723230e-01 4.758549513995959379e-01 2.580997333490118990e+02
-1.289552962962398639e-03 1.051634796677090855e-04 1.000000000000000000e+00
DSC_8307.JPG_max_x: 1052.57
DSC_8307.JPG_min_x: 272.742
DSC_8307.JPG_max_y: 1869.85
DSC_8307.JPG_min_y: 390.463
DSC_8337.JPG_max_x: 1288.66
DSC_8337.JPG_min_x: 83.5535
DSC_8337.JPG_max_y: 1433.36
DSC_8337.JPG_min_y: 324.213
