9.133204025453477426e-01 -2.047950162064834378e-01 3.163605166581596677e+02
-6.239380834258209663e-02 4.287684342521924097e-01 1.264740536892666796e+03
-6.217329973619693277e-07 -3.257270560792468171e-04 9.999999999999998890e-01
DSC_8447.JPG_max_x: 1003.51
DSC_8447.JPG_min_x: 275.103
DSC_8447.JPG_max_y: 535.588
DSC_8447.JPG_min_y: 239.575
DSC_8466.JPG_max_x: 1304.3
DSC_8466.JPG_min_x: 578.681
DSC_8466.JPG_max_y: 1782.91
DSC_8466.JPG_min_y: 1424.77
