1.221850733702714686e+00 -4.139066965385321817e-01 -1.958133814258489167e+02
-2.508308562530895194e-02 8.270223326137101649e-01 4.845132823677647593e+02
6.391138639752551266e-05 -3.593448558601072254e-04 9.999999999999998890e-01
DSC_8295.JPG_max_x: 1246.93
DSC_8295.JPG_min_x: 414.588
DSC_8295.JPG_max_y: 507.11
DSC_8295.JPG_min_y: 13.6427
DSC_8309.JPG_max_x: 1228.89
DSC_8309.JPG_min_x: 276.0
DSC_8309.JPG_max_y: 926.394
DSC_8309.JPG_min_y: 431.381
