7.087135834470683626e-01 -1.456104285968095984e-02 -2.340514286889034565e+02
-1.054095931936369496e-01 8.137691560187895190e-01 1.523923817064924435e+02
-1.177080292534547664e-04 -2.102996416142893679e-05 1.000000000000000000e+00
DSC_8246.JPG_max_x: 1264.95
DSC_8246.JPG_min_x: 383.596
DSC_8246.JPG_max_y: 1741.11
DSC_8246.JPG_min_y: 431.559
DSC_8298.JPG_max_x: 775.396
DSC_8298.JPG_min_x: 30.3021
DSC_8298.JPG_max_y: 1706.8
DSC_8298.JPG_min_y: 471.925
