2.374236356949299243e+00 4.685277899529903811e-01 -3.352396457529136569e+03
-8.263083358121628974e-01 2.724053868107530807e+00 -2.587312936685137629e+03
-6.789126368507564235e-04 1.306115437942969920e-03 1.000000000000000000e+00
DSC_8470.JPG_max_x: 1319.23
DSC_8470.JPG_min_x: 1103.16
DSC_8470.JPG_max_y: 1925.36
DSC_8470.JPG_min_y: 1423.76
DSC_8473.JPG_max_x: 257.823
DSC_8473.JPG_min_x: 40.2997
DSC_8473.JPG_max_y: 630.84
DSC_8473.JPG_min_y: 129.685
