1.041396335313032218e+00 2.153425315603084422e-02 -4.818037992228153144e+02
1.471759973401255972e-01 1.056686795290796566e+00 -6.513871094388964877e+01
2.598508840310064937e-04 1.225586390858774408e-05 1.000000000000000000e+00
DSC_8311.JPG_max_x: 1262.92
DSC_8311.JPG_min_x: 494.067
DSC_8311.JPG_max_y: 833.655
DSC_8311.JPG_min_y: 47.8858
DSC_8477.JPG_max_x: 631.937
DSC_8477.JPG_min_x: 18.7736
DSC_8477.JPG_max_y: 752.804
DSC_8477.JPG_min_y: 103.838
