-1.729926999390644760e+00 -1.188543968058755729e+00 2.548729969728649394e+03
-1.506247947884811422e+00 -1.435242675385696165e+00 1.107974686949786019e+03
-1.973074194522687896e-03 -6.988840096619770956e-05 1.000000000000000000e+00
DSC_8217.JPG_max_x: 1324.28
DSC_8217.JPG_min_x: 1065.71
DSC_8217.JPG_max_y: 1090.66
DSC_8217.JPG_min_y: 442.102
DSC_8349.JPG_max_x: 631.514
DSC_8349.JPG_min_x: 4.18037
DSC_8349.JPG_max_y: 1456.84
DSC_8349.JPG_min_y: 954.133
