-9.863562134124649605e-02 -2.574450561261861226e-01 1.242185309969353739e+03
-4.936080889325162313e-01 3.230609029052184389e-01 1.063854620030451542e+03
-4.805002790211032300e-04 -8.350928779103352012e-05 1.000000000000000000e+00
DSC_8259.JPG_max_x: 382.595
DSC_8259.JPG_min_x: 68.3359
DSC_8259.JPG_max_y: 887.48
DSC_8259.JPG_min_y: 257.246
DSC_8452.JPG_max_x: 1325.02
DSC_8452.JPG_min_x: 1214.03
DSC_8452.JPG_max_y: 1563.88
DSC_8452.JPG_min_y: 1188.56
