5.394143736366221464e-01 -2.701763199438611540e-01 3.405117711687674955e+02
-1.222672036203963086e-01 -2.274783724303672816e-01 1.372544170014046585e+03
-8.485974979960691936e-05 -4.708159072831724981e-04 1.000000000000000000e+00
DSC_8411.JPG_max_x: 1088.06
DSC_8411.JPG_min_x: 7.66623
DSC_8411.JPG_max_y: 810.068
DSC_8411.JPG_min_y: 453.51
DSC_8426.JPG_max_x: 1169.5
DSC_8426.JPG_min_x: 252.83
DSC_8426.JPG_max_y: 1952.73
DSC_8426.JPG_min_y: 1643.16
