1.066577856751339759e+01 5.070029343947179967e+00 -4.634307474215141156e+03
1.633098356977179311e+00 1.383912281859564430e+01 -1.763996227606524917e+04
-1.046120268991891904e-03 7.123390636323611268e-03 1.000000000000000000e+00
DSC_8272.JPG_max_x: 1152.49
DSC_8272.JPG_min_x: 290.27
DSC_8272.JPG_max_y: 1977.6
DSC_8272.JPG_min_y: 1291.64
DSC_8287.JPG_max_x: 1311.76
DSC_8287.JPG_min_x: 531.118
DSC_8287.JPG_max_y: 803.521
DSC_8287.JPG_min_y: 116.118
