1.295891253789933639e+00 -5.865530437602702735e-02 -1.432453911592111240e+02
4.506637564603530044e-02 8.897333055964197213e-01 2.312884714349443982e+01
1.180474350852532832e-04 -1.075000408758396570e-04 1.000000000000000000e+00
DSC_8396.JPG_max_x: 1212.25
DSC_8396.JPG_min_x: 161.605
DSC_8396.JPG_max_y: 1563.1
DSC_8396.JPG_min_y: 1050.13
DSC_8472.JPG_max_x: 1303.14
DSC_8472.JPG_min_x: 124.539
DSC_8472.JPG_max_y: 1627.68
DSC_8472.JPG_min_y: 981.179
