8.836037020225671890e-02 8.865871502236241652e-02 6.866747340405720479e+02
-7.218255728274077798e-01 8.581950683861647722e-01 3.418494388065183784e+02
-7.890493493896050302e-04 1.827250929660611015e-04 1.000000000000000000e+00
DSC_8253.JPG_max_x: 458.797
DSC_8253.JPG_min_x: 17.3926
DSC_8253.JPG_max_y: 946.32
DSC_8253.JPG_min_y: 540.238
DSC_8433.JPG_max_x: 1015.04
DSC_8433.JPG_min_x: 678.907
DSC_8433.JPG_max_y: 984.0
DSC_8433.JPG_min_y: 725.218
