-2.500494805029290557e+00 5.618807169324684381e+00 2.949144243572135906e+02
-1.140623207837046671e+01 2.568705929552453782e+01 1.348662876142650020e+03
-8.447908469733813111e-03 1.901222859112767019e-02 1.000000000000000000e+00
DSC_8245.JPG_max_x: 760.588
DSC_8245.JPG_min_x: 146.398
DSC_8245.JPG_max_y: 319.332
DSC_8245.JPG_min_y: 19.3019
DSC_8456.JPG_max_x: 1324.45
DSC_8456.JPG_min_x: 107.253
DSC_8456.JPG_max_y: 1454.17
DSC_8456.JPG_min_y: 735.151
