2.634758382271610078e+00 8.070471390655149513e-01 -1.488754939815591797e+03
-5.297472427665256278e-01 3.215887100205593097e+00 -3.377779675809807941e+03
-4.750760030373223430e-06 1.007721434861834527e-03 1.000000000000000000e+00
DSC_8458.JPG_max_x: 971.836
DSC_8458.JPG_min_x: 187.067
DSC_8458.JPG_max_y: 1982.37
DSC_8458.JPG_min_y: 1225.15
DSC_8459.JPG_max_x: 919.87
DSC_8459.JPG_min_x: 41.1104
DSC_8459.JPG_max_y: 843.703
DSC_8459.JPG_min_y: 64.4967
