-2.768376884446584474e-01 3.131381662297229567e-03 3.243510059275560025e+02
-1.096158116184148934e+00 -1.450648709546075443e-01 1.129002644766672347e+03
-1.245910634139903595e-03 1.892399457482492819e-04 1.000000000000000000e+00
DSC_8234.JPG_max_x: 1308.62
DSC_8234.JPG_min_x: 505.416
DSC_8234.JPG_max_y: 1707.01
DSC_8234.JPG_min_y: 990.932
DSC_8252.JPG_max_x: 323.581
DSC_8252.JPG_min_x: 8.29286
DSC_8252.JPG_max_y: 1957.35
DSC_8252.JPG_min_y: 708.328
