3.611420358113811013e-01 -2.799322865152104045e-01 1.382846309882582545e+03
-9.339082517161539920e-02 7.078409441747206543e-01 2.709069804477027787e+02
-3.282772375199315943e-04 4.515630269292209784e-05 1.000000000000000000e+00
DSC_8439.JPG_max_x: 473.815
DSC_8439.JPG_min_x: 220.629
DSC_8439.JPG_max_y: 1423.55
DSC_8439.JPG_min_y: 1236.04
DSC_8457.JPG_max_x: 1293.82
DSC_8457.JPG_min_x: 1118.58
DSC_8457.JPG_max_y: 1332.29
DSC_8457.JPG_min_y: 1148.84
