7.615140200946645122e-01 3.160652574713574813e-03 -6.964853383874446990e+02
-3.527332116396058037e-01 7.339595492911249464e-01 1.460365319598984343e+03
-5.667188782825254603e-05 -5.725417885200961610e-05 1.000000000000000000e+00
DSC_8291.JPG_max_x: 1304.06
DSC_8291.JPG_min_x: 1112.34
DSC_8291.JPG_max_y: 891.283
DSC_8291.JPG_min_y: 292.913
DSC_8452.JPG_max_x: 334.807
DSC_8452.JPG_min_x: 158.98
DSC_8452.JPG_max_y: 1911.64
DSC_8452.JPG_min_y: 1393.49
