-7.046733313393904741e-01 -9.161837990231358475e-01 1.439537593553210172e+03
-3.149994328238240465e-02 -1.054278489420739984e+00 1.265243776362576000e+03
-3.839856409948046970e-04 -8.845530088312356012e-04 1.000000000000000000e+00
DSC_8414.JPG_max_x: 829.534
DSC_8414.JPG_min_x: 174.541
DSC_8414.JPG_max_y: 1635.51
DSC_8414.JPG_min_y: 1252.47
DSC_8453.JPG_max_x: 765.477
DSC_8453.JPG_min_x: 278.174
DSC_8453.JPG_max_y: 954.948
DSC_8453.JPG_min_y: 218.396
