7.600631878136554498e-01 -2.960973365519730116e-01 -4.046128254682534475e+01
3.529447208959578530e-01 -3.547002919169298801e-02 1.202505663037418117e+03
1.904194208479648696e-04 -4.951541144669306541e-04 1.000000000000000000e+00
DSC_8353.JPG_max_x: 1319.05
DSC_8353.JPG_min_x: 163.033
DSC_8353.JPG_max_y: 725.425
DSC_8353.JPG_min_y: 91.8099
DSC_8380.JPG_max_x: 1110.93
DSC_8380.JPG_min_x: 39.2375
DSC_8380.JPG_max_y: 1736.69
DSC_8380.JPG_min_y: 1295.53
