8.752509428995514096e-01 -2.021221323360078426e+00 1.276817486263026012e+03
2.373057228866455759e+00 -3.725098456766395394e+00 2.424859814033360635e+03
1.500130506574014633e-03 -1.817297460019023578e-03 1.000000000000000000e+00
DSC_8298.JPG_max_x: 1071.5
DSC_8298.JPG_min_x: 11.9359
DSC_8298.JPG_max_y: 1026.65
DSC_8298.JPG_min_y: 784.276
DSC_8408.JPG_max_x: 1299.7
DSC_8408.JPG_min_x: 317.614
DSC_8408.JPG_max_y: 1839.16
DSC_8408.JPG_min_y: 1088.57
