9.801869665125556574e-01 -1.543247337019559573e-01 7.544348775934845435e+02
2.130583180762845863e-01 7.945257432160378608e-01 2.166689627828695563e+02
1.463756975993816558e-04 -7.050575166817016099e-05 1.000000000000000000e+00
DSC_8252.JPG_max_x: 785.97
DSC_8252.JPG_min_x: 8.57492
DSC_8252.JPG_max_y: 1427.76
DSC_8252.JPG_min_y: 590.938
DSC_8448.JPG_max_x: 1316.86
DSC_8448.JPG_min_x: 610.06
DSC_8448.JPG_max_y: 1498.14
DSC_8448.JPG_min_y: 763.706
