6.795100887786471588e-01 -5.851204605453504820e-02 3.193250486976273805e+02
5.881360144750317348e-02 5.503725384263707943e-01 4.484252784689873010e+02
6.316198704369389014e-05 -7.490334638445208398e-05 1.000000000000000000e+00
DSC_8318.JPG_max_x: 1306.61
DSC_8318.JPG_min_x: 134.388
DSC_8318.JPG_max_y: 1818.36
DSC_8318.JPG_min_y: 474.165
DSC_8334.JPG_max_x: 1137.85
DSC_8334.JPG_min_x: 384.282
DSC_8334.JPG_max_y: 1611.22
DSC_8334.JPG_min_y: 743.379
