1.184917472216745704e+00 6.446213114633220220e-02 -2.867634710896550700e+02
1.450222370961923302e-01 1.256222384062766873e+00 -2.475653372092419033e+02
1.267807822633379845e-04 1.509110912736368341e-04 1.000000000000000000e+00
DSC_8368.JPG_max_x: 1204.33
DSC_8368.JPG_min_x: 161.945
DSC_8368.JPG_max_y: 1978.49
DSC_8368.JPG_min_y: 666.967
DSC_8394.JPG_max_x: 922.28
DSC_8394.JPG_min_x: 3.03376
DSC_8394.JPG_max_y: 1685.7
DSC_8394.JPG_min_y: 611.23
