2.524924367147194371e+00 2.415599394437836500e-01 -2.530251722411640003e+03
1.630887243848722912e-01 3.714252467543172287e+00 -3.366192798418127040e+03
-4.932480547756763767e-05 7.628909425526147429e-04 9.999999999999998890e-01
DSC_8214.JPG_max_x: 1327.11
DSC_8214.JPG_min_x: 881.552
DSC_8214.JPG_max_y: 1901.65
DSC_8214.JPG_min_y: 860.418
DSC_8407.JPG_max_x: 603.691
DSC_8407.JPG_min_x: 51.5198
DSC_8407.JPG_max_y: 1585.52
DSC_8407.JPG_min_y: 15.3563
