-1.417352887822821872e+00 -4.404400712379212268e-01 1.592072252341989952e+03
-3.245122921280435335e+00 2.457389396584412286e-02 1.908423519383164148e+03
-2.811416757142482566e-03 4.565648392372911131e-04 1.000000000000000000e+00
DSC_8380.JPG_max_x: 1060.2
DSC_8380.JPG_min_x: 346.625
DSC_8380.JPG_max_y: 1599.55
DSC_8380.JPG_min_y: 1099.93
DSC_8454.JPG_max_x: 619.706
DSC_8454.JPG_min_x: 22.3987
DSC_8454.JPG_max_y: 1231.68
DSC_8454.JPG_min_y: 882.227
