2.477686072977723697e+00 7.078028321300793291e-01 -9.867706793876124038e+02
-2.535660068996032149e-02 2.699166531515249545e+00 -2.970001193730141949e+03
-4.913383486077937051e-05 9.185605002621829301e-04 9.999999999999998890e-01
DSC_8394.JPG_max_x: 1175.96
DSC_8394.JPG_min_x: 6.05618
DSC_8394.JPG_max_y: 1976.77
DSC_8394.JPG_min_y: 1315.12
DSC_8395.JPG_max_x: 1275.22
DSC_8395.JPG_min_x: 9.15967
DSC_8395.JPG_max_y: 851.452
DSC_8395.JPG_min_y: 252.901
