-1.975534708228067649e+00 -2.046124811303276836e+00 2.336570047174048796e+03
3.183071437246227653e-01 -4.657344735117652235e+00 5.607643939249634968e+03
4.931358307283813898e-04 -2.338641685947778857e-03 1.000000000000000000e+00
DSC_8346.JPG_max_x: 981.385
DSC_8346.JPG_min_x: 20.3822
DSC_8346.JPG_max_y: 1915.49
DSC_8346.JPG_min_y: 1421.43
DSC_8403.JPG_max_x: 1316.51
DSC_8403.JPG_min_x: 264.26
DSC_8403.JPG_max_y: 980.182
DSC_8403.JPG_min_y: 423.303
