-6.015140686692315164e-01 -3.955841620564508054e-01 1.054989019859462360e+03
-6.409064504588748434e-01 -7.089350428039536967e-01 1.346806461546508217e+03
-5.355047560818267192e-04 -4.400887906567554995e-04 1.000000000000000000e+00
DSC_8348.JPG_max_x: 1315.74
DSC_8348.JPG_min_x: 577.317
DSC_8348.JPG_max_y: 1777.33
DSC_8348.JPG_min_y: 789.907
DSC_8462.JPG_max_x: 1130.55
DSC_8462.JPG_min_x: 745.054
DSC_8462.JPG_max_y: 1766.07
DSC_8462.JPG_min_y: 999.28
