2.294715396432961629e+00 1.241864884393915736e+00 -1.096940652752598908e+03
8.775936579923827863e-02 2.403414167479174690e+00 -3.516870028364486984e+02
8.675452052525530746e-04 2.578613605964309328e-04 1.000000000000000000e+00
DSC_8415.JPG_max_x: 895.063
DSC_8415.JPG_min_x: 315.747
DSC_8415.JPG_max_y: 1213.84
DSC_8415.JPG_min_y: 275.516
DSC_8453.JPG_max_x: 932.461
DSC_8453.JPG_min_x: 214.701
DSC_8453.JPG_max_y: 1529.39
DSC_8453.JPG_min_y: 218.396
