-5.717730522600713350e+00 -6.130600072963433567e-01 3.125174631501386557e+03
-2.987545161650441816e+00 -2.202605900101235914e+00 2.289121760673932386e+03
-3.559554948155840663e-03 -2.155606376712199481e-04 1.000000000000000000e+00
DSC_8463.JPG_max_x: 1032.21
DSC_8463.JPG_min_x: 694.178
DSC_8463.JPG_max_y: 1586.3
DSC_8463.JPG_min_y: 282.784
DSC_8469.JPG_max_x: 1206.5
DSC_8469.JPG_min_x: 762.146
DSC_8469.JPG_max_y: 1675.38
DSC_8469.JPG_min_y: 407.264
