3.847239014975374349e-01 -1.614098803286576067e-01 4.659478116371954570e+02
4.925377122899334686e-02 4.056954038931537831e-01 -2.916780366258461754e+02
-8.018485160510482456e-05 -1.121616584970662407e-04 1.000000000000000000e+00
DSC_8272.JPG_max_x: 1098.76
DSC_8272.JPG_min_x: 412.035
DSC_8272.JPG_max_y: 1579.8
DSC_8272.JPG_min_y: 1162.44
DSC_8415.JPG_max_x: 878.434
DSC_8415.JPG_min_x: 506.419
DSC_8415.JPG_max_y: 502.802
DSC_8415.JPG_min_y: 283.516
