3.503592988498406835e-01 -2.299154316685431410e-01 6.642550572603645378e+02
-2.565725466145397926e-02 3.471775200251250859e-01 1.338551856708772675e+03
-1.008474953287285327e-04 -4.214990240064913859e-05 1.000000000000000000e+00
DSC_8225.JPG_max_x: 714.007
DSC_8225.JPG_min_x: 193.424
DSC_8225.JPG_max_y: 867.078
DSC_8225.JPG_min_y: 220.42
DSC_8380.JPG_max_x: 882.961
DSC_8380.JPG_min_x: 575.121
DSC_8380.JPG_max_y: 1736.69
DSC_8380.JPG_min_y: 1459.59
