4.091150032854828367e-01 -5.484385403364593348e-01 8.226915566152389374e+02
4.236685381029299813e-01 -6.462379364551835703e-01 1.409603262942228412e+03
1.951702713516743827e-04 -5.701445447362938007e-04 1.000000000000000000e+00
DSC_8213.JPG_max_x: 602.326
DSC_8213.JPG_min_x: 65.9002
DSC_8213.JPG_max_y: 1093.55
DSC_8213.JPG_min_y: 639.003
DSC_8442.JPG_max_x: 957.882
DSC_8442.JPG_min_x: 668.278
DSC_8442.JPG_max_y: 1889.53
DSC_8442.JPG_min_y: 1624.49
