1.745082189284564711e+00 -2.013690225638583575e-01 -4.297156982393599947e+02
-6.013461002597197957e-01 1.146243825425750762e+00 1.541163818588204748e+01
-4.898805942664908805e-04 -1.688915728604849936e-04 1.000000000000000000e+00
DSC_8348.JPG_max_x: 650.843
DSC_8348.JPG_min_x: 528.798
DSC_8348.JPG_max_y: 1103.6
DSC_8348.JPG_min_y: 660.178
DSC_8436.JPG_max_x: 998.442
DSC_8436.JPG_min_x: 539.018
DSC_8436.JPG_max_y: 1783.99
DSC_8436.JPG_min_y: 684.583
