1.828265118468244577e+00 -8.970762325732007519e-03 -3.797243939078751396e+02
1.190151411369251011e-01 1.703770127430391801e+00 -7.613087825830992017e+01
1.251677415438772769e-04 7.138743203745648248e-05 1.000000000000000000e+00
DSC_8365.JPG_max_x: 933.06
DSC_8365.JPG_min_x: 229.975
DSC_8365.JPG_max_y: 869.915
DSC_8365.JPG_min_y: 17.2552
DSC_8433.JPG_max_x: 1165.0
DSC_8433.JPG_min_x: 35.3606
DSC_8433.JPG_max_y: 1283.1
DSC_8433.JPG_min_y: 28.7661
