1.002529584036002674e+00 -5.455222601245744013e-02 -4.257956697931367529e+01
-1.382088727821879047e-02 1.167781117403390745e+00 1.547926831384768320e+02
-6.598390234858427558e-05 -3.879089266044809562e-05 1.000000000000000000e+00
DSC_8278.JPG_max_x: 1186.83
DSC_8278.JPG_min_x: 128.505
DSC_8278.JPG_max_y: 1158.21
DSC_8278.JPG_min_y: 549.888
DSC_8458.JPG_max_x: 1207.02
DSC_8458.JPG_min_x: 44.9639
DSC_8458.JPG_max_y: 1627.32
DSC_8458.JPG_min_y: 848.354
