6.193144714287555086e-01 -2.585664829322245062e-01 3.037176388972708310e+02
-1.685936711750606332e-01 3.480488215917333927e-01 1.177437516999042373e+03
-1.203417219269614131e-04 -2.635758202671839253e-04 1.000000000000000000e+00
DSC_8293.JPG_max_x: 1022.15
DSC_8293.JPG_min_x: 67.6053
DSC_8293.JPG_max_y: 899.482
DSC_8293.JPG_min_y: 77.7891
DSC_8452.JPG_max_x: 1063.51
DSC_8452.JPG_min_x: 193.202
DSC_8452.JPG_max_y: 1985.02
DSC_8452.JPG_min_y: 1234.28
