1.831129054871406980e+00 1.654015910816307444e-01 -1.776048389699308700e+03
3.828931899483620227e-01 1.805753369856490265e+00 -6.086201178117639756e+02
5.193672588284918047e-04 9.546287680310226590e-05 1.000000000000000000e+00
DSC_8260.JPG_max_x: 1238.37
DSC_8260.JPG_min_x: 879.694
DSC_8260.JPG_max_y: 1591.7
DSC_8260.JPG_min_y: 600.199
DSC_8262.JPG_max_x: 354.53
DSC_8262.JPG_min_x: 28.9333
DSC_8262.JPG_max_y: 1582.42
DSC_8262.JPG_min_y: 552.182
