-4.397146026348043080e+00 1.152277226019534950e+01 2.826026945717297849e+02
-3.000023975449093605e+00 4.728099119773752079e+00 1.246641484010311615e+03
-4.824661244310349782e-03 1.059805789728619253e-02 1.000000000000000000e+00
DSC_8337.JPG_max_x: 944.374
DSC_8337.JPG_min_x: 21.7775
DSC_8337.JPG_max_y: 844.932
DSC_8337.JPG_min_y: 192.856
DSC_8471.JPG_max_x: 1284.39
DSC_8471.JPG_min_x: 148.04
DSC_8471.JPG_max_y: 964.419
DSC_8471.JPG_min_y: 159.876
