-4.523977105001357302e+00 -5.640426048041222273e+00 -3.173559947856942358e+02
1.246862586515649907e-01 -1.063972182878814010e+01 1.085879806629225641e+04
1.958439113824048464e-03 -7.262230674382822750e-03 1.000000000000000000e+00
DSC_8338.JPG_max_x: 545.642
DSC_8338.JPG_min_x: 16.5957
DSC_8338.JPG_max_y: 1749.2
DSC_8338.JPG_min_y: 1273.3
DSC_8397.JPG_max_x: 1327.68
DSC_8397.JPG_min_x: 911.297
DSC_8397.JPG_max_y: 688.281
DSC_8397.JPG_min_y: 340.432
