6.795566911715914538e-01 -7.674395420846065186e-01 1.168953716740147001e+03
9.127460059393417702e-02 5.098976655744359432e-01 -3.714069751798764969e+02
-1.223494106914981912e-05 -3.760178926174850009e-04 1.000000000000000000e+00
DSC_8260.JPG_max_x: 699.322
DSC_8260.JPG_min_x: 26.3118
DSC_8260.JPG_max_y: 1401.31
DSC_8260.JPG_min_y: 1155.99
DSC_8325.JPG_max_x: 1253.35
DSC_8325.JPG_min_x: 417.984
DSC_8325.JPG_max_y: 867.84
DSC_8325.JPG_min_y: 407.243
