-1.197512969839579500e-01 2.560908992293949027e-02 9.818682709895092557e+02
-3.147966167150306749e-01 4.924536412902081883e-01 4.405141018372279405e+02
-2.846884204707536559e-04 -9.010837343346066980e-06 1.000000000000000000e+00
DSC_8272.JPG_max_x: 1096.47
DSC_8272.JPG_min_x: 299.105
DSC_8272.JPG_max_y: 1526.33
DSC_8272.JPG_min_y: 664.187
DSC_8336.JPG_max_x: 1327.45
DSC_8336.JPG_min_x: 1148.47
DSC_8336.JPG_max_y: 1280.81
DSC_8336.JPG_min_y: 670.315
