-1.887810048942611604e-02 -8.882735896168819645e-01 9.668791895506852825e+02
-2.615281897992663973e-01 -7.964839362241139531e-01 8.866457443410321275e+02
-2.216574253517535162e-04 -9.018876315296249068e-04 1.000000000000000000e+00
DSC_8438.JPG_max_x: 1228.21
DSC_8438.JPG_min_x: 6.59515
DSC_8438.JPG_max_y: 1346.91
DSC_8438.JPG_min_y: 646.963
DSC_8476.JPG_max_x: 1057.81
DSC_8476.JPG_min_x: 126.423
DSC_8476.JPG_max_y: 1338.35
DSC_8476.JPG_min_y: 774.445
