1.949849805648000700e-01 -1.209129335722455734e+00 9.077256553996810453e+02
-4.671724385300167134e-03 -1.833849610620880366e+00 1.423584963951763484e+03
4.267500915051521208e-05 -1.303535463934484993e-03 1.000000000000000000e+00
DSC_8211.JPG_max_x: 1309.1
DSC_8211.JPG_min_x: 91.8923
DSC_8211.JPG_max_y: 1059.36
DSC_8211.JPG_min_y: 382.443
DSC_8242.JPG_max_x: 1263.21
DSC_8242.JPG_min_x: 340.17
DSC_8242.JPG_max_y: 1621.09
DSC_8242.JPG_min_y: 1317.71
