8.162230406204130650e-01 9.978418419530239725e-02 -3.866186047551119032e+02
2.263947796672763357e-02 9.183045611313396250e-01 -1.363490602446414641e+02
6.615929845337768149e-05 1.429469330434159904e-04 9.999999999999998890e-01
DSC_8240.JPG_max_x: 1317.52
DSC_8240.JPG_min_x: 359.443
DSC_8240.JPG_max_y: 1475.78
DSC_8240.JPG_min_y: 898.812
DSC_8322.JPG_max_x: 641.155
DSC_8322.JPG_min_x: 18.9966
DSC_8322.JPG_max_y: 980.916
DSC_8322.JPG_min_y: 597.064
