1.225349970697177104e+00 -6.229163795384672075e-02 -4.178662339568176662e+02
-4.448178282702521663e-02 1.084188156100136968e+00 3.929273952148241165e+02
-3.064531203399038420e-05 -4.376253046346307793e-05 1.000000000000000000e+00
DSC_8215.JPG_max_x: 1290.96
DSC_8215.JPG_min_x: 784.083
DSC_8215.JPG_max_y: 1095.56
DSC_8215.JPG_min_y: 327.389
DSC_8345.JPG_max_x: 1214.53
DSC_8345.JPG_min_x: 548.14
DSC_8345.JPG_max_y: 1674.61
DSC_8345.JPG_min_y: 744.195
