1.223959188218351812e+00 -1.064338367943374664e+00 8.843042547022188273e+02
-1.884735006861795459e-01 -9.855104152757012681e-01 1.112741162432682131e+03
1.086148750427076053e-03 -1.123652479402217951e-03 1.000000000000000000e+00
DSC_8314.JPG_max_x: 481.518
DSC_8314.JPG_min_x: 124.85
DSC_8314.JPG_max_y: 1778.78
DSC_8314.JPG_min_y: 776.327
DSC_8347.JPG_max_x: 1219.97
DSC_8347.JPG_min_x: 485.59
DSC_8347.JPG_max_y: 1618.75
DSC_8347.JPG_min_y: 206.64
