-1.174895175292657752e-02 7.499687725623634116e-02 -1.810359711019470463e+00
-3.098882904975319152e-01 1.677353586366377436e-01 3.383744038140598605e+02
-7.694459264806782035e-04 7.157766807225155457e-05 1.000000000000000000e+00
DSC_8415.JPG_max_x: 1318.57
DSC_8415.JPG_min_x: 1095.58
DSC_8415.JPG_max_y: 1372.39
DSC_8415.JPG_min_y: 287.483
DSC_8429.JPG_max_x: 1010.25
DSC_8429.JPG_min_x: 2.4934
DSC_8429.JPG_max_y: 1244.7
DSC_8429.JPG_min_y: 210.317
