3.764867208622298955e-01 1.812445754356620808e-01 -6.062830017693721629e+02
-6.360722135315319825e-01 1.012349071943015183e-01 1.119710085178250210e+03
-2.847408454616710653e-04 -2.110065032758829285e-04 9.999999999999998890e-01
DSC_8225.JPG_max_x: 1308.64
DSC_8225.JPG_min_x: 952.356
DSC_8225.JPG_max_y: 1467.88
DSC_8225.JPG_min_y: 815.381
DSC_8227.JPG_max_x: 110.282
DSC_8227.JPG_min_x: 15.2264
DSC_8227.JPG_max_y: 1549.75
DSC_8227.JPG_min_y: 816.466
