2.339442085147924733e+00 3.479676239716392727e-01 -1.785674401003549974e+03
1.109405007697384260e+00 1.822514718826705460e+00 -8.257205885463653203e+02
1.098460757911194413e-03 -1.127002493982527702e-04 1.000000000000000000e+00
DSC_8270.JPG_max_x: 1284.92
DSC_8270.JPG_min_x: 635.122
DSC_8270.JPG_max_y: 1874.13
DSC_8270.JPG_min_y: 1153.99
DSC_8272.JPG_max_x: 808.007
DSC_8272.JPG_min_x: 133.534
DSC_8272.JPG_max_y: 1944.3
DSC_8272.JPG_min_y: 1227.69
