-2.779173899637376044e-01 -7.958760866226236019e-02 3.128497815346708535e+02
-5.635134741821725690e-01 -3.285529055610493243e-01 8.245791132356825983e+02
-8.718661752189519817e-04 -2.994661897570201239e-04 1.000000000000000000e+00
DSC_8318.JPG_max_x: 1261.27
DSC_8318.JPG_min_x: 454.449
DSC_8318.JPG_max_y: 1753.35
DSC_8318.JPG_min_y: 573.627
DSC_8471.JPG_max_x: 689.589
DSC_8471.JPG_min_x: 47.6168
DSC_8471.JPG_max_y: 1245.41
DSC_8471.JPG_min_y: 68.1824
