2.191476881681356514e-01 -2.208453574437928335e+00 8.318396016284676762e+02
-4.435633009610255584e-02 -1.014319607292510694e+00 6.114420911192672747e+02
-1.929018400868778719e-04 -1.908532648181815840e-03 9.999999999999998890e-01
DSC_8295.JPG_max_x: 705.001
DSC_8295.JPG_min_x: 30.7306
DSC_8295.JPG_max_y: 317.015
DSC_8295.JPG_min_y: 55.6771
DSC_8445.JPG_max_x: 1182.32
DSC_8445.JPG_min_x: 475.916
DSC_8445.JPG_max_y: 863.473
DSC_8445.JPG_min_y: 650.596
