9.589477382662859872e-01 1.464366268164150366e-02 -3.512516800885388761e+02
-6.002955795326981453e-02 5.256275206835686609e-01 1.225987646138845321e+03
-9.751023786240833486e-06 -2.065742955850000844e-04 9.999999999999998890e-01
DSC_8197.JPG_max_x: 1324.57
DSC_8197.JPG_min_x: 393.764
DSC_8197.JPG_max_y: 746.753
DSC_8197.JPG_min_y: 50.3423
DSC_8216.JPG_max_x: 1061.87
DSC_8216.JPG_min_x: 39.5146
DSC_8216.JPG_max_y: 1871.17
DSC_8216.JPG_min_y: 1246.21
