-2.651330548962322897e-01 2.116791877621602286e-02 9.010852756154150711e+02
-6.219720713688006164e-01 2.604023337692406570e-01 9.355485376539446634e+02
-5.409646373760314091e-04 1.445648971150456656e-05 1.000000000000000000e+00
DSC_8290.JPG_max_x: 791.093
DSC_8290.JPG_min_x: 22.2439
DSC_8290.JPG_max_y: 1160.21
DSC_8290.JPG_min_y: 260.948
DSC_8416.JPG_max_x: 1221.0
DSC_8416.JPG_min_x: 908.174
DSC_8416.JPG_max_y: 1248.74
DSC_8416.JPG_min_y: 975.177
