1.554092184260045917e+00 3.413307618708051328e-01 -1.569058377313528354e+03
1.901831826038609952e-01 2.144578946035518019e+00 -5.252574507026678248e+02
3.575583111055934430e-04 4.153788058486480037e-04 9.999999999999998890e-01
DSC_8220.JPG_max_x: 1304.29
DSC_8220.JPG_min_x: 767.07
DSC_8220.JPG_max_y: 1505.39
DSC_8220.JPG_min_y: 908.377
DSC_8352.JPG_max_x: 441.029
DSC_8352.JPG_min_x: 33.9285
DSC_8352.JPG_max_y: 1500.64
DSC_8352.JPG_min_y: 930.829
