-1.270514227212407476e+00 -4.672984703228352243e-01 9.843119943449333960e+02
-5.020470604900049150e-01 -5.847975384422600120e-01 2.986234104953458086e+02
-1.962979117971425710e-03 -5.276686275278306059e-04 1.000000000000000000e+00
DSC_8203.JPG_max_x: 1216.15
DSC_8203.JPG_min_x: 426.819
DSC_8203.JPG_max_y: 1204.44
DSC_8203.JPG_min_y: 74.9327
DSC_8339.JPG_max_x: 462.317
DSC_8339.JPG_min_x: 92.4112
DSC_8339.JPG_max_y: 1270.57
DSC_8339.JPG_min_y: 214.511
