4.028626367968074717e+00 8.076438963314340747e-01 -4.106061904807900646e+03
-3.860660383213556646e-01 5.320786697488397721e+00 -5.213246074842046255e+03
-4.572013239831742345e-04 1.238871295165934992e-03 1.000000000000000000e+00
DSC_8196.JPG_max_x: 1292.43
DSC_8196.JPG_min_x: 924.484
DSC_8196.JPG_max_y: 1521.73
DSC_8196.JPG_min_y: 1095.88
DSC_8405.JPG_max_x: 1106.39
DSC_8405.JPG_min_x: 294.438
DSC_8405.JPG_max_y: 1029.41
DSC_8405.JPG_min_y: 100.395
