-5.666406953549846248e-01 -1.219566455025558327e-01 5.405557771271443244e+02
-6.339365004164098094e-01 2.066849209032594892e-01 1.259987472293587842e+02
-1.288751024578084232e-03 -2.022617959571559464e-04 1.000000000000000000e+00
DSC_8306.JPG_max_x: 1041.94
DSC_8306.JPG_min_x: 15.432
DSC_8306.JPG_max_y: 1332.18
DSC_8306.JPG_min_y: 942.029
DSC_8453.JPG_max_x: 792.083
DSC_8453.JPG_min_x: 392.76
DSC_8453.JPG_max_y: 731.447
DSC_8453.JPG_min_y: 218.396
