1.607036315538588889e-02 -2.074959374251697242e-01 9.209418392629206664e+02
-1.482595543338981192e-01 4.464838966314809143e-01 -4.088231809964274817e+02
-3.217986533393153584e-04 -6.905624153761188966e-05 1.000000000000000000e+00
DSC_8404.JPG_max_x: 1119.48
DSC_8404.JPG_min_x: 271.764
DSC_8404.JPG_max_y: 1865.37
DSC_8404.JPG_min_y: 1436.86
DSC_8439.JPG_max_x: 1099.94
DSC_8439.JPG_min_x: 719.517
DSC_8439.JPG_max_y: 501.055
DSC_8439.JPG_min_y: 149.323
