9.966873723621872960e-01 -3.120559406385545534e-02 -4.553242130385747544e+01
6.598963202702351483e-02 8.706942491914380078e-01 1.304503913116030844e+02
2.539194571505840091e-04 -3.089705527028581764e-05 1.000000000000000000e+00
DSC_8353.JPG_max_x: 1319.05
DSC_8353.JPG_min_x: 155.472
DSC_8353.JPG_max_y: 1332.05
DSC_8353.JPG_min_y: 80.7926
DSC_8397.JPG_max_x: 1021.08
DSC_8397.JPG_min_x: 115.851
DSC_8397.JPG_max_y: 1125.6
DSC_8397.JPG_min_y: 208.82
