-1.790540849086141195e+00 4.990594167490856048e-01 1.738174475010344850e+03
-2.866848414638401898e+00 1.186810495350214545e+00 2.265751767729832409e+03
-2.088238615044890525e-03 1.496999856312444723e-03 1.000000000000000000e+00
DSC_8218.JPG_max_x: 1302.22
DSC_8218.JPG_min_x: 2.1145
DSC_8218.JPG_max_y: 1503.56
DSC_8218.JPG_min_y: 791.663
DSC_8304.JPG_max_x: 1039.82
DSC_8304.JPG_min_x: 27.7159
DSC_8304.JPG_max_y: 1445.11
DSC_8304.JPG_min_y: 537.809
