1.885353809969408934e-01 -3.331174487073371715e-01 8.667374429502625617e+02
-3.759302605193925312e-02 2.863439197810968007e-01 3.992637005167935627e+02
-2.098363758670229457e-04 -1.161190599973183698e-04 1.000000000000000000e+00
DSC_8229.JPG_max_x: 986.158
DSC_8229.JPG_min_x: 134.304
DSC_8229.JPG_max_y: 621.556
DSC_8229.JPG_min_y: 209.176
DSC_8475.JPG_max_x: 1285.65
DSC_8475.JPG_min_x: 843.77
DSC_8475.JPG_max_y: 709.059
DSC_8475.JPG_min_y: 487.899
