7.595553383863542507e-01 1.200625241688959566e-01 1.349432345581647326e+02
-1.034817765725443844e-01 8.402136708938456877e-01 9.946934700191595766e+02
-7.604429727617862777e-05 -4.521436563757639328e-05 1.000000000000000000e+00
DSC_8427.JPG_max_x: 918.995
DSC_8427.JPG_min_x: 15.3641
DSC_8427.JPG_max_y: 880.908
DSC_8427.JPG_min_y: 487.157
DSC_8442.JPG_max_x: 1050.94
DSC_8442.JPG_min_x: 212.483
DSC_8442.JPG_max_y: 1828.84
DSC_8442.JPG_min_y: 1436.83
