1.322804667749684748e+00 1.223194594094246801e+00 -7.848048303419495824e+02
-3.570237028268435919e-01 1.749296188162348997e+00 -1.486421642780274624e+03
-6.510121288882486732e-04 6.062574001656798007e-04 1.000000000000000000e+00
DSC_8202.JPG_max_x: 745.534
DSC_8202.JPG_min_x: 51.0365
DSC_8202.JPG_max_y: 1513.81
DSC_8202.JPG_min_y: 974.746
DSC_8353.JPG_max_x: 1329.88
DSC_8353.JPG_min_x: 341.59
DSC_8353.JPG_max_y: 596.066
DSC_8353.JPG_min_y: 98.586
