4.094828395033950907e-01 -6.435249624888385034e-01 7.790933885947937370e+02
-9.128282701478968031e-02 -1.951477953481376825e-03 1.122950212345384443e+03
-1.633051360605314761e-04 -4.122565650407395712e-04 9.999999999999998890e-01
DSC_8261.JPG_max_x: 786.969
DSC_8261.JPG_min_x: 7.48144
DSC_8261.JPG_max_y: 469.643
DSC_8261.JPG_min_y: 197.533
DSC_8474.JPG_max_x: 1248.64
DSC_8474.JPG_min_x: 648.234
DSC_8474.JPG_max_y: 1521.87
DSC_8474.JPG_min_y: 1240.2
