-7.185107311420632081e-01 -4.050426793220452404e-01 9.886519959836085718e+02
-1.015625207104922323e+00 -1.176849694480540442e+00 1.230311136804734815e+03
-1.469749932222276598e-03 -8.722466023839763559e-05 1.000000000000000000e+00
DSC_8297.JPG_max_x: 1323.75
DSC_8297.JPG_min_x: 129.107
DSC_8297.JPG_max_y: 1595.16
DSC_8297.JPG_min_y: 605.459
DSC_8459.JPG_max_x: 816.816
DSC_8459.JPG_min_x: 165.736
DSC_8459.JPG_max_y: 1930.27
DSC_8459.JPG_min_y: 477.071
