8.156442108655871381e-01 -1.886365457453407016e-02 4.943549897154863970e+02
-8.440841443558477764e-02 1.753392585487524080e+00 -1.268469836286144073e+03
-4.388419538092127995e-04 3.133229736384883480e-04 1.000000000000000000e+00
DSC_8262.JPG_max_x: 1012.45
DSC_8262.JPG_min_x: 520.814
DSC_8262.JPG_max_y: 1798.27
DSC_8262.JPG_min_y: 828.787
DSC_8441.JPG_max_x: 1257.68
DSC_8441.JPG_min_x: 714.679
DSC_8441.JPG_max_y: 1601.88
DSC_8441.JPG_min_y: 120.744
