-2.305881632028015382e-01 -2.066582100161321600e-01 5.220916275584506820e+02
1.549576600054515807e-01 -9.901578517973492755e-01 1.152240472883755729e+03
-2.567741445235672995e-04 -6.317876711796262821e-04 1.000000000000000000e+00
DSC_8432.JPG_max_x: 1167.17
DSC_8432.JPG_min_x: 319.399
DSC_8432.JPG_max_y: 1709.76
DSC_8432.JPG_min_y: 1055.59
DSC_8467.JPG_max_x: 1121.28
DSC_8467.JPG_min_x: 5.79559
DSC_8467.JPG_max_y: 1361.55
DSC_8467.JPG_min_y: 300.574
