-8.679817688528198572e-01 -4.592936011409172736e-01 1.321630164561792071e+03
-7.719085044395376793e-02 -9.350876538215038281e-01 9.727994587421837878e+02
-7.415312713270029920e-04 -6.236187437002604916e-04 9.999999999999998890e-01
DSC_8198.JPG_max_x: 1310.97
DSC_8198.JPG_min_x: 769.294
DSC_8198.JPG_max_y: 1852.64
DSC_8198.JPG_min_y: 983.499
DSC_8399.JPG_max_x: 497.718
DSC_8399.JPG_min_x: 285.762
DSC_8399.JPG_max_y: 1134.61
DSC_8399.JPG_min_y: 88.7309
