5.090524642953384582e-01 -6.928998879801844257e-01 1.005391504481916741e+03
-1.286388992067194759e-01 6.111509051920102076e-01 1.001140542755955266e+03
-2.374871787464346304e-04 -9.972898357843678740e-05 1.000000000000000000e+00
DSC_8341.JPG_max_x: 833.702
DSC_8341.JPG_min_x: 14.4298
DSC_8341.JPG_max_y: 912.917
DSC_8341.JPG_min_y: 539.022
DSC_8394.JPG_max_x: 1186.27
DSC_8394.JPG_min_x: 572.93
DSC_8394.JPG_max_y: 1950.05
DSC_8394.JPG_min_y: 1472.37
