1.096389338198304753e+00 -1.312246829268044701e+00 7.418331376115509102e+02
1.799311811680753603e+00 -1.999974511460718141e+00 1.110793221884962122e+03
1.938432860391804593e-03 -1.919520558836797230e-03 1.000000000000000000e+00
DSC_8208.JPG_max_x: 938.878
DSC_8208.JPG_min_x: 15.5189
DSC_8208.JPG_max_y: 1686.18
DSC_8208.JPG_min_y: 816.895
DSC_8444.JPG_max_x: 1049.96
DSC_8444.JPG_min_x: 351.861
DSC_8444.JPG_max_y: 1329.1
DSC_8444.JPG_min_y: 841.771
