-1.619211817809599108e+00 -3.059606246721894851e-01 9.050252366838457192e+02
-8.630965699500916521e-01 -2.649829323088647159e-01 5.677583502189813771e+02
-1.629368491820779377e-03 -4.085748498095284468e-04 1.000000000000000000e+00
DSC_8337.JPG_max_x: 826.617
DSC_8337.JPG_min_x: 86.7193
DSC_8337.JPG_max_y: 955.139
DSC_8337.JPG_min_y: 267.272
DSC_8399.JPG_max_x: 1327.97
DSC_8399.JPG_min_x: 934.551
DSC_8399.JPG_max_y: 616.585
DSC_8399.JPG_min_y: 409.393
