2.993927242161324997e-01 -8.194742646940360586e-01 1.809986951298329132e+03
-6.675036066859333372e-01 1.190532524105595957e+00 2.219337782310996658e+02
-6.552241853862667085e-04 3.399234251671989782e-04 1.000000000000000000e+00
DSC_8226.JPG_max_x: 1062.0
DSC_8226.JPG_min_x: 459.505
DSC_8226.JPG_max_y: 1722.54
DSC_8226.JPG_min_y: 1327.2
DSC_8354.JPG_max_x: 1169.02
DSC_8354.JPG_min_x: 472.091
DSC_8354.JPG_max_y: 1754.25
DSC_8354.JPG_min_y: 1346.5
