4.495611279355363199e-01 -7.592084707946236133e-01 2.642473036822119070e+02
3.042758262661015567e-01 -1.494801042404004354e+00 1.318496593827565448e+03
2.121138731475730903e-04 -1.194276103822371248e-03 9.999999999999998890e-01
DSC_8423.JPG_max_x: 1297.02
DSC_8423.JPG_min_x: 39.207
DSC_8423.JPG_max_y: 1365.01
DSC_8423.JPG_min_y: 127.99
DSC_8458.JPG_max_x: 868.946
DSC_8458.JPG_min_x: 68.6907
DSC_8458.JPG_max_y: 1675.83
DSC_8458.JPG_min_y: 1081.49
