4.499974253163372961e-01 -1.898292016765152634e-01 5.435995043505016611e+02
-1.636605897336815552e-01 7.143694251738851031e-02 1.311492313291737901e+03
-1.107877045301093231e-04 -2.945070457907310747e-04 1.000000000000000000e+00
DSC_8411.JPG_max_x: 1058.63
DSC_8411.JPG_min_x: 325.877
DSC_8411.JPG_max_y: 896.344
DSC_8411.JPG_min_y: 478.664
DSC_8442.JPG_max_x: 1273.99
DSC_8442.JPG_min_x: 731.921
DSC_8442.JPG_max_y: 1907.06
DSC_8442.JPG_min_y: 1581.54
