-5.652266428810912569e-01 -2.097710772783149547e-01 6.388692206546957095e+02
-3.999336359872001645e-01 -4.885918628077642323e-01 3.665526904114163926e+02
-1.354710846558915271e-03 -1.475219002314405935e-04 1.000000000000000000e+00
DSC_8379.JPG_max_x: 1300.31
DSC_8379.JPG_min_x: 528.794
DSC_8379.JPG_max_y: 941.325
DSC_8379.JPG_min_y: 83.9456
DSC_8397.JPG_max_x: 1183.43
DSC_8397.JPG_min_x: 10.4393
DSC_8397.JPG_max_y: 1039.47
DSC_8397.JPG_min_y: 340.101
