1.364070828356579446e+00 1.708849928586706923e+00 5.382325612362562879e+02
-8.501381328159340889e-01 5.003113859288878196e+00 -5.654378975761837864e+03
-2.240900977252545910e-03 2.052080738531843283e-03 1.000000000000000000e+00
DSC_8458.JPG_max_x: 614.932
DSC_8458.JPG_min_x: 35.9075
DSC_8458.JPG_max_y: 1816.78
DSC_8458.JPG_min_y: 1140.6
DSC_8477.JPG_max_x: 1326.79
DSC_8477.JPG_min_x: 779.298
DSC_8477.JPG_max_y: 865.37
DSC_8477.JPG_min_y: 8.02349
