-5.218621099612824565e+01 -1.953894703044781878e+01 3.901021278135134344e+04
2.209893662440074735e-01 -5.624320242263421932e+01 7.085502618383726804e+04
-1.982769102593151100e-03 -3.319320489072434543e-02 1.000000000000000000e+00
DSC_8368.JPG_max_x: 1197.16
DSC_8368.JPG_min_x: 158.75
DSC_8368.JPG_max_y: 1972.25
DSC_8368.JPG_min_y: 1484.67
DSC_8395.JPG_max_x: 986.058
DSC_8395.JPG_min_x: 9.05669
DSC_8395.JPG_max_y: 616.055
DSC_8395.JPG_min_y: 257.41
