2.130689388069717805e-01 -3.923836773914288895e-02 1.204679604832521136e+03
-2.380411475229288198e-01 6.031589573039307650e-01 3.055354552471642933e+02
-2.741183252532415019e-04 4.033262084551127164e-06 1.000000000000000000e+00
DSC_8330.JPG_max_x: 295.918
DSC_8330.JPG_min_x: 34.6759
DSC_8330.JPG_max_y: 1884.18
DSC_8330.JPG_min_y: 779.196
DSC_8262.JPG_max_x: 1324.58
DSC_8262.JPG_min_x: 1174.11
DSC_8262.JPG_max_y: 1476.99
DSC_8262.JPG_min_y: 771.347
