3.224780801659524188e-01 -2.836196765543807716e-02 1.055400843318315992e+03
-3.683267398628761735e-01 7.623734751379024344e-01 3.784785316309205996e+02
-3.793551877641896156e-04 1.180507071903177394e-05 1.000000000000000000e+00
DSC_8310.JPG_max_x: 390.306
DSC_8310.JPG_min_x: 17.0567
DSC_8310.JPG_max_y: 1550.65
DSC_8310.JPG_min_y: 468.79
DSC_8454.JPG_max_x: 1315.97
DSC_8454.JPG_min_x: 1015.92
DSC_8454.JPG_max_y: 1607.51
DSC_8454.JPG_min_y: 713.094
