8.587742773350386383e-01 1.970325233511088514e-01 2.201023205627848540e+02
1.898198036478458695e-01 8.573566528219201954e-01 1.443173186906333854e+02
1.432597773224512981e-04 -1.873798402193174212e-06 1.000000000000000000e+00
DSC_8338.JPG_max_x: 1073.32
DSC_8338.JPG_min_x: 18.8985
DSC_8338.JPG_max_y: 1614.2
DSC_8338.JPG_min_y: 820.294
DSC_8444.JPG_max_x: 1266.01
DSC_8444.JPG_min_x: 351.861
DSC_8444.JPG_max_y: 1516.01
DSC_8444.JPG_min_y: 841.771
