3.796302999512774168e+00 1.117710617834099196e+00 -2.402812731794576393e+03
2.009876406737380883e-01 4.410465416314249154e+00 -5.656817498197417081e+03
7.198708914527071482e-05 1.523462984043955862e-03 1.000000000000000000e+00
DSC_8376.JPG_max_x: 922.861
DSC_8376.JPG_min_x: 226.348
DSC_8376.JPG_max_y: 1928.25
DSC_8376.JPG_min_y: 1267.03
DSC_8377.JPG_max_x: 829.982
DSC_8377.JPG_min_x: 42.8343
DSC_8377.JPG_max_y: 741.639
DSC_8377.JPG_min_y: 21.3209
