6.795270914144968533e-01 2.953433695297656980e-01 2.513804786175560650e+02
-6.233665919632150332e-02 1.070808742449666173e+00 -3.200043069153942810e+01
-9.420128244365153056e-05 2.597223974760396489e-04 9.999999999999998890e-01
DSC_8242.JPG_max_x: 1302.9
DSC_8242.JPG_min_x: 158.711
DSC_8242.JPG_max_y: 1891.29
DSC_8242.JPG_min_y: 552.714
DSC_8274.JPG_max_x: 1264.81
DSC_8274.JPG_min_x: 555.288
DSC_8274.JPG_max_y: 1353.2
DSC_8274.JPG_min_y: 477.461
