8.199808806559319985e-01 1.690140617810040602e-01 1.980506661905988608e+01
-7.769739754051746550e-02 1.044474840199414167e+00 -3.949741065045633803e+01
-7.326952686199266537e-05 1.483004881708700740e-04 9.999999999999998890e-01
DSC_8258.JPG_max_x: 1320.53
DSC_8258.JPG_min_x: 11.0801
DSC_8258.JPG_max_y: 1894.86
DSC_8258.JPG_min_y: 676.163
DSC_8274.JPG_max_x: 1208.07
DSC_8274.JPG_min_x: 144.427
DSC_8274.JPG_max_y: 1520.32
DSC_8274.JPG_min_y: 601.74
