1.111161782998302483e+00 1.198770775812863093e-01 3.090499913335973474e+02
1.212453124410206862e-01 1.162868774431568886e+00 -1.990585911383668360e+02
8.793635317758268541e-05 8.118206197706099854e-05 9.999999999999998890e-01
DSC_8360.JPG_max_x: 983.639
DSC_8360.JPG_min_x: 143.31
DSC_8360.JPG_max_y: 1974.31
DSC_8360.JPG_min_y: 719.514
DSC_8374.JPG_max_x: 1278.7
DSC_8374.JPG_min_x: 597.589
DSC_8374.JPG_max_y: 1795.55
DSC_8374.JPG_min_y: 632.371
