1.557543281710369154e+00 -2.042094914480238332e-01 7.091196291351352556e+02
7.679167111923573819e-01 1.687315144418403356e+00 -2.277155259387490332e+03
6.768778638451869152e-05 1.957383601974623129e-04 1.000000000000000000e+00
DSC_8346.JPG_max_x: 922.37
DSC_8346.JPG_min_x: 550.455
DSC_8346.JPG_max_y: 1922.66
DSC_8346.JPG_min_y: 1326.47
DSC_8423.JPG_max_x: 1259.2
DSC_8423.JPG_min_x: 886.318
DSC_8423.JPG_max_y: 1164.4
DSC_8423.JPG_min_y: 289.895
