1.914058752895077653e+00 -3.321387838462399600e+00 1.000668609160673782e+03
1.204558703071644921e+00 -4.068052456609486889e+00 1.987536227448745421e+03
2.597022799546792968e-03 -3.061715196703366712e-03 1.000000000000000000e+00
DSC_8337.JPG_max_x: 1162.66
DSC_8337.JPG_min_x: 13.6209
DSC_8337.JPG_max_y: 961.489
DSC_8337.JPG_min_y: 528.356
DSC_8449.JPG_max_x: 1319.94
DSC_8449.JPG_min_x: 35.5811
DSC_8449.JPG_max_y: 1140.57
DSC_8449.JPG_min_y: 280.622
