1.309721887201778845e+00 3.132419888999620622e-02 -8.175590861340097035e+02
5.943993115955089473e-02 1.160115455418629704e+00 -7.619837001239119445e+01
3.636896924028669827e-05 -2.326039522550731772e-05 1.000000000000000000e+00
DSC_8296.JPG_max_x: 1303.66
DSC_8296.JPG_min_x: 762.503
DSC_8296.JPG_max_y: 1709.8
DSC_8296.JPG_min_y: 391.484
DSC_8312.JPG_max_x: 952.289
DSC_8312.JPG_min_x: 205.992
DSC_8312.JPG_max_y: 1964.05
DSC_8312.JPG_min_y: 435.805
