-8.857517410357192977e-01 -4.214436549016269129e-02 1.026999956145431952e+03
-1.928327620341865778e+00 7.153166427721296960e-01 4.189412110012666517e+02
-1.395788613455424283e-03 -5.648332065334437264e-05 1.000000000000000000e+00
DSC_8440.JPG_max_x: 1133.28
DSC_8440.JPG_min_x: 3.28402
DSC_8440.JPG_max_y: 1735.19
DSC_8440.JPG_min_y: 678.386
DSC_8442.JPG_max_x: 1160.68
DSC_8442.JPG_min_x: 38.231
DSC_8442.JPG_max_y: 1924.85
DSC_8442.JPG_min_y: 821.007
