1.969975739568616291e+01 -1.022243439990507063e+01 2.956495967573472967e+02
4.159715513367627437e+01 -2.158517600247763468e+01 5.722591348996548959e+02
3.403501597900107645e-02 -1.817923424731075072e-02 1.000000000000000000e+00
DSC_8288.JPG_max_x: 1126.29
DSC_8288.JPG_min_x: 223.901
DSC_8288.JPG_max_y: 1898.72
DSC_8288.JPG_min_y: 304.793
DSC_8378.JPG_max_x: 862.518
DSC_8378.JPG_min_x: 481.565
DSC_8378.JPG_max_y: 1331.29
DSC_8378.JPG_min_y: 1085.72
