-3.550217587047865386e+00 -1.177252461847817733e+00 4.022897795347865667e+03
-4.153973314781088111e-01 -2.547311918446363066e+00 3.092397556090038051e+03
-2.007568851510755075e-03 -6.167312809786022840e-04 1.000000000000000000e+00
DSC_8396.JPG_max_x: 1245.3
DSC_8396.JPG_min_x: 826.365
DSC_8396.JPG_max_y: 1661.53
DSC_8396.JPG_min_y: 1088.8
DSC_8445.JPG_max_x: 838.928
DSC_8445.JPG_min_x: 279.328
DSC_8445.JPG_max_y: 863.473
DSC_8445.JPG_min_y: 49.992
