-4.043927344161316606e-01 -8.167465866120416917e-01 6.182707697337108357e+02
-1.835961211737691112e+00 -1.721170691886131365e+00 1.721449673882853403e+03
-4.003141006618271026e-03 6.854725907353824985e-04 1.000000000000000000e+00
DSC_8475.JPG_max_x: 1294.75
DSC_8475.JPG_min_x: 232.501
DSC_8475.JPG_max_y: 913.584
DSC_8475.JPG_min_y: 463.777
DSC_8477.JPG_max_x: 1231.48
DSC_8477.JPG_min_x: 14.1203
DSC_8477.JPG_max_y: 1167.66
DSC_8477.JPG_min_y: 23.992
