-3.502132324834602017e-01 -6.000717034588468612e-01 6.539801489512697117e+02
-2.618580142007873590e-01 -9.163527826017496825e-01 9.803975212717004979e+02
-4.213636919998724000e-04 -9.243251805467549934e-04 9.999999999999998890e-01
DSC_8248.JPG_max_x: 892.682
DSC_8248.JPG_min_x: 43.079
DSC_8248.JPG_max_y: 1322.34
DSC_8248.JPG_min_y: 1007.15
DSC_8405.JPG_max_x: 1197.16
DSC_8405.JPG_min_x: 529.532
DSC_8405.JPG_max_y: 1020.71
DSC_8405.JPG_min_y: 253.941
