3.108961823744681663e+00 1.638739480469035836e+00 -4.827086663679458070e+03
-6.957168966910126651e-01 3.466488969998781755e+00 -2.047794891577742419e+03
8.093242986385598909e-04 6.285811208151516295e-04 9.999999999999998890e-01
DSC_8254.JPG_max_x: 1291.81
DSC_8254.JPG_min_x: 660.983
DSC_8254.JPG_max_y: 1938.29
DSC_8254.JPG_min_y: 903.252
DSC_8257.JPG_max_x: 680.466
DSC_8257.JPG_min_x: 18.5744
DSC_8257.JPG_max_y: 1334.37
DSC_8257.JPG_min_y: 35.8633
