-8.615893971109461758e-01 -5.996441185492956683e-01 1.082501437989058786e+03
-1.417807950472896872e+00 -3.932032579397470862e-01 1.423829823960558770e+03
-9.671769408522244010e-04 -4.389388760017627102e-04 1.000000000000000000e+00
DSC_8343.JPG_max_x: 1130.93
DSC_8343.JPG_min_x: 20.4906
DSC_8343.JPG_max_y: 1109.06
DSC_8343.JPG_min_y: 463.937
DSC_8426.JPG_max_x: 1030.08
DSC_8426.JPG_min_x: 576.942
DSC_8426.JPG_max_y: 1969.11
DSC_8426.JPG_min_y: 1214.26
